0 0.491006 0.335606 0.0841242 0.435008
0 0.107554 0.347568 0.108332 0.427323
0 0.652344 0.304471 0.0681549 0.360121
0 0.278111 0.380568 0.117072 0.52683
0 0.758158 0.286021 0.0587011 0.301668
0 0.897856 0.250862 0.0499741 0.241502
0 0.189058 0.295572 0.075593 0.328696
0 0.0208389 0.319493 0.0415256 0.349773
0 0.36737 0.269355 0.0617781 0.280491
0 0.701591 0.247101 0.0531471 0.259394
0 0.836564 0.258983 0.0592865 0.274873
0 0.313471 0.309252 0.0734353 0.357625
0 0.960917 0.237901 0.0468618 0.214172
0 0.441803 0.278008 0.0522449 0.331183
0 0.59783 0.267364 0.0538263 0.277826
0 0.022988 0.445803 0.0457431 0.623515
