0 0.0821849 0.562274 0.162858 0.601971
0 0.278327 0.55954 0.112756 0.526615
0 0.190154 0.562501 0.1004 0.552654
0 0.524325 0.557853 0.110678 0.593683
0 0.374189 0.549203 0.146165 0.600228
0 0.813529 0.623839 0.0732273 0.310398
0 0.653578 0.585907 0.123661 0.510998
0 0.736453 0.633548 0.0652029 0.299839
0 0.930128 0.639813 0.0470722 0.184591
0 0.45704 0.547527 0.0841435 0.517636
0 0.890452 0.642027 0.0383166 0.181971
0 0.665497 0.544998 0.100298 0.436775
0 0.595895 0.564336 0.0673798 0.397911
0 0.851031 0.643591 0.0458103 0.216812
