0 0.0792023 0.497371 0.154133 0.784206 0.842281
0 0.614041 0.552567 0.160407 0.721686 0.833215
0 0.512993 0.503056 0.135432 0.823943 0.80877
0 0.798522 0.540127 0.117133 0.736536 0.79186
0 0.329857 0.52402 0.152839 0.769718 0.77052
0 0.752687 0.68383 0.0604387 0.371208 0.740592
0 0.97174 0.705012 0.0472317 0.285021 0.698501
0 0.706248 0.690872 0.0554247 0.356023 0.666915
0 0.922096 0.667833 0.0626125 0.361437 0.661097
0 0.420302 0.667879 0.0745854 0.384457 0.385759
0 0.169486 0.702284 0.120707 0.341379 0.365025
0 0.889244 0.731198 0.0464905 0.234283 0.357043
