0 0.778844 0.590986 0.156706 0.786801 0.859004
0 0.336029 0.544911 0.0766349 0.319848 0.818871
0 0.424601 0.550578 0.130313 0.593905 0.805564
0 0.594477 0.475994 0.0597921 0.293866 0.782336
0 0.232568 0.471024 0.0520601 0.222897 0.702788
0 0.27679 0.500784 0.0478311 0.231271 0.651791
0 0.188121 0.456206 0.0391578 0.172174 0.581647
0 0.120831 0.444122 0.0272221 0.114663 0.428032
0 0.521453 0.457511 0.0492297 0.249054 0.376341
0 0.532435 0.458546 0.0623312 0.25162 0.353393
0 0.551595 0.462805 0.0629604 0.263853 0.320263
