0 0.268308 0.255233 0.299222 0.473332 0.900129
0 0.930874 0.357034 0.103423 0.259783 0.895376
0 0.610052 0.355789 0.101154 0.264743 0.850067
0 0.301072 0.822615 0.0710129 0.336419 0.840139
0 0.750495 0.332332 0.167814 0.306251 0.830211
0 0.366516 0.805263 0.0561483 0.273016 0.816809
0 0.185076 0.80002 0.0571532 0.268817 0.813629
0 0.0277161 0.797345 0.0554322 0.256184 0.734945
0 0.243535 0.8006 0.0536363 0.249263 0.732132
0 0.418903 0.342825 0.0687297 0.294856 0.706715
0 0.421841 0.806117 0.0613454 0.274531 0.705154
0 0.835134 0.362975 0.0750965 0.248196 0.658862
0 0.0823734 0.797974 0.0613765 0.254135 0.655946
0 0.896926 0.845699 0.0411121 0.188811 0.65012
0 0.538533 0.386534 0.0472365 0.190155 0.644829
0 0.0919762 0.454637 0.0498888 0.0699866 0.616154
0 0.632304 0.798017 0.0241289 0.142225 0.590273
0 0.659566 0.803773 0.0275126 0.15135 0.580352
0 0.470063 0.802725 0.0556473 0.269452 0.546713
0 0.703765 0.342934 0.076577 0.288215 0.51359
0 0.960215 0.89325 0.0499588 0.212738 0.499287
0 0.550863 0.776583 0.0255877 0.124866 0.464607
0 0.153103 0.281156 0.0585149 0.154638 0.462486
0 0.807482 0.843794 0.0381088 0.181972 0.443523
0 0.774408 0.833063 0.0328268 0.15845 0.431109
0 0.990268 0.391802 0.0188992 0.197303 0.379369
0 0.700609 0.821166 0.0272066 0.148816 0.376415
0 0.145534 0.758462 0.025354 0.113563 0.36918
0 0.150088 0.345568 0.0650672 0.282995 0.321855
0 0.529162 0.771849 0.0232058 0.119038 0.314661
