0 0.0812249 0.487498 0.0232007 0.0821556 0.467493
0 0.123611 0.871285 0.0377959 0.205136 0.440802
0 0.225654 0.88652 0.0463534 0.21548 0.440651
0 0.871125 0.486696 0.0266621 0.0787388 0.418868
0 0.356724 0.81013 0.0595204 0.188902 0.402853
0 0.0176746 0.739298 0.0349112 0.16324 0.385993
0 0.714141 0.566331 0.0295623 0.116232 0.378069
0 0.25543 0.461695 0.0164313 0.074659 0.365972
0 0.0567184 0.477987 0.0195353 0.090115 0.343845
0 0.41792 0.604253 0.0343164 0.128886 0.336714
0 0.284603 0.878239 0.0716558 0.207761 0.31038
