0 0.186922 0.70629 0.0736217 0.339162
0 0.129491 0.708652 0.0703464 0.345174
0 0.0662005 0.722597 0.0716296 0.321341
0 0.919424 0.716989 0.101293 0.330798
0 0.817883 0.726337 0.120041 0.332724
0 0.260421 0.711247 0.0674598 0.33842
0 0.528871 0.618482 0.0806888 0.129981
0 0.605659 0.727284 0.0807435 0.338109
0 0.319079 0.617775 0.0514212 0.108301
0 0.730182 0.625302 0.0554068 0.126793
0 0.686939 0.735552 0.0660429 0.317328
0 0.72177 0.625032 0.0359667 0.125155
0 0.685529 0.634255 0.0578181 0.111512
0 0.605326 0.624185 0.0787133 0.131107
