0 0.0745166 0.840638 0.148845 0.308752
0 0.797361 0.780272 0.134924 0.426458
0 0.487466 0.808256 0.141161 0.377883
0 0.240262 0.83656 0.173951 0.319856
0 0.601122 0.779606 0.148887 0.431542
0 0.362186 0.801914 0.18145 0.392455
0 0.903241 0.737147 0.148935 0.513506
0 0.152171 0.610462 0.0622317 0.276392
0 0.967538 0.760479 0.0640447 0.465021
0 0.402531 0.586825 0.0739148 0.238913
0 0.702747 0.756716 0.0914623 0.454183
0 0.403505 0.634148 0.0759381 0.33804
0 0.799198 0.513992 0.0537567 0.175912
0 0.616599 0.504306 0.0465929 0.184807
0 0.0445217 0.554001 0.0492869 0.234352
0 0.518329 0.514471 0.0442875 0.217952
0 0.647083 0.782073 0.102894 0.373322
