0 0.102808 0.729307 0.105274 0.530265 0.858207
0 0.619085 0.732474 0.0963131 0.518125 0.853356
0 0.51429 0.760584 0.14378 0.464805 0.814964
0 0.82451 0.680786 0.0828058 0.39106 0.813614
0 0.737596 0.653719 0.107581 0.363007 0.765141
0 0.421502 0.734547 0.0819012 0.512599 0.674191
0 0.942256 0.663149 0.0968939 0.335639 0.673068
0 0.309245 0.764125 0.0818438 0.452003 0.585196
0 0.254037 0.753992 0.0721399 0.450495 0.53461
0 0.737978 0.735858 0.110393 0.528283 0.333058
0 0.365916 0.730071 0.0798587 0.440316 0.332929
