0 0.463849 0.733687 0.151761 0.329466 0.876146
0 0.571089 0.725575 0.0982559 0.320674 0.818178
0 0.209356 0.612122 0.0517802 0.114704 0.769788
0 0.294178 0.617978 0.0480138 0.112101 0.717671
0 0.367421 0.609233 0.0375231 0.0843287 0.681568
0 0.812595 0.679208 0.0828248 0.19762 0.669325
0 0.153605 0.609762 0.0340082 0.0654606 0.611089
0 0.97216 0.707407 0.0556793 0.215289 0.590478
0 0.665809 0.629251 0.0469103 0.121597 0.482589
0 0.403577 0.613212 0.0319746 0.0741726 0.474112
0 0.260478 0.603266 0.0267697 0.0642759 0.413477
0 0.0229815 0.604653 0.0326229 0.0618348 0.341733
0 0.732069 0.627546 0.0514863 0.130025 0.326252
