0 0.387169 0.571128 0.116777 0.593238
0 0.153211 0.571721 0.109886 0.579697
0 0.49213 0.586335 0.123347 0.574963
0 0.595236 0.574557 0.112964 0.583799
0 0.785011 0.584442 0.125738 0.546628
0 0.270114 0.562615 0.130245 0.598051
0 0.692243 0.584533 0.106065 0.557546
0 0.728183 0.307244 0.0953163 0.215223
0 0.828801 0.463657 0.101908 0.505032
0 0.550636 0.316806 0.0794117 0.204604
0 0.647463 0.310631 0.0683887 0.199563
0 0.211413 0.483164 0.0800436 0.556933
0 0.829672 0.377579 0.103528 0.330026
0 0.471538 0.309612 0.0880493 0.201657
0 0.313828 0.308581 0.067729 0.1961
0 0.211176 0.317789 0.0805956 0.223663
