0 0.0415227 0.54979 0.0346446 0.142864
0 0.594282 0.663713 0.0619366 0.25191
0 0.957878 0.558157 0.0382393 0.194115
0 0.196019 0.586009 0.0427018 0.174172
0 0.791033 0.5565 0.0367639 0.173335
0 0.117125 0.550956 0.0313005 0.143399
0 0.33784 0.555102 0.0304999 0.14574
0 0.857157 0.625004 0.0604984 0.21496
0 0.369872 0.553563 0.0315531 0.147016
0 0.451984 0.584189 0.0365658 0.172875
0 0.917608 0.560432 0.0390499 0.18666
0 0.231024 0.55389 0.0304805 0.141894
0 0.15699 0.54677 0.0325216 0.14698
0 0.824644 0.553271 0.0329612 0.150569
0 0.0819921 0.552704 0.0304985 0.137727
0 0.539479 0.55338 0.0368398 0.157608
0 0.268399 0.555275 0.0334 0.141375
0 0.713425 0.554642 0.045735 0.17775
0 0.302796 0.554944 0.0325747 0.140601
0 0.61616 0.549772 0.0386713 0.138207
0 0.408578 0.553575 0.0295758 0.150306
