0 0.327354 0.484706 0.146646 0.68448 0.861028
0 0.678769 0.436898 0.112461 0.655487 0.805389
0 0.116731 0.46181 0.0902451 0.335783 0.748314
0 0.511868 0.360566 0.0754119 0.15413 0.574853
0 0.435148 0.414456 0.0936432 0.262896 0.509938
0 0.435478 0.373009 0.0948292 0.18022 0.476298
0 0.173167 0.488642 0.201666 0.332322 0.442966
0 0.033001 0.266087 0.0456698 0.175223 0.417815
0 0.464119 0.286478 0.0488468 0.144174 0.395024
0 0.247833 0.301986 0.0447372 0.175011 0.388948
0 0.464961 0.264956 0.0490777 0.096957 0.384525
0 0.00691318 0.265645 0.0138264 0.179445 0.376618
0 0.798293 0.352489 0.0846691 0.111645 0.367324
0 0.940486 0.543922 0.119029 0.876699 0.366783
0 0.0250021 0.266574 0.0341193 0.174031 0.339675
0 0.19686 0.440455 0.155334 0.227085 0.311255
0 0.215254 0.307739 0.0562933 0.139452 0.307386
