0 0.471836 0.529076 0.382061 0.875005 0.832868
0 0.742799 0.355425 0.0465774 0.0945287 0.76806
0 0.177843 0.36006 0.0308681 0.0596406 0.754315
0 0.223619 0.359763 0.0307432 0.0685623 0.738984
0 0.0361556 0.416276 0.068281 0.266669 0.709599
0 0.124592 0.361926 0.0271659 0.0588563 0.663287
0 0.787951 0.357534 0.0525725 0.0936545 0.608275
0 0.869739 0.362409 0.0575153 0.0957582 0.59888
0 0.148302 0.361967 0.0305283 0.0587137 0.578011
0 0.617683 0.358389 0.0349049 0.0831039 0.475979
0 0.279708 0.364339 0.0364965 0.099176 0.459341
0 0.68034 0.34984 0.0248772 0.0650805 0.443366
0 0.0723556 0.361347 0.0285926 0.051204 0.418129
0 0.707744 0.352722 0.029086 0.0613852 0.357597
0 0.901437 0.353372 0.0320523 0.0656099 0.339009
0 0.814041 0.356795 0.0284119 0.0875385 0.334248
0 0.825734 0.352573 0.0276806 0.0767962 0.321264
0 0.803613 0.356622 0.0378148 0.0939262 0.306829
