0 0.365549 0.529205 0.149356 0.508073 0.765144
0 0.666845 0.501612 0.177984 0.617051 0.634171
0 0.194649 0.72299 0.264094 0.27955 0.622114
0 0.779931 0.548767 0.308613 0.518709 0.521869
0 0.276798 0.488377 0.120643 0.477386 0.506183
0 0.717104 0.224403 0.10099 0.178124 0.462401
0 0.564465 0.376244 0.100207 0.386212 0.458613
0 0.122415 0.293856 0.113719 0.222668 0.404936
0 0.500274 0.706916 0.262999 0.381549 0.353561
0 0.918068 0.159058 0.0541226 0.198538 0.339617
0 0.496678 0.58533 0.107297 0.351075 0.308977
