0 0.857228 0.602909 0.149239 0.585782 0.896885
0 0.316482 0.608302 0.0947909 0.451066 0.876502
0 0.468307 0.606952 0.104412 0.516866 0.859909
0 0.587196 0.631485 0.131332 0.595664 0.849
0 0.191158 0.537069 0.0574151 0.227558 0.840074
0 0.0295159 0.608715 0.0590318 0.395935 0.785188
0 0.963639 0.56033 0.0722923 0.465736 0.773005
0 0.66947 0.554362 0.0690672 0.345377 0.738192
0 0.748041 0.55713 0.0743839 0.359354 0.607319
0 0.390105 0.570381 0.0845676 0.3896 0.592362
0 0.706663 0.511196 0.041605 0.289615 0.483076
0 0.532085 0.542911 0.0472313 0.351445 0.334681
0 0.794649 0.524671 0.0526987 0.338713 0.324317
0 0.375901 0.568339 0.0677402 0.398432 0.307188
