0 0.283196 0.850328 0.0801297 0.295927
0 0.0392741 0.867441 0.0783793 0.254097
0 0.445512 0.874482 0.108171 0.251035
0 0.367243 0.850078 0.0679891 0.296634
0 0.656623 0.860484 0.0646017 0.277601
0 0.546026 0.88127 0.159866 0.233378
0 0.218234 0.860406 0.0916851 0.276126
0 0.902977 0.50373 0.0398136 0.130012
0 0.436883 0.474566 0.0437424 0.156212
0 0.760929 0.48346 0.0394337 0.156959
0 0.123759 0.879626 0.0856682 0.240747
0 0.15785 0.451108 0.0573865 0.165988
0 0.68014 0.480448 0.0344395 0.152233
0 0.717067 0.485284 0.0336904 0.154074
0 0.735625 0.857674 0.0779826 0.282821
0 0.346461 0.473263 0.0336819 0.147422
0 0.928992 0.89493 0.140857 0.207816
0 0.27073 0.44471 0.0481886 0.195076
0 0.338309 0.844091 0.0420744 0.302563
0 0.391189 0.469041 0.039215 0.161384
0 0.601292 0.836988 0.0615742 0.212321
0 0.978824 0.474256 0.0418316 0.180277
0 0.563241 0.474385 0.0378857 0.1583
