0 0.0753681 0.728697 0.150736 0.438701
0 0.430076 0.761519 0.144139 0.385596
0 0.980359 0.608078 0.0387965 0.237212
0 0.962138 0.564328 0.0490135 0.209654
0 0.20484 0.772437 0.120348 0.350479
0 0.603503 0.765925 0.1453 0.394711
0 0.800805 0.754445 0.101062 0.431006
0 0.90169 0.506641 0.0322049 0.210011
0 0.86999 0.472204 0.0426735 0.182262
0 0.92984 0.526697 0.0435192 0.208797
0 0.275602 0.686423 0.0809836 0.340432
0 0.126012 0.627003 0.0784563 0.333806
0 0.600604 0.286839 0.0190197 0.0615381
0 0.280203 0.654017 0.0705653 0.268876
