0 0.958193 0.558471 0.0312441 0.119816 0.690324
0 0.446385 0.582203 0.0390049 0.204876 0.605594
0 0.915754 0.528759 0.031216 0.185772 0.545358
0 0.687884 0.540004 0.0498525 0.223046 0.483558
0 0.481629 0.59333 0.0478741 0.172231 0.403556
0 0.629798 0.557432 0.0478168 0.199574 0.362842
0 0.889103 0.525967 0.0384262 0.199633 0.333125
0 0.798939 0.544346 0.0368369 0.188495 0.33248
0 0.583 0.572562 0.0501239 0.190194 0.332092
0 0.826445 0.535396 0.0344181 0.205716 0.32585
0 0.566248 0.465136 0.0470762 0.0947922 0.30835
