0 0.10017 0.787798 0.108196 0.419203 0.835344
0 0.195757 0.727845 0.0798933 0.335183 0.775457
0 0.261665 0.727697 0.0554945 0.288222 0.749009
0 0.556052 0.622791 0.0908945 0.185641 0.725548
0 0.0246658 0.767251 0.0492745 0.323823 0.659607
0 0.303933 0.705559 0.0401376 0.233018 0.572088
0 0.682266 0.631212 0.0988365 0.176572 0.544728
0 0.882596 0.728636 0.102563 0.438694 0.486997
0 0.346457 0.723778 0.0646865 0.303587 0.406867
0 0.389438 0.681577 0.0343184 0.212336 0.378949
0 0.778763 0.61943 0.0272868 0.0566054 0.31807
0 0.442592 0.634583 0.0428676 0.126813 0.304218
