0 0.741922 0.538878 0.0436954 0.195795
0 0.487495 0.564606 0.047167 0.256886
0 0.962628 0.576362 0.0628592 0.302047
0 0.530612 0.558367 0.0502192 0.275192
0 0.91887 0.527277 0.0414852 0.216143
0 0.875566 0.523514 0.0438354 0.215419
0 0.827492 0.525901 0.0413368 0.204889
0 0.574666 0.555277 0.0460213 0.251885
0 0.781933 0.524985 0.0384085 0.190509
0 0.613528 0.535306 0.0374096 0.210065
0 0.646909 0.537652 0.0357746 0.179867
0 0.694299 0.554091 0.0427809 0.250296
0 0.582009 0.561505 0.0353578 0.240567
0 0.566472 0.560268 0.0376523 0.240042
