0 0.670251 0.539144 0.154936 0.743664 0.885737
0 0.435573 0.507978 0.127501 0.584255 0.881002
0 0.772214 0.489431 0.127154 0.596132 0.801969
0 0.854839 0.477565 0.0897081 0.500529 0.783557
0 0.272263 0.480738 0.0851422 0.495654 0.775256
0 0.0410193 0.364315 0.0648364 0.272715 0.714557
0 0.105949 0.374856 0.0756794 0.23741 0.651659
0 0.911156 0.452447 0.0633917 0.412803 0.639396
0 0.195004 0.37523 0.0832804 0.251866 0.639031
0 0.56037 0.383709 0.123013 0.353053 0.611934
0 0.317724 0.365134 0.0679371 0.241963 0.544655
0 0.97999 0.428212 0.0396118 0.34462 0.423556
0 0.949037 0.442905 0.0515941 0.387141 0.390981
0 0.959703 0.434493 0.0703502 0.375832 0.381292
