0 0.571172 0.662484 0.120416 0.607438
0 0.807721 0.687147 0.14521 0.602867
0 0.956584 0.681978 0.0860548 0.621771
0 0.358057 0.512439 0.103221 0.413843
0 0.0672449 0.529077 0.11394 0.200327
0 0.902595 0.430124 0.0780395 0.33299
0 0.740738 0.516073 0.0777069 0.34937
0 0.712174 0.308782 0.0361358 0.168985
0 0.310261 0.279002 0.0255345 0.142524
0 0.401605 0.352858 0.0412523 0.220075
0 0.626108 0.318625 0.0294249 0.157066
0 0.830182 0.288801 0.032061 0.160164
0 0.654649 0.308455 0.0337891 0.17577
0 0.382806 0.507208 0.0613657 0.405385
