0 0.197332 0.824911 0.056949 0.240859
0 0.260972 0.823373 0.0493136 0.243607
0 0.142103 0.826056 0.039191 0.245621
0 0.312904 0.818991 0.05826 0.254642
0 0.370782 0.821526 0.0501022 0.265756
0 0.590388 0.819925 0.0514317 0.250194
0 0.740838 0.812161 0.0526245 0.264471
0 0.830649 0.771199 0.0507582 0.162503
0 0.503148 0.8176 0.0487002 0.26976
0 0.465001 0.827945 0.0498421 0.236944
0 0.64572 0.822042 0.0450972 0.242804
0 0.773292 0.815723 0.038645 0.23268
0 0.700555 0.817417 0.0425846 0.245571
0 0.426825 0.81161 0.035218 0.262661
0 0.888749 0.789108 0.0361458 0.177703
0 0.40343 0.816197 0.0345239 0.2607
