0 0.541611 0.572564 0.372565 0.667105 0.893633
0 0.116844 0.425481 0.147341 0.254103 0.870852
0 0.313327 0.377455 0.0746935 0.115339 0.759804
0 0.870657 0.417621 0.0853241 0.177039 0.686537
0 0.0378097 0.312121 0.0724348 0.138985 0.612652
0 0.94306 0.405406 0.0520401 0.0882999 0.601041
0 0.708078 0.398077 0.061376 0.139101 0.570732
0 0.764695 0.385603 0.0606824 0.117089 0.513277
0 0.237896 0.369731 0.048709 0.104427 0.47305
0 0.291101 0.356937 0.0367886 0.0688739 0.324119
0 0.987321 0.400606 0.0244377 0.10341 0.301624
