0 0.32074 0.710451 0.100112 0.430778 0.847536
0 0.410043 0.7157 0.0910979 0.414971 0.813245
0 0.545955 0.672261 0.183258 0.655478 0.812169
0 0.223685 0.710401 0.106371 0.424211 0.720539
0 0.756466 0.70958 0.105713 0.422404 0.637481
0 0.0703406 0.735347 0.0971442 0.378618 0.607584
0 0.829409 0.682461 0.112654 0.377033 0.530985
0 0.146976 0.703933 0.087762 0.436236 0.519399
0 0.777546 0.514323 0.0677454 0.140076 0.374032
0 0.645531 0.701973 0.0849205 0.441963 0.357673
0 0.357595 0.508211 0.0685984 0.139101 0.349539
0 0.676296 0.68378 0.0786968 0.471965 0.312288
