0 0.613249 0.627709 0.129286 0.555288
0 0.367248 0.606011 0.108219 0.48874
0 0.124825 0.547182 0.133803 0.478346
0 0.966215 0.670557 0.0670904 0.337298
0 0.722572 0.679767 0.151259 0.610648
0 0.487551 0.614096 0.152256 0.496421
0 0.815509 0.345461 0.0415634 0.191588
0 0.725755 0.251488 0.0216602 0.108316
0 0.628319 0.328954 0.0593779 0.185782
0 0.0540039 0.29469 0.0437181 0.142328
0 0.677434 0.256213 0.0282045 0.129514
0 0.51734 0.279748 0.0323221 0.0592776
0 0.791628 0.282306 0.0315761 0.2081
0 0.292519 0.24342 0.0275538 0.126935
0 0.830569 0.259386 0.0255016 0.09727
0 0.428824 0.653139 0.0434706 0.240108
