0 0.809485 0.546537 0.226737 0.41692
0 0.937502 0.263418 0.0287201 0.118888
0 0.378369 0.553484 0.281589 0.400729
0 0.317585 0.324222 0.0532893 0.214627
0 0.0509335 0.485612 0.101867 0.327593
0 0.565619 0.295597 0.0415624 0.170525
0 0.510736 0.437133 0.102637 0.353828
0 0.384546 0.321112 0.0315342 0.200067
0 0.217607 0.27405 0.0398931 0.0945019
0 0.410092 0.320902 0.0315983 0.190943
0 0.360969 0.330715 0.0302387 0.182352
0 0.441188 0.295235 0.0409346 0.152086
0 0.806611 0.272648 0.0379175 0.132884
0 0.123055 0.499889 0.0730566 0.360508
0 0.719049 0.275553 0.031346 0.138315
0 0.254312 0.277509 0.040534 0.0845717
0 0.886598 0.264709 0.0260432 0.118632
