0 0.186888 0.698842 0.179509 0.594769
0 0.539089 0.426486 0.14904 0.36202
0 0.290006 0.498419 0.0952487 0.243903
0 0.640136 0.473425 0.112973 0.290547
0 0.836686 0.34531 0.0548954 0.0843104
0 0.744868 0.334067 0.0567822 0.0968148
0 0.419067 0.376594 0.0447534 0.112893
0 0.353325 0.529129 0.115753 0.195249
0 0.495073 0.517922 0.202208 0.212251
0 0.0360131 0.466728 0.0717125 0.319092
0 0.444534 0.518208 0.0974602 0.206996
0 0.783895 0.336802 0.0457322 0.0913482
0 0.104758 0.48205 0.101021 0.279483
0 0.697043 0.351178 0.0437533 0.127739
0 0.537894 0.377301 0.144167 0.261432
