0 0.743198 0.636036 0.184305 0.710436 0.905473
0 0.465871 0.614368 0.233822 0.75271 0.904483
0 0.140101 0.625837 0.145586 0.676324 0.86088
0 0.954626 0.692497 0.0900818 0.59532 0.859668
0 0.287665 0.596056 0.170618 0.796528 0.855139
0 0.0583388 0.58285 0.10273 0.596179 0.826941
0 0.589008 0.483531 0.075028 0.343976 0.82182
0 0.91478 0.467853 0.0535061 0.237431 0.819467
0 0.0365348 0.333176 0.0404178 0.146456 0.483023
0 0.674427 0.485555 0.0973727 0.384453 0.434546
0 0.824098 0.411196 0.047934 0.155404 0.41962
0 0.514252 0.341292 0.0800577 0.186988 0.313539
