0 0.457302 0.86072 0.0242343 0.104166 0.625384
0 0.322428 0.861018 0.0233996 0.0885251 0.511523
0 0.709881 0.862076 0.0234354 0.0958089 0.477017
0 0.799638 0.868575 0.0307695 0.10284 0.447518
0 0.970326 0.871987 0.038893 0.121904 0.43003
0 0.20983 0.865388 0.0202431 0.0728371 0.429773
0 0.927302 0.852653 0.0310828 0.0878662 0.425883
0 0.901507 0.855515 0.0296454 0.0892889 0.379501
0 0.082957 0.86826 0.0208733 0.0766958 0.350502
0 0.378043 0.864942 0.0226684 0.0768618 0.347181
0 0.180588 0.864623 0.0178226 0.0733383 0.32983
0 0.712817 0.87018 0.0285965 0.111336 0.321341
