0 0.142887 0.564655 0.0960718 0.38972
0 0.23688 0.577824 0.0851024 0.371601
0 0.318862 0.575323 0.0875579 0.374767
0 0.673546 0.575735 0.0848315 0.37958
0 0.40645 0.564405 0.0802704 0.395867
0 0.0575812 0.554935 0.0856278 0.393029
0 0.758848 0.576851 0.0795053 0.383837
0 0.506644 0.572258 0.0739065 0.347887
0 0.595765 0.564156 0.0841181 0.398923
0 0.464117 0.541681 0.0522869 0.291506
0 0.347318 0.911499 0.121194 0.171461
0 0.895572 0.892148 0.207996 0.202982
0 0.508229 0.850328 0.175674 0.287295
0 0.0826784 0.866431 0.165357 0.255385
0 0.608496 0.882901 0.218047 0.22691
0 0.888521 0.578297 0.0947407 0.42059
0 0.839476 0.574385 0.0727386 0.390323
0 0.64193 0.883244 0.150102 0.227019
0 0.129291 0.867674 0.25744 0.254102
