0 0.733289 0.61547 0.0727536 0.239182
0 0.295622 0.5512 0.0419834 0.16667
0 0.553041 0.575005 0.0441648 0.158998
0 0.260954 0.542449 0.035125 0.136504
0 0.843063 0.574281 0.0337889 0.123469
0 0.0272458 0.501543 0.0361675 0.140787
0 0.0628638 0.510592 0.0271364 0.125093
0 0.115542 0.517161 0.0330585 0.121855
0 0.987393 0.641286 0.0247597 0.239245
0 0.138899 0.515951 0.0257238 0.120959
0 0.44656 0.568796 0.0369904 0.137854
0 0.337758 0.539024 0.0312354 0.113256
0 0.604171 0.559307 0.0319316 0.114913
0 0.525474 0.565443 0.0287716 0.108344
0 0.676475 0.557746 0.0206114 0.0877846
0 0.644645 0.557226 0.0202698 0.092732
0 0.408762 0.554046 0.0364961 0.127361
0 0.0556412 0.51171 0.0408158 0.118166
0 0.986761 0.688164 0.0256679 0.144571
0 0.582043 0.556401 0.0248739 0.113217
