0 0.323727 0.593617 0.123724 0.558726
0 0.848586 0.627248 0.148584 0.584943
0 0.0679796 0.63271 0.135959 0.631213
0 0.729612 0.601006 0.139536 0.55938
0 0.484087 0.595161 0.143732 0.5604
0 0.608659 0.616433 0.137624 0.552651
0 0.413845 0.550651 0.0825535 0.477965
0 0.150233 0.618374 0.0871848 0.427642
0 0.216354 0.651566 0.0945579 0.483973
0 0.24044 0.570957 0.0901331 0.439781
0 0.229708 0.620227 0.0799054 0.523376
0 0.667805 0.40885 0.0416264 0.0902142
0 0.583289 0.414202 0.0528907 0.125391
0 0.70149 0.377801 0.0377829 0.0981698
