0 0.486815 0.706692 0.158713 0.574342 0.83489
0 0.383719 0.555395 0.12041 0.724721 0.798675
0 0.164899 0.508653 0.172346 0.643401 0.798275
0 0.777838 0.583691 0.226432 0.793619 0.798168
0 0.602802 0.595167 0.229399 0.774184 0.782144
0 0.243267 0.65668 0.0989759 0.473092 0.703894
0 0.30987 0.534709 0.110893 0.660061 0.656946
0 0.918122 0.584509 0.163199 0.802599 0.611339
0 0.050931 0.43531 0.101686 0.503354 0.53285
0 0.734795 0.293059 0.0685477 0.17513 0.456619
0 0.943085 0.616988 0.113166 0.752233 0.399758
0 0.0986972 0.467785 0.078013 0.463816 0.393901
0 0.434916 0.289468 0.061943 0.193928 0.34629
