0 0.767872 0.627881 0.234549 0.57183
0 0.812862 0.676941 0.0588206 0.231967
0 0.594602 0.629486 0.165037 0.589305
0 0.241486 0.635012 0.195193 0.551793
0 0.356709 0.644543 0.27727 0.582753
0 0.905045 0.646385 0.0567804 0.322774
0 0.10288 0.606551 0.0519386 0.242297
0 0.964155 0.646787 0.0705123 0.327518
0 0.862954 0.656988 0.0498669 0.273842
0 0.473618 0.629344 0.193574 0.579105
0 0.148051 0.617376 0.0522837 0.241395
0 0.773891 0.653183 0.0439594 0.266373
0 0.0308544 0.608042 0.0559642 0.242713
0 0.716842 0.626162 0.342191 0.584903
0 0.0700113 0.598352 0.038805 0.239554
