0 0.486487 0.729537 0.215253 0.532373
0 0.814183 0.664479 0.200518 0.664248
0 0.132113 0.526996 0.0886242 0.367671
0 0.644809 0.559753 0.211522 0.850165
0 0.0694681 0.498426 0.0716412 0.307773
0 0.960781 0.518472 0.0775788 0.374734
0 0.195435 0.480765 0.0680556 0.256819
0 0.328781 0.649053 0.196521 0.698258
0 0.0163982 0.502797 0.0327937 0.299966
0 0.523614 0.418618 0.0832121 0.162879
0 0.391666 0.545553 0.0889707 0.449195
0 0.450852 0.48582 0.0745625 0.286416
0 0.264185 0.615525 0.131142 0.609808
0 0.476649 0.393515 0.047942 0.0948421
