0 0.670388 0.602521 0.0803894 0.365334
0 0.970226 0.59545 0.0589662 0.305704
0 0.780121 0.616993 0.0719961 0.31261
0 0.881198 0.622015 0.126204 0.360759
0 0.527393 0.612194 0.0705647 0.285235
0 0.301416 0.61046 0.0821769 0.225391
0 0.383428 0.611849 0.0988623 0.271087
0 0.177852 0.602678 0.0858735 0.220767
0 0.713068 0.597927 0.0417531 0.212506
0 0.0529898 0.588808 0.0364631 0.168309
0 0.016739 0.585015 0.0334781 0.210649
0 0.485761 0.581132 0.0283861 0.135614
0 0.428579 0.589396 0.0361168 0.159727
0 0.566615 0.572538 0.0268061 0.132088
0 0.445899 0.584204 0.0256536 0.160563
0 0.616897 0.583797 0.0426376 0.157732
0 0.0787473 0.585638 0.0324408 0.161706
0 0.112759 0.593429 0.0306382 0.148572
