0 0.87507 0.620328 0.249485 0.662287
0 0.113954 0.648695 0.175905 0.390613
0 0.347708 0.637772 0.197713 0.582206
0 0.486622 0.648336 0.113719 0.394994
0 0.839783 0.635332 0.106386 0.420512
0 0.787584 0.641318 0.0759504 0.302831
0 0.242306 0.66111 0.0472431 0.227115
0 0.610679 0.636009 0.0442894 0.206099
0 0.548201 0.634205 0.0485766 0.317145
0 0.0791632 0.684601 0.0488069 0.176397
0 0.21434 0.664161 0.0347962 0.177386
0 0.567838 0.632195 0.0555533 0.296558
0 0.0526479 0.669331 0.0405958 0.19238
0 0.00872178 0.660201 0.017411 0.269072
0 0.576297 0.627968 0.0439201 0.282564
