0 0.138829 0.614278 0.0531156 0.2491
0 0.7236 0.605907 0.035057 0.186462
0 0.697429 0.611294 0.0344484 0.17468
0 0.0270169 0.723024 0.0537816 0.358849
0 0.34351 0.627946 0.0405325 0.126872
0 0.876303 0.590751 0.0374435 0.15252
0 0.578938 0.602231 0.0340716 0.141214
0 0.974175 0.609521 0.0334793 0.171944
0 0.947293 0.600464 0.0288338 0.151927
0 0.0909461 0.621027 0.0456452 0.234188
0 0.644884 0.589037 0.0471901 0.156691
0 0.250991 0.642266 0.050158 0.106625
0 0.750217 0.601454 0.0301516 0.15839
0 0.674482 0.594158 0.0256821 0.140903
0 0.91305 0.599716 0.030579 0.151266
0 0.992691 0.606378 0.0139771 0.157035
0 0.849695 0.568343 0.0234043 0.074779
