0 0.901719 0.634853 0.193987 0.505332 0.842768
0 0.0406714 0.529307 0.0810054 0.330609 0.841775
0 0.262927 0.526757 0.123768 0.347412 0.834223
0 0.473097 0.625223 0.158834 0.541943 0.832678
0 0.122052 0.603175 0.151734 0.536987 0.827033
0 0.556636 0.532354 0.0647917 0.366393 0.778653
0 0.615268 0.528839 0.0575355 0.23391 0.750509
0 0.97566 0.53082 0.0481274 0.243345 0.711348
0 0.396889 0.50869 0.0837275 0.269348 0.67877
0 0.798546 0.54777 0.132337 0.3432 0.676589
0 0.207603 0.506626 0.0504304 0.248749 0.626259
0 0.824036 0.59805 0.0710042 0.241552 0.46966
