0 0.843322 0.622321 0.208476 0.739873 0.921264
0 0.95728 0.561811 0.0845793 0.653104 0.881996
0 0.222196 0.45657 0.146258 0.463914 0.872015
0 0.659485 0.473975 0.145314 0.377896 0.833461
0 0.349404 0.532609 0.119295 0.710944 0.809815
0 0.521508 0.329724 0.0758185 0.194197 0.714291
0 0.736607 0.473858 0.0850251 0.421206 0.706847
0 0.583693 0.486352 0.121151 0.281768 0.692772
0 0.467216 0.474719 0.0702657 0.163671 0.58896
0 0.447314 0.347916 0.0965883 0.268714 0.574189
0 0.70758 0.347419 0.0543669 0.179641 0.512492
