0 0.625164 0.740036 0.0953873 0.389347 0.82678
0 0.441483 0.735949 0.113175 0.394526 0.822527
0 0.0535361 0.743376 0.0669324 0.311137 0.795719
0 0.539059 0.43823 0.0697191 0.264155 0.794119
0 0.12266 0.746853 0.0698324 0.281871 0.759414
0 0.612408 0.477971 0.0673425 0.20216 0.743543
0 0.836309 0.734593 0.0830645 0.355415 0.736619
0 0.42659 0.474374 0.0713795 0.193292 0.729071
0 0.482575 0.45794 0.0478698 0.23049 0.728761
0 0.24935 0.743909 0.0728236 0.346234 0.72637
0 0.774816 0.732202 0.061026 0.284179 0.686371
0 0.980477 0.733524 0.0371284 0.278459 0.569718
