0 0.418081 0.729366 0.112245 0.336996 0.907782
0 0.105017 0.202466 0.0994462 0.0917165 0.752397
0 0.316631 0.827908 0.123236 0.114688 0.75163
0 0.91566 0.459548 0.114508 0.0857528 0.740653
0 0.943153 0.902951 0.113246 0.187743 0.7077
0 0.566381 0.410583 0.114345 0.094904 0.698226
0 0.462357 0.289021 0.0669923 0.0783582 0.648779
0 0.245114 0.382894 0.0918298 0.0905988 0.632683
0 0.587795 0.461592 0.0797476 0.0745002 0.615625
0 0.665621 0.765608 0.145736 0.0861736 0.566623
0 0.315641 0.230621 0.0604944 0.074013 0.538414
