0 0.272849 0.559001 0.130251 0.594206 0.894887
0 0.155095 0.572666 0.113251 0.575913 0.890374
0 0.49226 0.582654 0.125726 0.579971 0.866193
0 0.790996 0.585139 0.112323 0.549811 0.86111
0 0.387389 0.569457 0.115668 0.596224 0.854234
0 0.597517 0.574222 0.111167 0.584852 0.839044
0 0.695923 0.581825 0.111827 0.55859 0.785215
0 0.729345 0.304514 0.0945502 0.21583 0.779402
0 0.830034 0.468892 0.103931 0.517608 0.760408
0 0.64678 0.308173 0.0682539 0.195323 0.609576
0 0.549694 0.310404 0.0831741 0.199927 0.558715
