0 0.073591 0.708731 0.0578258 0.257815 0.826079
0 0.137574 0.716391 0.0675635 0.251479 0.804454
0 0.0122755 0.723289 0.0244364 0.217996 0.762977
0 0.201299 0.666215 0.0231105 0.092661 0.759021
0 0.660941 0.634077 0.0303858 0.130993 0.744488
0 0.554622 0.613245 0.0237783 0.104372 0.647604
0 0.389107 0.618317 0.0220438 0.0858241 0.642127
0 0.343524 0.623028 0.0232517 0.0833759 0.610643
0 0.363916 0.620563 0.0207179 0.0842928 0.590652
0 0.315004 0.628494 0.016397 0.0592039 0.557956
0 0.578999 0.612311 0.025726 0.101333 0.555077
