0 0.928738 0.541381 0.0873238 0.314034 0.894222
0 0.068966 0.553116 0.0832363 0.323092 0.880835
0 0.139489 0.548095 0.0651864 0.304551 0.855922
0 0.358596 0.545411 0.0684995 0.310422 0.833428
0 0.859859 0.53691 0.0675674 0.312158 0.831835
0 0.190307 0.548838 0.0721037 0.313936 0.831697
0 0.47331 0.541109 0.0667012 0.300157 0.830747
0 0.585789 0.533807 0.0645713 0.310739 0.818605
0 0.650205 0.539255 0.0638891 0.308057 0.818312
0 0.417096 0.53835 0.0602981 0.303469 0.813956
0 0.540207 0.544296 0.0624334 0.290427 0.812377
0 0.304985 0.537015 0.0585914 0.317189 0.803878
0 0.249549 0.54704 0.0648053 0.310357 0.803522
0 0.748685 0.540654 0.0741249 0.296412 0.789973
0 0.803415 0.533304 0.0674966 0.321574 0.764905
0 0.695167 0.538649 0.0522787 0.298904 0.732101
