0 0.828899 0.61939 0.132022 0.592292 0.891563
0 0.726766 0.592646 0.0997014 0.517281 0.888395
0 0.617674 0.634865 0.122043 0.559453 0.880807
0 0.442884 0.641901 0.105516 0.524244 0.870037
0 0.235342 0.65469 0.116768 0.60494 0.858586
0 0.366908 0.593839 0.0987794 0.503574 0.848219
0 0.906299 0.54614 0.0846147 0.449525 0.826098
0 0.554589 0.576362 0.0933821 0.497669 0.791103
0 0.291165 0.584833 0.0609097 0.467667 0.733773
0 0.49437 0.557238 0.063863 0.477306 0.651186
0 0.0858007 0.541425 0.11053 0.302122 0.514639
