0 0.609895 0.480813 0.262584 0.668195 0.875099
0 0.911669 0.587758 0.123972 0.434749 0.874105
0 0.921662 0.470832 0.155833 0.625854 0.839221
0 0.194872 0.493509 0.157167 0.449216 0.741434
0 0.35101 0.409985 0.0374681 0.111543 0.70958
0 0.794264 0.461506 0.0997637 0.451142 0.683104
0 0.42929 0.378624 0.0468704 0.226995 0.679044
0 0.832368 0.548045 0.077489 0.390629 0.596515
0 0.478089 0.320505 0.0545883 0.136362 0.589039
0 0.403968 0.425577 0.0423128 0.155652 0.585985
0 0.369747 0.369734 0.0359811 0.173856 0.554084
0 0.0681489 0.410638 0.0732564 0.0954127 0.520927
