0 0.437116 0.41281 0.0748578 0.118485 0.798727
0 0.730069 0.397557 0.0802738 0.114876 0.796059
0 0.0754722 0.490029 0.0573829 0.277506 0.773366
0 0.502616 0.418776 0.0674246 0.120216 0.768659
0 0.586489 0.418374 0.0568979 0.115797 0.73898
0 0.311682 0.424218 0.0624664 0.089367 0.719055
0 0.243484 0.415524 0.059766 0.0832122 0.712257
0 0.363711 0.426351 0.0539542 0.0826672 0.658245
0 0.81541 0.39653 0.0765073 0.0927998 0.577607
0 0.193211 0.413477 0.0446459 0.0784271 0.550586
0 0.151708 0.410902 0.0434596 0.0720781 0.534699
0 0.918596 0.577634 0.102727 0.474826 0.524694
