0 0.454862 0.700186 0.16469 0.584526 0.897772
0 0.845508 0.690452 0.163011 0.601637 0.888896
0 0.645756 0.680554 0.116311 0.544736 0.886591
0 0.32482 0.481119 0.113384 0.180049 0.884809
0 0.0623168 0.681197 0.123876 0.618305 0.881277
0 0.156935 0.646029 0.110827 0.609938 0.88123
0 0.532318 0.60211 0.111448 0.457904 0.812891
0 0.0989249 0.476602 0.056849 0.173182 0.776428
0 0.701248 0.623946 0.0566832 0.437578 0.768195
0 0.946598 0.707903 0.106436 0.561393 0.691516
0 0.254008 0.495113 0.0480958 0.174923 0.675968
0 0.289696 0.454248 0.0300094 0.0705062 0.666523
0 0.917042 0.507038 0.0738632 0.221503 0.65187
0 0.471663 0.504377 0.032456 0.156421 0.585743
