0 0.944777 0.790806 0.078405 0.417301 0.770955
0 0.352771 0.771902 0.0614631 0.361164 0.747143
0 0.445358 0.784614 0.0803135 0.393634 0.663107
0 0.659303 0.562614 0.0408073 0.212575 0.644085
0 0.847498 0.794241 0.099357 0.405988 0.635015
0 0.570187 0.781097 0.0887937 0.394268 0.605442
0 0.52667 0.570333 0.0466099 0.219841 0.593513
0 0.695998 0.565976 0.0359468 0.190779 0.542882
0 0.465422 0.556626 0.0408152 0.243927 0.533578
0 0.349697 0.546009 0.0384471 0.215272 0.524898
0 0.732018 0.563004 0.0375371 0.194331 0.522489
