0 0.877055 0.669247 0.125886 0.608037 0.8773
0 0.530317 0.639887 0.119205 0.522983 0.841705
0 0.692813 0.660411 0.121673 0.552356 0.839959
0 0.0816845 0.610149 0.0967052 0.428741 0.828915
0 0.36023 0.631932 0.11596 0.477171 0.799884
0 0.134059 0.59667 0.0607948 0.400331 0.798767
0 0.193179 0.603566 0.0767213 0.456709 0.752461
0 0.937877 0.625561 0.0836201 0.482869 0.713788
0 0.258627 0.59258 0.0867351 0.413251 0.702393
0 0.749651 0.586052 0.0644481 0.378307 0.588589
0 0.606749 0.578374 0.0726664 0.368287 0.533523
0 0.314196 0.5842 0.0559207 0.405328 0.529302
