0 0.732608 0.61853 0.0677391 0.232128 0.817204
0 0.553057 0.575612 0.0442242 0.158965 0.761556
0 0.0271262 0.500358 0.0368379 0.138926 0.752638
0 0.114873 0.518057 0.0308939 0.122938 0.751452
0 0.294398 0.548627 0.0421689 0.175608 0.749611
0 0.987837 0.644711 0.0238094 0.225875 0.712545
0 0.13902 0.5176 0.0259019 0.120421 0.688988
0 0.84278 0.575851 0.034644 0.116859 0.679741
0 0.0621357 0.505636 0.0326503 0.13209 0.599102
0 0.44495 0.568605 0.0406916 0.140387 0.59873
0 0.260648 0.539783 0.0383904 0.140966 0.560462
