0 0.862266 0.748833 0.0573229 0.206145 0.883371
0 0.707278 0.758093 0.0542114 0.208844 0.840223
0 0.0762302 0.768424 0.0462962 0.154043 0.835242
0 0.63609 0.769994 0.0760002 0.249411 0.801168
0 0.543825 0.759906 0.0538178 0.18157 0.735332
0 0.409053 0.754581 0.0384512 0.149429 0.71752
0 0.165671 0.750904 0.0362899 0.116853 0.69774
0 0.744759 0.744871 0.030368 0.136395 0.641625
0 0.472253 0.752523 0.0370096 0.137818 0.59391
0 0.443543 0.742545 0.0316643 0.128568 0.571079
0 0.801112 0.727852 0.0183292 0.0695611 0.568886
0 0.1956 0.733887 0.0292353 0.106342 0.544757
