0 0.919285 0.693927 0.126132 0.59766 0.918306
0 0.448486 0.771927 0.104643 0.440551 0.81723
0 0.623364 0.764573 0.111609 0.442753 0.817124
0 0.468846 0.558999 0.102136 0.187941 0.778759
0 0.36652 0.769741 0.10645 0.431044 0.776263
0 0.269526 0.774337 0.10139 0.441527 0.768198
0 0.82687 0.772057 0.133431 0.439056 0.703856
0 0.72045 0.757942 0.100692 0.455099 0.698534
0 0.543329 0.768465 0.0983719 0.441884 0.678526
0 0.0809319 0.762103 0.0962991 0.411692 0.64343
0 0.662181 0.560712 0.0841585 0.236523 0.643143
0 0.211003 0.561172 0.0764065 0.143304 0.636547
0 0.757123 0.571037 0.0572661 0.197178 0.627004
0 0.138671 0.769889 0.0841449 0.419651 0.599148
0 0.135405 0.576711 0.0518901 0.127789 0.598567
0 0.204586 0.763812 0.0841795 0.433964 0.58565
0 0.358854 0.579207 0.0982705 0.183464 0.584859
0 0.576159 0.566437 0.0579423 0.16436 0.541526
