0 0.271417 0.704008 0.142784 0.280437
0 0.40089 0.789864 0.0720734 0.277252
0 0.137027 0.723336 0.164349 0.292294
0 0.880776 0.702935 0.0722004 0.178963
0 0.526269 0.742545 0.132119 0.37791
0 0.0101117 0.636693 0.0199956 0.212748
0 0.95968 0.446563 0.0512611 0.204573
0 0.667966 0.462887 0.0698831 0.154793
0 0.193113 0.540948 0.0480693 0.214162
0 0.757582 0.790497 0.106397 0.284028
0 0.0615499 0.553776 0.0475489 0.203475
0 0.61307 0.848678 0.0740851 0.263103
0 0.688611 0.813147 0.0707569 0.230539
0 0.164729 0.599925 0.0822271 0.165312
0 0.628922 0.709925 0.0608987 0.36173
