0 0.101022 0.649995 0.121948 0.471244 0.865146
0 0.948125 0.634388 0.1016 0.439123 0.813082
0 0.164925 0.750635 0.140625 0.321303 0.746716
0 0.357931 0.741075 0.0914499 0.283591 0.707199
0 0.443383 0.732776 0.0938371 0.299061 0.650954
0 0.775603 0.725675 0.102118 0.306054 0.611588
0 0.686404 0.729973 0.0961735 0.28996 0.610856
0 0.605133 0.741209 0.0839163 0.289813 0.609286
0 0.267718 0.728923 0.095686 0.285347 0.561962
0 0.863023 0.699886 0.129808 0.327872 0.550756
0 0.519134 0.730579 0.0976781 0.297314 0.491301
0 0.645075 0.538333 0.0837138 0.265884 0.432011
