0 0.303122 0.283226 0.270104 0.408578 0.935963
0 0.0466671 0.31595 0.0664358 0.24552 0.875302
0 0.77885 0.20392 0.0852988 0.176232 0.758358
0 0.22115 0.726995 0.0436681 0.126279 0.723819
0 0.171463 0.723611 0.0377958 0.151629 0.706375
0 0.0958115 0.717378 0.037259 0.124691 0.700117
0 0.0444634 0.705067 0.0273538 0.102784 0.700015
0 0.641261 0.247485 0.0451713 0.184808 0.685343
0 0.288978 0.725659 0.0365397 0.138116 0.660194
0 0.911722 0.684821 0.0386913 0.175048 0.572531
0 0.959887 0.228603 0.0291342 0.130779 0.546415
0 0.965494 0.732801 0.0431688 0.301337 0.524961
0 0.863271 0.67494 0.0307312 0.14255 0.488277
0 0.792926 0.663709 0.0315634 0.119818 0.470194
0 0.607552 0.229657 0.030115 0.123176 0.455922
0 0.765132 0.675866 0.0305665 0.115635 0.451148
0 0.23227 0.262305 0.128719 0.280918 0.443233
0 0.832569 0.671739 0.0357853 0.128074 0.439017
0 0.693053 0.210425 0.0258454 0.0843186 0.411949
