0 0.722314 0.72746 0.188244 0.532068
0 0.947203 0.692876 0.104687 0.604268
0 0.287269 0.730254 0.137589 0.516568
0 0.219782 0.677591 0.0693868 0.398317
0 0.556016 0.73766 0.133818 0.514607
0 0.39811 0.648733 0.0668294 0.37061
0 0.0781829 0.63984 0.0588114 0.418349
0 0.85387 0.70186 0.154089 0.463758
0 0.509853 0.629695 0.0893381 0.398735
0 0.617006 0.609695 0.0632824 0.314165
0 0.474398 0.378983 0.0539966 0.185757
0 0.0842926 0.293597 0.0624189 0.186567
0 0.419369 0.338571 0.0476627 0.214621
0 0.141355 0.284737 0.0344981 0.183784
0 0.477144 0.570589 0.051273 0.272541
