0 0.824939 0.492782 0.0890331 0.144129 0.822182
0 0.347819 0.531345 0.0618504 0.173191 0.7863
0 0.718145 0.885518 0.147731 0.219149 0.746478
0 0.972261 0.402069 0.0255234 0.104158 0.702016
0 0.600242 0.508447 0.0444045 0.107078 0.691056
0 0.494597 0.495206 0.0472387 0.123463 0.606009
0 0.941973 0.586433 0.11545 0.258179 0.605234
0 0.376889 0.430022 0.041418 0.136473 0.549181
0 0.95261 0.407729 0.0214792 0.087771 0.541865
0 0.183509 0.419119 0.0272931 0.0974503 0.530324
0 0.222098 0.413472 0.0292272 0.109183 0.481098
0 0.971714 0.613995 0.0555815 0.121607 0.43958
