0 0.938145 0.896832 0.095019 0.205472 0.780791
0 0.152762 0.706901 0.0631662 0.294067 0.741786
0 0.661378 0.8229 0.0680996 0.343845 0.722626
0 0.0629053 0.693211 0.0565612 0.281933 0.707756
0 0.308369 0.725877 0.0597039 0.309611 0.673574
0 0.201336 0.702807 0.0571918 0.285548 0.601816
0 0.819972 0.824029 0.0610809 0.34939 0.577914
0 0.454732 0.784385 0.0690952 0.340619 0.56927
0 0.0098976 0.702376 0.0197139 0.252265 0.549511
0 0.601151 0.81015 0.065649 0.337647 0.547831
0 0.361804 0.745942 0.0562771 0.308872 0.54154
0 0.537396 0.797848 0.0749374 0.34188 0.46508
