0 0.600772 0.867802 0.0726506 0.119956 0.699827
0 0.502287 0.697366 0.0283539 0.133635 0.669097
0 0.272068 0.856049 0.0454673 0.112148 0.662271
0 0.17756 0.825851 0.0571003 0.123272 0.63708
0 0.566332 0.718269 0.0431553 0.128616 0.609225
0 0.458904 0.65227 0.0367144 0.124091 0.572738
0 0.323959 0.647502 0.0304982 0.127839 0.542774
0 0.440893 0.854655 0.035257 0.111437 0.533275
0 0.208274 0.739362 0.0458289 0.175288 0.494153
0 0.812093 0.830909 0.0643667 0.130476 0.459703
0 0.735351 0.769867 0.0538151 0.145004 0.4415
0 0.485772 0.575819 0.0300457 0.0855644 0.439046
0 0.107902 0.974496 0.0518003 0.0501651 0.422153
