0 0.185569 0.635289 0.16144 0.444028 0.885593
0 0.889088 0.580313 0.102533 0.374534 0.872685
0 0.636242 0.600901 0.1197 0.395686 0.862924
0 0.421454 0.622079 0.129585 0.387304 0.857516
0 0.773074 0.556644 0.084856 0.317963 0.83112
0 0.702263 0.546943 0.0775013 0.26861 0.730293
0 0.980388 0.52922 0.0387871 0.268169 0.725
0 0.347392 0.545357 0.0859571 0.302495 0.696804
0 0.316397 0.537561 0.0606442 0.292751 0.649903
0 0.57745 0.567825 0.142735 0.338419 0.644078
0 0.809449 0.525468 0.0581705 0.231985 0.642513
0 0.650471 0.465368 0.0444362 0.114309 0.622378
0 0.933811 0.546313 0.0689884 0.283998 0.58422
0 0.50343 0.551056 0.113574 0.294328 0.577109
