0 0.41645 0.595171 0.180918 0.727649 0.870819
0 0.166873 0.526959 0.104814 0.53596 0.86009
0 0.643909 0.457 0.101451 0.45429 0.828042
0 0.944305 0.466913 0.110734 0.579169 0.816945
0 0.796638 0.573572 0.269372 0.781997 0.811215
0 0.101514 0.460467 0.0667837 0.392763 0.758662
0 0.233501 0.502779 0.0882126 0.478531 0.728594
0 0.514408 0.487859 0.0887095 0.485721 0.726916
0 0.562798 0.441823 0.0797752 0.403973 0.573817
0 0.0199983 0.673123 0.0393377 0.427392 0.545197
0 0.8654 0.491511 0.140465 0.624018 0.544474
0 0.0467575 0.411444 0.0583976 0.275564 0.4948
0 0.720269 0.420205 0.0858658 0.421279 0.452585
