0 0.143057 0.845424 0.161253 0.3047 0.827378
0 0.919855 0.672081 0.129721 0.500728 0.793485
0 0.786115 0.698552 0.104133 0.568309 0.750617
0 0.444564 0.812613 0.134362 0.365016 0.709109
0 0.0748606 0.930335 0.148921 0.135557 0.673753
0 0.707812 0.776197 0.0991878 0.44081 0.633623
0 0.535333 0.791229 0.122098 0.417541 0.618804
0 0.308871 0.886622 0.157742 0.222507 0.604183
0 0.204702 0.81966 0.0979989 0.311912 0.582045
0 0.958302 0.186551 0.0828573 0.373102 0.423357
0 0.826424 0.325322 0.102784 0.46994 0.405539
