0 0.0457983 0.364119 0.0899163 0.285337 0.84591
0 0.736198 0.410117 0.121182 0.20009 0.83792
0 0.233432 0.363256 0.0857204 0.280669 0.836089
0 0.477138 0.474778 0.284056 0.932001 0.827805
0 0.951685 0.352049 0.0932435 0.292427 0.811016
0 0.613748 0.415254 0.083708 0.204003 0.776543
0 0.809373 0.353194 0.0783299 0.292415 0.714164
0 0.874058 0.353708 0.081705 0.274586 0.711641
0 0.126179 0.363258 0.085989 0.27821 0.711249
0 0.728239 0.291478 0.070871 0.154029 0.628013
0 0.337457 0.410215 0.11657 0.204651 0.574703
0 0.308101 0.32301 0.0651421 0.161771 0.519687
