0 0.465546 0.813547 0.139333 0.37081
0 0.193779 0.72156 0.123577 0.393912
0 0.786395 0.568405 0.170914 0.471727
0 0.253629 0.474688 0.089893 0.34187
0 0.100255 0.344063 0.166061 0.375058
0 0.553724 0.940011 0.101528 0.119383
0 0.304397 0.184852 0.0730692 0.29936
0 0.86794 0.804416 0.194968 0.385357
0 0.0338013 0.568338 0.0676027 0.371864
0 0.620832 0.732102 0.136668 0.447322
0 0.206822 0.261975 0.0761219 0.311627
0 0.186825 0.944957 0.097795 0.108062
0 0.6005 0.460623 0.0950067 0.36226
0 0.447035 0.559945 0.11005 0.365683
0 0.970675 0.920513 0.0580723 0.153949
0 0.671584 0.263593 0.0791341 0.349735
0 0.954034 0.268552 0.0896953 0.330573
0 0.435884 0.324325 0.11112 0.267276
0 0.0400926 0.82425 0.0797596 0.344751
0 0.879846 0.154665 0.0931494 0.30933
0 0.788238 0.3082 0.110491 0.26889
0 0.538817 0.215035 0.0759707 0.319154
0 0.366353 0.152943 0.0796002 0.305749
0 0.613502 0.152302 0.114715 0.304603
