0 0.779607 0.59695 0.0435479 0.226885 0.776689
0 0.664732 0.591626 0.0318725 0.158463 0.713998
0 0.702358 0.590876 0.031053 0.15522 0.712935
0 0.369521 0.59454 0.0316206 0.150951 0.62195
0 0.627896 0.597997 0.0292301 0.148377 0.567304
0 0.214992 0.596462 0.0473953 0.20998 0.510375
0 0.54493 0.597109 0.0284636 0.148891 0.506308
0 0.404058 0.594519 0.0336767 0.151642 0.495554
0 0.732596 0.591405 0.0345005 0.158807 0.478
0 0.465896 0.595809 0.0327228 0.153189 0.456494
0 0.336476 0.593655 0.0310528 0.149298 0.453569
0 0.264248 0.58881 0.0317302 0.155019 0.427593
0 0.577709 0.590914 0.0246884 0.136259 0.413399
