0 0.0633074 0.498141 0.125894 0.748353
0 0.312246 0.597976 0.193425 0.483233
0 0.972432 0.396822 0.0545876 0.532567
0 0.912094 0.416662 0.0802864 0.424734
0 0.168263 0.531212 0.135565 0.756666
0 0.812021 0.371807 0.0719506 0.44488
0 0.861994 0.402405 0.0717884 0.395869
0 0.763411 0.388442 0.0694414 0.394441
0 0.702565 0.310614 0.0722416 0.236125
0 0.0265472 0.752645 0.0528307 0.219483
0 0.375645 0.327313 0.106652 0.331512
0 0.286674 0.318393 0.0854872 0.250863
0 0.518361 0.431737 0.101543 0.226483
