0 0.328007 0.670324 0.124549 0.442025
0 0.548675 0.725285 0.25575 0.428761
0 0.462583 0.704582 0.133244 0.453802
0 0.969498 0.545509 0.0403316 0.151335
0 0.77604 0.638386 0.0941766 0.377815
0 0.839244 0.633282 0.0836233 0.347758
0 0.879195 0.633954 0.0679485 0.329438
0 0.226506 0.641069 0.104008 0.386147
0 0.166995 0.625786 0.0945433 0.358912
0 0.721294 0.647593 0.0845535 0.382765
0 0.664459 0.659068 0.104209 0.404397
0 0.637965 0.660725 0.158484 0.408242
0 0.0834031 0.612745 0.0718673 0.308314
0 0.12814 0.621029 0.060616 0.322699
