0 0.0828773 0.698902 0.152557 0.593016 0.894826
0 0.205329 0.698509 0.120014 0.582806 0.878011
0 0.464214 0.698573 0.124666 0.582425 0.86821
0 0.950009 0.668354 0.090926 0.499476 0.859643
0 0.623802 0.697218 0.0896046 0.516237 0.85859
0 0.700262 0.693851 0.0876678 0.48235 0.837877
0 0.545102 0.693061 0.0844803 0.541468 0.807799
0 0.815204 0.67293 0.0842278 0.48742 0.783003
0 0.869109 0.651884 0.0951138 0.51542 0.775234
0 0.309585 0.714018 0.10304 0.556226 0.732696
0 0.378725 0.716195 0.0879044 0.559218 0.696666
0 0.753801 0.696232 0.0818771 0.526722 0.681771
