0 0.173573 0.657761 0.159788 0.518157
0 0.339766 0.670748 0.151565 0.529075
0 0.47984 0.685758 0.156739 0.544381
0 0.620879 0.671355 0.166109 0.562466
0 0.765098 0.683912 0.149537 0.534424
0 0.666354 0.392743 0.0694376 0.374013
0 0.737134 0.384156 0.0853571 0.349141
0 0.502497 0.381557 0.0951283 0.359743
0 0.573192 0.388914 0.0874208 0.349555
0 0.155317 0.394896 0.0968343 0.445844
0 0.820247 0.509602 0.0922263 0.58608
0 0.0526013 0.3609 0.0335968 0.155734
0 0.293464 0.505149 0.091644 0.578064
0 0.369457 0.375466 0.085778 0.326435
0 0.42783 0.423102 0.07284 0.418403
0 0.231611 0.400159 0.074043 0.394859
0 0.0834796 0.36763 0.024499 0.128324
0 0.235311 0.48008 0.0805578 0.564308
