0 0.272383 0.652024 0.209848 0.541715 0.924584
0 0.640626 0.605418 0.136938 0.464989 0.871152
0 0.0386005 0.586039 0.0763722 0.412075 0.819354
0 0.848979 0.598722 0.10156 0.419213 0.819312
0 0.0954737 0.612383 0.0948647 0.407058 0.769188
0 0.504763 0.576925 0.116965 0.436391 0.74574
0 0.92706 0.576186 0.0814377 0.373477 0.695799
0 0.748371 0.575739 0.0903106 0.411023 0.685484
0 0.972042 0.545493 0.0550769 0.360003 0.678559
0 0.436186 0.57823 0.0598133 0.294012 0.651723
0 0.387583 0.588827 0.0667869 0.299667 0.633192
