0 0.921246 0.580711 0.101006 0.447399
0 0.123081 0.579188 0.0768323 0.416815
0 0.70334 0.553895 0.0679645 0.353319
0 0.718546 0.182845 0.203091 0.364471
0 0.789507 0.553469 0.0757261 0.387774
0 0.974969 0.536742 0.0497885 0.369174
0 0.593786 0.538545 0.0566579 0.332455
0 0.840819 0.523515 0.0564654 0.322843
0 0.651191 0.533146 0.0589929 0.37653
0 0.505045 0.524908 0.0494138 0.284578
0 0.378346 0.502244 0.0446008 0.268698
0 0.55132 0.527397 0.0507573 0.320297
0 0.414491 0.507672 0.0476837 0.27778
0 0.352602 0.508662 0.0392449 0.236994
0 0.466443 0.513726 0.047596 0.265042
