0 0.392387 0.636671 0.134027 0.603462 0.885108
0 0.204846 0.676024 0.167485 0.638238 0.883222
0 0.579073 0.648399 0.116027 0.582312 0.872385
0 0.516332 0.57747 0.102661 0.481322 0.844935
0 0.675789 0.606807 0.104845 0.543566 0.84245
0 0.860412 0.585681 0.103558 0.460145 0.835859
0 0.321424 0.575612 0.100533 0.514727 0.796832
0 0.948243 0.571325 0.102365 0.440595 0.779696
0 0.770652 0.571953 0.0976354 0.428896 0.718223
0 0.442256 0.519693 0.0650635 0.339476 0.624716
0 0.464561 0.444753 0.0362043 0.109576 0.406228
