0 0.216999 0.592166 0.101721 0.445704 0.834427
0 0.885856 0.589316 0.104414 0.478972 0.802799
0 0.760383 0.592954 0.0945309 0.451558 0.7544
0 0.636812 0.574695 0.107912 0.522412 0.739384
0 0.975959 0.576562 0.0473575 0.456108 0.722687
0 0.114158 0.522025 0.0502291 0.227937 0.687672
0 0.378498 0.366777 0.0852319 0.115458 0.668352
0 0.813278 0.583322 0.0657192 0.388436 0.597464
0 0.0449952 0.516684 0.0526312 0.252205 0.54499
0 0.567518 0.560662 0.0869783 0.50776 0.530339
0 0.566617 0.36515 0.0851992 0.120906 0.525097
0 0.0182686 0.50471 0.0365372 0.223044 0.4715
0 0.501057 0.379822 0.061214 0.0902456 0.458883
