0 0.797586 0.475563 0.118441 0.446811 0.906794
0 0.256603 0.528628 0.130955 0.605472 0.903302
0 0.884497 0.465257 0.0932938 0.439907 0.896978
0 0.451049 0.523257 0.113943 0.584496 0.882185
0 0.153716 0.52779 0.117358 0.571661 0.879955
0 0.606309 0.50292 0.0720711 0.476665 0.858115
0 0.518048 0.510288 0.081933 0.561159 0.820381
0 0.686322 0.496694 0.0909216 0.509487 0.820134
0 0.378958 0.371606 0.0492657 0.302814 0.806638
0 0.337076 0.587144 0.0744081 0.306021 0.735359
0 0.152747 0.604219 0.128739 0.283867 0.571889
