0 0.104394 0.355792 0.160609 0.69841 0.838891
0 0.263009 0.542877 0.104542 0.539029 0.821475
0 0.340454 0.598444 0.0905983 0.501243 0.814263
0 0.628239 0.487266 0.0895674 0.368257 0.777025
0 0.90194 0.391747 0.145052 0.563398 0.775771
0 0.81751 0.369269 0.0621817 0.323833 0.741438
0 0.769104 0.406562 0.0706165 0.356383 0.740714
0 0.412609 0.241857 0.115046 0.479064 0.693189
0 0.331179 0.223559 0.0795474 0.443365 0.577033
0 0.735465 0.321602 0.0496917 0.300433 0.555779
0 0.560754 0.198658 0.0816059 0.395722 0.518049
