0 0.97419 0.821461 0.0507477 0.347572 0.811992
0 0.0445116 0.689757 0.0376219 0.159471 0.771756
0 0.908096 0.862053 0.0873924 0.273136 0.709085
0 0.365869 0.703167 0.0323552 0.142598 0.662017
0 0.188823 0.706667 0.0335996 0.159608 0.655365
0 0.276684 0.701447 0.0318045 0.153086 0.643146
0 0.239163 0.692491 0.0299664 0.130639 0.637287
0 0.546803 0.714678 0.0281307 0.145949 0.632158
0 0.517569 0.697252 0.0270418 0.11694 0.617164
0 0.423273 0.706067 0.0307566 0.147853 0.596678
0 0.319871 0.71332 0.0316909 0.169098 0.523902
0 0.167938 0.699134 0.0315369 0.155068 0.520822
