0 0.781015 0.669657 0.0838997 0.371921 0.881016
0 0.557307 0.679393 0.0997194 0.230479 0.875462
0 0.415729 0.530591 0.0606899 0.309339 0.7995
0 0.962695 0.622564 0.0395579 0.259454 0.760922
0 0.0812244 0.442665 0.0532232 0.323738 0.726807
0 0.596647 0.604107 0.0428993 0.210032 0.643019
0 0.132353 0.596438 0.0366703 0.150369 0.640477
0 0.294067 0.5686 0.035197 0.119904 0.635472
0 0.344624 0.534856 0.0595905 0.336601 0.587915
0 0.482239 0.570825 0.0330486 0.11928 0.570652
0 0.80731 0.592442 0.0360056 0.205236 0.509418
