0 0.419067 0.688062 0.172602 0.613545 0.893847
0 0.52892 0.695953 0.130064 0.601082 0.886134
0 0.116064 0.684058 0.132443 0.616847 0.881613
0 0.880705 0.531392 0.0624115 0.296801 0.880406
0 0.793363 0.532439 0.082161 0.278547 0.826914
0 0.24804 0.706365 0.113791 0.576656 0.819393
0 0.0167828 0.423113 0.0335656 0.146561 0.715643
0 0.209849 0.687495 0.0910278 0.597968 0.705557
0 0.338948 0.56589 0.0757437 0.39723 0.637038
0 0.0443037 0.417187 0.0295198 0.131697 0.511369
0 0.742328 0.493515 0.0324316 0.175683 0.507866
0 0.972652 0.466403 0.0285306 0.121969 0.501522
