0 0.578491 0.498446 0.125087 0.37994 0.849004
0 0.871415 0.466723 0.0627724 0.266101 0.829468
0 0.319943 0.528567 0.0675907 0.373791 0.790121
0 0.469921 0.516535 0.0629215 0.310171 0.786197
0 0.021468 0.53835 0.0427761 0.410197 0.785379
0 0.411825 0.516207 0.0561512 0.280328 0.776078
0 0.230497 0.512655 0.0645881 0.31098 0.724341
0 0.741599 0.506452 0.12216 0.365745 0.644791
0 0.798186 0.494091 0.0648322 0.234787 0.610517
0 0.518715 0.510089 0.044832 0.248736 0.609711
0 0.369685 0.508173 0.04586 0.279498 0.597777
