0 0.106958 0.344151 0.0984789 0.377784 0.880949
0 0.753941 0.311955 0.128112 0.364758 0.834828
0 0.847686 0.295002 0.0923876 0.353023 0.766857
0 0.95252 0.288705 0.0595775 0.402133 0.758243
0 0.272188 0.345017 0.0655325 0.252412 0.696962
0 0.0346958 0.368003 0.0504915 0.209559 0.677067
0 0.184875 0.347508 0.0515616 0.301006 0.658875
0 0.700937 0.309374 0.0586498 0.370424 0.608348
0 0.656408 0.314987 0.0666361 0.311881 0.581751
0 0.434736 0.549754 0.145797 0.820074 0.576502
0 0.228055 0.342299 0.0679115 0.328321 0.564555
0 0.545137 0.315658 0.0608168 0.287726 0.561625
