0 0.856995 0.744962 0.285779 0.489568 0.932947
0 0.441932 0.670936 0.183963 0.638224 0.891799
0 0.643224 0.794027 0.0767183 0.37083 0.885289
0 0.58692 0.821428 0.0771666 0.354952 0.799363
0 0.705675 0.811636 0.0662905 0.371033 0.78708
0 0.0390704 0.790896 0.0769179 0.233902 0.771621
0 0.125405 0.817794 0.0459909 0.220182 0.749206
0 0.1642 0.815469 0.0390697 0.189764 0.678128
0 0.979094 0.720164 0.0409115 0.290653 0.662835
0 0.244644 0.808055 0.0351039 0.199594 0.636854
0 0.0801324 0.814678 0.0326882 0.200584 0.513413
