0 0.799221 0.569911 0.136894 0.612641 0.923535
0 0.463462 0.553696 0.112623 0.587664 0.90936
0 0.564085 0.500003 0.0904645 0.400086 0.9041
0 0.297233 0.470793 0.0504502 0.315475 0.862736
0 0.169423 0.507801 0.118007 0.607022 0.857641
0 0.375005 0.455714 0.05726 0.257507 0.846335
0 0.0609923 0.470269 0.0452992 0.281701 0.805763
0 0.0237334 0.479971 0.041732 0.262521 0.778259
0 0.123235 0.451411 0.0466689 0.252007 0.757316
0 0.233153 0.494603 0.0456222 0.381135 0.735967
0 0.161754 0.452967 0.0354927 0.187499 0.526268
