0 0.222906 0.169902 0.0757037 0.140769 0.853428
0 0.739183 0.813898 0.261955 0.356707 0.852281
0 0.923923 0.804031 0.141732 0.379042 0.842347
0 0.44015 0.156654 0.0747857 0.162358 0.81551
0 0.396946 0.175355 0.0521319 0.123034 0.800218
0 0.557588 0.163228 0.0525719 0.132711 0.754911
0 0.735794 0.240244 0.0751797 0.131475 0.719922
0 0.132805 0.767742 0.0936754 0.187681 0.705304
0 0.145738 0.577385 0.0671564 0.140339 0.703815
0 0.496886 0.155105 0.0570157 0.118738 0.655067
0 0.444896 0.605094 0.0989891 0.108367 0.629714
0 0.643457 0.640235 0.11409 0.232746 0.615811
0 0.263154 0.200559 0.0754394 0.0700171 0.607382
0 0.721055 0.561974 0.0837379 0.188274 0.591701
