0 0.937829 0.583919 0.0688914 0.311815 0.850121
0 0.862972 0.571747 0.0594961 0.296686 0.809044
0 0.765918 0.570217 0.0631027 0.327052 0.739537
0 0.123542 0.562619 0.061226 0.320279 0.73003
0 0.71779 0.558011 0.0527717 0.314027 0.719732
0 0.632375 0.573264 0.0594058 0.320144 0.713093
0 0.448334 0.567594 0.0741941 0.31829 0.699818
0 0.271118 0.574695 0.0590159 0.294117 0.683612
0 0.806882 0.561929 0.0582342 0.279617 0.652606
0 0.678455 0.54623 0.0387091 0.299795 0.559762
0 0.584652 0.543869 0.0457619 0.331361 0.55826
