0 0.174557 0.656101 0.161091 0.525218 0.900384
0 0.617791 0.670161 0.160628 0.569999 0.882278
0 0.763998 0.685093 0.147306 0.540507 0.876585
0 0.480028 0.686731 0.156211 0.545515 0.864154
0 0.339028 0.669631 0.149648 0.533354 0.82661
0 0.819584 0.514676 0.092234 0.589455 0.769299
0 0.7384 0.38605 0.0890675 0.354302 0.66125
0 0.573201 0.39494 0.0888535 0.361713 0.623602
0 0.429075 0.428762 0.0751636 0.424335 0.608556
0 0.666075 0.393609 0.0692175 0.374034 0.604226
0 0.497458 0.373702 0.0818634 0.345193 0.584847
0 0.155771 0.387397 0.0963127 0.429438 0.576261
0 0.370514 0.377181 0.0731824 0.331699 0.53629
