0 0.66527 0.753903 0.0801394 0.274637 0.89719
0 0.325415 0.74749 0.115072 0.272616 0.893445
0 0.918019 0.733256 0.0802128 0.333773 0.882155
0 0.624915 0.616247 0.0834242 0.231563 0.869329
0 0.142404 0.606595 0.0783232 0.226271 0.851163
0 0.0830461 0.72572 0.0730441 0.303949 0.849036
0 0.848015 0.613793 0.0698775 0.235438 0.844354
0 0.361553 0.607271 0.0888387 0.213414 0.834834
0 0.192604 0.495057 0.0778646 0.191927 0.825408
0 0.382926 0.503884 0.0785887 0.193619 0.763353
0 0.805477 0.498856 0.0599471 0.234844 0.749011
0 0.911556 0.365726 0.0344418 0.114665 0.672583
0 0.614361 0.51071 0.0620459 0.185492 0.621496
