0 0.96798 0.562575 0.0632515 0.356733 0.857476
0 0.175702 0.757665 0.109909 0.320394 0.665919
0 0.229883 0.540811 0.0793606 0.322944 0.640745
0 0.8026 0.47119 0.125575 0.255842 0.637016
0 0.267526 0.746114 0.0996939 0.291749 0.616666
0 0.859918 0.698075 0.0913769 0.310915 0.60822
0 0.609297 0.478377 0.0808939 0.2342 0.602536
0 0.304563 0.543673 0.0826792 0.272025 0.573445
0 0.78232 0.693169 0.0885612 0.336738 0.553581
0 0.372744 0.511914 0.0887536 0.274892 0.538579
0 0.705965 0.70294 0.0918638 0.305259 0.509636
