0 0.408059 0.522501 0.0679512 0.426214 0.765493
0 0.772821 0.549464 0.0842752 0.486566 0.734426
0 0.255734 0.669905 0.0930516 0.345086 0.722641
0 0.314196 0.522665 0.0730138 0.409701 0.714671
0 0.6494 0.552871 0.0707054 0.43382 0.711956
0 0.930389 0.589024 0.0851245 0.454585 0.696096
0 0.062437 0.638032 0.102056 0.303643 0.65661
0 0.195935 0.516627 0.0646325 0.392407 0.640548
0 0.118402 0.498798 0.0681516 0.410195 0.618034
0 0.525249 0.513115 0.0810876 0.44579 0.594215
0 0.733877 0.74492 0.0818867 0.37274 0.578107
0 0.579249 0.48273 0.0712577 0.444649 0.55653
0 0.497621 0.707728 0.091099 0.341616 0.523525
