0 0.213446 0.63762 0.159297 0.685244 0.906781
0 0.105249 0.491611 0.0641417 0.241139 0.866984
0 0.348566 0.512209 0.107123 0.389659 0.856635
0 0.498856 0.721716 0.136 0.329312 0.849119
0 0.78384 0.782221 0.171963 0.431268 0.795755
0 0.699032 0.517236 0.197794 0.371167 0.776224
0 0.458152 0.487701 0.123064 0.331676 0.774823
0 0.627348 0.734894 0.165757 0.362871 0.773912
0 0.280295 0.760524 0.147433 0.372057 0.710972
0 0.389115 0.737209 0.132931 0.333795 0.708901
0 0.046795 0.544257 0.0694159 0.159075 0.692419
0 0.632932 0.471802 0.12085 0.339005 0.609583
0 0.557041 0.573281 0.0977087 0.483482 0.561623
