0 0.608086 0.64998 0.091382 0.388683 0.753629
0 0.857112 0.617581 0.0741104 0.330808 0.749724
0 0.708052 0.630118 0.0900922 0.396813 0.694048
0 0.451885 0.649728 0.10508 0.439146 0.682344
0 0.337245 0.659576 0.0958228 0.456777 0.625957
0 0.0386573 0.665959 0.0770011 0.42772 0.611519
0 0.1237 0.658413 0.0919667 0.433349 0.602804
0 0.221407 0.647022 0.085821 0.41332 0.57669
0 0.534535 0.627354 0.071258 0.320195 0.545102
0 0.931091 0.580883 0.0564756 0.329581 0.534534
0 0.78273 0.623978 0.0681694 0.338378 0.521164
0 0.39947 0.630626 0.0529326 0.392592 0.435582
0 0.168315 0.644141 0.0568214 0.419613 0.414119
0 0.963616 0.588423 0.0432288 0.307539 0.344846
0 0.283582 0.660278 0.0618996 0.390111 0.28025
0 0.654236 0.607224 0.0488846 0.303698 0.267786
0 0.814861 0.586307 0.0419533 0.274212 0.179582
0 0.98873 0.580435 0.0221546 0.180248 0.169048
0 0.746031 0.599396 0.0400383 0.292949 0.11386
0 0.486103 0.620921 0.044602 0.320952 0.113682
