0 0.256484 0.528388 0.130823 0.60605
0 0.447899 0.52245 0.107874 0.582637
0 0.799136 0.471822 0.117656 0.449681
0 0.884326 0.46426 0.0946268 0.444509
0 0.153105 0.531608 0.118297 0.575231
0 0.37971 0.371201 0.0499039 0.303461
0 0.690166 0.49519 0.103669 0.507799
0 0.51973 0.51054 0.0797447 0.567429
0 0.336446 0.586387 0.0755932 0.311667
0 0.606783 0.501134 0.0742191 0.481672
0 0.190875 0.60693 0.0512615 0.290763
0 0.178813 0.607486 0.0765278 0.298169
0 0.309114 0.348589 0.0588488 0.229709
0 0.733441 0.501773 0.044408 0.430792
0 0.552041 0.313356 0.0407265 0.145079
0 0.306326 0.307958 0.0612071 0.147254
0 0.725469 0.516034 0.0604429 0.444611
0 0.551985 0.353428 0.0423267 0.226016
0 0.227652 0.272127 0.034757 0.0740496
0 0.156761 0.618231 0.126535 0.312194
0 0.318762 0.353414 0.0554876 0.228962
