0 0.813751 0.46677 0.122074 0.355568 0.873075
0 0.447499 0.511217 0.0945564 0.426242 0.861903
0 0.244707 0.448049 0.0933152 0.388852 0.854611
0 0.700383 0.436319 0.0847953 0.317094 0.849357
0 0.600708 0.466274 0.198655 0.445846 0.817033
0 0.501201 0.412992 0.0663068 0.306905 0.807962
0 0.34895 0.395457 0.0524159 0.192573 0.797405
0 0.301932 0.405486 0.0482529 0.226504 0.788259
0 0.634055 0.418953 0.065587 0.265315 0.710945
0 0.0156266 0.391059 0.0310996 0.197248 0.690398
0 0.876926 0.423392 0.0504982 0.274982 0.403695
0 0.0149925 0.576438 0.0298261 0.22284 0.230305
0 0.87634 0.386613 0.0439846 0.190528 0.213779
0 0.0157456 0.439246 0.0314842 0.295045 0.158081
