0 0.257018 0.558802 0.184569 0.731199
0 0.406266 0.539691 0.133933 0.553481
0 0.573454 0.49444 0.15063 0.489172
0 0.78582 0.564601 0.209334 0.783983
0 0.691723 0.500766 0.0896656 0.457665
0 0.922462 0.538324 0.114876 0.527984
0 0.163349 0.362732 0.038144 0.137712
0 0.350678 0.370475 0.0387791 0.110553
0 0.0871518 0.384744 0.025325 0.151438
0 0.123299 0.36579 0.0518059 0.140244
0 0.979815 0.342205 0.0396552 0.120171
0 0.948672 0.33864 0.0564495 0.129714
0 0.0117133 0.345092 0.0233611 0.123881
0 0.196719 0.325718 0.0227198 0.0333534
0 0.868725 0.306087 0.0311897 0.0617783
0 0.0119036 0.386227 0.0237077 0.205446
0 0.651866 0.346078 0.03268 0.126917
0 0.957706 0.657949 0.0839881 0.361707
0 0.950656 0.376955 0.0589061 0.20427
0 0.955476 0.594083 0.0851742 0.466991
0 0.00696929 0.354117 0.0139005 0.106065
0 0.985574 0.337926 0.028086 0.109056
0 0.352269 0.347896 0.0351094 0.0664874
0 0.65231 0.378317 0.0353307 0.191866
0 0.657475 0.305748 0.0225173 0.0451439
0 0.192995 0.342211 0.0320954 0.061983
0 0.122553 0.33833 0.0482665 0.0841692
0 0.609907 0.462955 0.0701551 0.31714
