0 0.101022 0.649995 0.121948 0.471244
0 0.948125 0.634388 0.1016 0.439123
0 0.164925 0.750635 0.140625 0.321303
0 0.357931 0.741075 0.0914499 0.283591
0 0.443383 0.732776 0.0938371 0.299061
0 0.775603 0.725675 0.102118 0.306054
0 0.686404 0.729973 0.0961735 0.28996
0 0.605133 0.741209 0.0839163 0.289813
0 0.267718 0.728923 0.095686 0.285347
0 0.863023 0.699886 0.129808 0.327872
0 0.519134 0.730579 0.0976781 0.297314
0 0.645075 0.538333 0.0837138 0.265884
0 0.185614 0.553129 0.0783472 0.248671
0 0.364385 0.551798 0.0742989 0.249492
0 0.420293 0.543196 0.0548515 0.240019
0 0.249324 0.58645 0.0774013 0.261735
0 0.587268 0.546839 0.0649635 0.231525
0 0.826444 0.527737 0.0683544 0.204811
0 0.469314 0.542528 0.0637142 0.224606
0 0.520976 0.545805 0.077954 0.250828
0 0.311924 0.568019 0.0816888 0.262005
0 0.720738 0.558238 0.0814819 0.258739
0 0.767094 0.531677 0.0719517 0.214094
0 0.879742 0.520258 0.0648548 0.202851
