0 0.486902 0.578199 0.134582 0.365709
0 0.749149 0.497362 0.0674988 0.212056
0 0.939229 0.497617 0.0770504 0.248054
0 0.236285 0.432049 0.0279122 0.111834
0 0.0804669 0.455066 0.0510129 0.13757
0 0.328553 0.441192 0.0328098 0.0969928
0 0.275638 0.436982 0.0261815 0.0944927
0 0.442836 0.45913 0.0448781 0.136351
0 0.166963 0.429296 0.0301807 0.128918
0 0.158379 0.418252 0.0180861 0.104542
0 0.292313 0.430628 0.0247439 0.104465
0 0.0475334 0.426371 0.0264136 0.0882799
0 0.161057 0.423986 0.0224658 0.1173
0 0.137441 0.403591 0.0145944 0.069193
0 0.110062 0.416244 0.0255642 0.0757892
0 0.870706 0.427293 0.0269104 0.0697011
0 0.17201 0.428112 0.020108 0.123348
0 0.109772 0.406368 0.0226426 0.057113
0 0.109837 0.431794 0.0281611 0.101697
0 0.898657 0.401016 0.0142704 0.0405249
0 0.296286 0.42526 0.0309579 0.0885982
