0 0.418081 0.729366 0.112245 0.336996 0.907782
0 0.105017 0.202466 0.0994462 0.0917165 0.752397
0 0.316631 0.827908 0.123236 0.114688 0.75163
0 0.91566 0.459548 0.114508 0.0857528 0.740653
0 0.943153 0.902951 0.113246 0.187743 0.7077
0 0.566381 0.410583 0.114345 0.094904 0.698226
0 0.462357 0.289021 0.0669923 0.0783582 0.648779
0 0.245114 0.382894 0.0918298 0.0905988 0.632683
0 0.587795 0.461592 0.0797476 0.0745002 0.615625
0 0.665621 0.765608 0.145736 0.0861736 0.566623
0 0.315641 0.230621 0.0604944 0.074013 0.538414
0 0.554803 0.154117 0.0562862 0.0762791 0.45498
0 0.945101 0.115228 0.0531299 0.0523172 0.430928
0 0.764499 0.0883282 0.0576218 0.0522709 0.410602
0 0.392608 0.176209 0.104127 0.0774507 0.392226
0 0.134855 0.282857 0.0592311 0.0602938 0.37563
0 0.830645 0.0547855 0.060252 0.0630551 0.334358
0 0.168096 0.775603 0.104135 0.109338 0.311302
0 0.16957 0.822371 0.103371 0.204869 0.280025
0 0.667728 0.832712 0.148633 0.223602 0.258763
0 0.146551 0.825946 0.146631 0.212583 0.206421
0 0.907362 0.0885679 0.0485298 0.104605 0.191356
0 0.113931 0.0408764 0.0587862 0.0515122 0.175133
0 0.944328 0.859756 0.110851 0.0999147 0.164735
0 0.166872 0.765542 0.0877558 0.0895213 0.161849
0 0.586765 0.524988 0.12533 0.201942 0.141925
0 0.902801 0.0788909 0.0563786 0.0844958 0.131178
0 0.27451 0.128 0.101564 0.0577324 0.115443
0 0.547255 0.0292387 0.0722568 0.0584773 0.110143
