0 0.101398 0.631584 0.0796153 0.336265
0 0.0321405 0.610063 0.0640617 0.269841
0 0.760256 0.664263 0.118883 0.424471
0 0.335142 0.610364 0.0585552 0.269193
0 0.914737 0.692806 0.0888016 0.458168
0 0.183948 0.63235 0.0576162 0.275523
0 0.272698 0.613347 0.050961 0.240352
0 0.435827 0.638681 0.0587889 0.267475
0 0.602938 0.651386 0.0659843 0.318577
0 0.965267 0.652161 0.0645847 0.392098
0 0.852709 0.628222 0.0763524 0.344399
0 0.213466 0.609375 0.0487943 0.246758
0 0.700962 0.601316 0.0520977 0.226729
0 0.652541 0.623048 0.0565412 0.253305
0 0.564404 0.630323 0.0402794 0.247867
0 0.505294 0.611391 0.0505031 0.219747
0 0.394062 0.611892 0.0510877 0.253976
0 0.377593 0.597135 0.034684 0.22639
0 0.536975 0.620059 0.0352268 0.233775
0 0.403599 0.616154 0.0490794 0.260408
0 0.512646 0.611627 0.0413094 0.229455
0 0.733468 0.595237 0.0276531 0.197546
0 0.80857 0.633874 0.0444099 0.321203
0 0.981025 0.690439 0.0375574 0.447343
