0 0.367321 0.641335 0.280446 0.696056 0.839884
0 0.608245 0.584918 0.287766 0.629005 0.764923
0 0.189297 0.485104 0.0426525 0.211489 0.699742
0 0.131231 0.485045 0.0379945 0.20286 0.683963
0 0.224507 0.470908 0.0412296 0.218022 0.660919
0 0.162291 0.484307 0.0432107 0.210328 0.623262
0 0.268246 0.432411 0.0191085 0.0875897 0.407642
0 0.286127 0.439153 0.0207003 0.112456 0.38634
0 0.847586 0.579163 0.0961651 0.451603 0.360378
0 0.0652522 0.473565 0.0378067 0.160908 0.357929
0 0.983256 0.41199 0.0325756 0.177035 0.292798
0 0.845498 0.510334 0.0931879 0.304492 0.279014
0 0.745268 0.445504 0.0730206 0.234896 0.26136
0 0.247647 0.429906 0.0172646 0.0833008 0.258442
0 0.107793 0.470519 0.029828 0.129823 0.225871
0 0.0348146 0.444766 0.0248816 0.105039 0.180306
0 0.303018 0.445839 0.0202963 0.0909965 0.175889
0 0.0789614 0.473832 0.0353344 0.158862 0.148814
0 0.10426 0.45986 0.0230064 0.110379 0.145762
0 0.983589 0.448238 0.032196 0.246503 0.121279
0 0.52883 0.399071 0.0675446 0.242137 0.120259
0 0.0345768 0.471182 0.0252064 0.15882 0.112602
0 0.250481 0.431729 0.017564 0.0831958 0.109731
0 0.0926519 0.48106 0.0239626 0.144636 0.102681
