0 0.780026 0.591307 0.160341 0.789587
0 0.421445 0.553141 0.125234 0.590471
0 0.335216 0.541931 0.0797398 0.326921
0 0.592367 0.478935 0.0594781 0.290814
0 0.23281 0.469987 0.052784 0.225114
0 0.27461 0.50378 0.0528507 0.239509
0 0.189316 0.45703 0.0392714 0.171585
0 0.521925 0.45885 0.0431815 0.247739
0 0.550525 0.463354 0.0514487 0.257251
0 0.488603 0.44999 0.0500284 0.231454
0 0.121108 0.44482 0.0261896 0.112261
0 0.938379 0.419757 0.0307037 0.0710658
0 0.0921236 0.443785 0.029332 0.112669
0 0.71925 0.394814 0.053897 0.187614
0 0.00832065 0.476967 0.0166413 0.162749
0 0.531945 0.460163 0.0543642 0.252352
0 0.549826 0.463603 0.0376611 0.237001
0 0.719335 0.428016 0.0531487 0.284794
0 0.00774148 0.511603 0.0154584 0.0935708
0 0.718462 0.482734 0.056126 0.384928
0 0.659597 0.431812 0.045454 0.175661
0 0.497876 0.458704 0.0420333 0.2286
0 0.895054 0.427671 0.0351193 0.061027
0 0.89014 0.423796 0.0437466 0.068232
0 0.1623 0.442827 0.0261161 0.11577
0 0.931256 0.423909 0.0432388 0.069157
0 0.859319 0.47999 0.0354332 0.0851389
0 0.680532 0.397698 0.0304157 0.119497
0 0.924439 0.425237 0.0311093 0.0627611
