0 0.0806345 0.587056 0.0946727 0.459405
0 0.101445 0.674212 0.116279 0.414243
0 0.889074 0.626282 0.0989426 0.551183
0 0.767127 0.752154 0.101596 0.312672
0 0.234719 0.762827 0.0912342 0.274732
0 0.197868 0.661148 0.0925182 0.40102
0 0.215024 0.448376 0.0837675 0.181945
0 0.273926 0.426901 0.0904187 0.200832
0 0.848846 0.664518 0.111899 0.460184
0 0.160856 0.466603 0.073821 0.201411
0 0.735636 0.591112 0.0765076 0.188028
0 0.675187 0.47877 0.0769638 0.105831
0 0.607342 0.497078 0.0621575 0.0974676
0 0.418994 0.491589 0.0711396 0.119469
0 0.483034 0.49852 0.074127 0.109111
0 0.460481 0.433691 0.0701148 0.159244
0 0.547303 0.491343 0.0701593 0.116156
0 0.756001 0.503505 0.0764437 0.285688
0 0.258168 0.604774 0.0669679 0.213174
0 0.347669 0.420736 0.070959 0.168977
0 0.578668 0.434413 0.0617656 0.15444
0 0.718616 0.433135 0.0542072 0.162205
0 0.350191 0.481736 0.0745652 0.100739
0 0.392079 0.44147 0.0473827 0.138294
0 0.518343 0.436568 0.0470446 0.136317
0 0.663727 0.435933 0.0775675 0.149914
0 0.629339 0.406468 0.0527534 0.121007
0 0.814645 0.516154 0.0786861 0.310868
0 0.549106 0.372861 0.0368473 0.115464
0 0.745113 0.519116 0.0770272 0.309804
0 0.321493 0.666968 0.135603 0.478531
0 0.750913 0.475622 0.0707197 0.226167
