0 0.40003 0.713769 0.128329 0.523389 0.890235
0 0.637144 0.707515 0.125496 0.530626 0.873237
0 0.518375 0.705819 0.133724 0.541453 0.870468
0 0.23777 0.515426 0.0966576 0.410162 0.855034
0 0.790231 0.509831 0.102092 0.407918 0.851514
0 0.3094 0.588936 0.0986358 0.442219 0.83193
0 0.698539 0.568348 0.104998 0.458775 0.739059
0 0.404 0.468708 0.107751 0.251817 0.540434
0 0.586902 0.469365 0.0904224 0.265403 0.473927
0 0.628184 0.363018 0.0683336 0.163359 0.409537
0 0.497643 0.461628 0.0942854 0.244899 0.384994
0 0.534587 0.361416 0.0714669 0.172243 0.370952
0 0.908874 0.50886 0.0334053 0.124307 0.353231
0 0.71854 0.513711 0.066734 0.410118 0.30963
0 0.445335 0.3731 0.0656641 0.165008 0.291091
0 0.583844 0.573722 0.091992 0.469881 0.249524
0 0.353186 0.395593 0.0638176 0.167642 0.223426
0 0.867522 0.513896 0.026917 0.117821 0.205388
0 0.91321 0.51063 0.023917 0.122029 0.194875
0 0.716246 0.381103 0.0599524 0.146288 0.125901
0 0.895517 0.511178 0.024448 0.119614 0.104791
