0 0.100292 0.726664 0.10788 0.528867
0 0.510464 0.765448 0.135365 0.463615
0 0.619022 0.735507 0.0954212 0.520739
0 0.824544 0.680257 0.0817997 0.388928
0 0.308148 0.761079 0.0759612 0.452087
0 0.420409 0.731416 0.075092 0.51575
0 0.194983 0.744245 0.0917455 0.432223
0 0.737211 0.73049 0.116392 0.519213
0 0.255558 0.757746 0.0713639 0.456087
0 0.945554 0.662606 0.0996115 0.335423
0 0.365532 0.722211 0.0700106 0.451364
0 0.46919 0.764544 0.0537311 0.455241
0 0.546809 0.582684 0.058787 0.152197
0 0.201571 0.511271 0.0566397 0.131332
0 0.737253 0.655359 0.114432 0.369604
0 0.282238 0.756649 0.126422 0.46742
0 0.661871 0.623788 0.0741718 0.178839
0 0.471105 0.627001 0.0452067 0.166461
0 0.313013 0.455374 0.0398781 0.0969176
0 0.554317 0.597021 0.0495018 0.164858
0 0.393092 0.54152 0.0351829 0.121274
