0 0.215048 0.672199 0.156271 0.328398
0 0.0810829 0.691857 0.112166 0.352189
0 0.754487 0.599758 0.0640806 0.261688
0 0.894107 0.650085 0.0466526 0.207568
0 0.847615 0.639728 0.0569475 0.196362
0 0.975924 0.665527 0.0477634 0.213004
0 0.360208 0.640756 0.0915473 0.273159
0 0.931667 0.6644 0.051552 0.199839
0 0.297705 0.652973 0.082046 0.293055
0 0.671579 0.518511 0.063779 0.0941548
0 0.805247 0.642069 0.0468575 0.175495
0 0.432174 0.689331 0.145456 0.264094
0 0.0364399 0.527367 0.0711969 0.138114
0 0.549509 0.657053 0.122463 0.242507
0 0.424626 0.539809 0.0525037 0.114123
0 0.804068 0.528214 0.049112 0.118661
0 0.163636 0.608177 0.0645703 0.243707
0 0.835834 0.544259 0.0286514 0.0652658
0 0.165431 0.560065 0.0608861 0.14896
0 0.03337 0.610488 0.0665697 0.29326
0 0.870645 0.533599 0.0384474 0.0673597
0 0.672418 0.56861 0.0657253 0.194711
