0 0.115271 0.676883 0.131606 0.400286
0 0.951372 0.561679 0.0607181 0.16646
0 0.15982 0.648148 0.0942773 0.327607
0 0.254131 0.66737 0.0890078 0.384028
0 0.796053 0.562377 0.0533413 0.189261
0 0.747325 0.560795 0.0398431 0.183561
0 0.550363 0.590226 0.064073 0.13418
0 0.364966 0.659897 0.0870497 0.333353
0 0.678485 0.567313 0.0495245 0.177585
0 0.458388 0.599143 0.0439667 0.116349
0 0.612138 0.582502 0.0449818 0.12032
0 0.287776 0.645445 0.0652405 0.308337
0 0.625647 0.486193 0.0342976 0.0687424
0 0.72074 0.529417 0.0257517 0.119413
0 0.693274 0.55213 0.0298488 0.1747
0 0.69365 0.521833 0.0319204 0.115887
0 0.666392 0.484306 0.0266517 0.0668524
0 0.598062 0.487105 0.0255574 0.0673083
0 0.32654 0.670636 0.0470804 0.20741
0 0.582542 0.551466 0.0333938 0.067684
0 0.646269 0.485516 0.0208542 0.0655752
0 0.637526 0.547001 0.0248205 0.0590204
0 0.587642 0.541036 0.0231498 0.0563869
0 0.584485 0.57607 0.0411383 0.104763
0 0.697648 0.569143 0.0200998 0.128754
