0 0.422345 0.683384 0.159643 0.449879
0 0.68373 0.64187 0.13645 0.381399
0 0.290056 0.642733 0.124203 0.347768
0 0.53122 0.635813 0.0786002 0.268763
0 0.980472 0.625833 0.0385433 0.26288
0 0.883899 0.62443 0.0488914 0.24082
0 0.788671 0.648896 0.0596428 0.259826
0 0.644468 0.562363 0.0408386 0.0678403
0 0.179871 0.649283 0.0555313 0.207032
0 0.0540148 0.650654 0.0534821 0.242314
0 0.956171 0.611932 0.037322 0.209072
0 0.608918 0.56506 0.0409788 0.0685527
0 0.911913 0.577843 0.0316025 0.175216
0 0.092481 0.644814 0.0443262 0.231629
0 0.138688 0.647976 0.0507547 0.211692
0 0.389348 0.634835 0.0484423 0.178506
0 0.349549 0.633973 0.0353085 0.171311
0 0.672476 0.556477 0.0339975 0.0645558
0 0.616318 0.524232 0.0322943 0.07795
0 0.818219 0.598116 0.0304924 0.191434
0 0.118256 0.694637 0.0354977 0.147924
0 0.230687 0.627026 0.0450338 0.240868
0 0.0091508 0.687668 0.0181183 0.265164
0 0.2809 0.635487 0.0397914 0.158697
0 0.0183455 0.666323 0.0365592 0.262428
0 0.577661 0.571979 0.0281013 0.0619296
0 0.00829197 0.681324 0.0165032 0.196035
0 0.843562 0.552094 0.0322521 0.143918
0 0.0095042 0.763265 0.0187481 0.465636
0 0.968746 0.625659 0.0585216 0.255352
0 0.273496 0.548472 0.0360567 0.081111
0 0.249288 0.629378 0.0375078 0.224647
0 0.583647 0.571646 0.0391489 0.0639603
