0 0.719525 0.696306 0.0829963 0.415279 0.605764
0 0.847771 0.613038 0.0674435 0.322646 0.605033
0 0.573341 0.662644 0.069679 0.360361 0.52175
0 0.780806 0.341886 0.0575581 0.325786 0.519262
0 0.719638 0.0675512 0.0413053 0.135102 0.514589
0 0.0369007 0.506611 0.0563442 0.312396 0.462735
0 0.867872 0.499576 0.0638009 0.29597 0.421884
0 0.623558 0.604726 0.061941 0.322491 0.421494
0 0.344989 0.655591 0.0615705 0.347893 0.4162
0 0.0934978 0.530003 0.0703807 0.309463 0.405878
0 0.151631 0.552201 0.0654738 0.31642 0.401883
0 0.221347 0.58526 0.0678501 0.329961 0.392094
0 0.286137 0.623359 0.0611763 0.341259 0.373091
0 0.451336 0.712141 0.0792997 0.347535 0.333578
0 0.411192 0.588213 0.064891 0.319503 0.253003
0 0.663072 0.539306 0.0541504 0.304992 0.251557
0 0.500135 0.634954 0.0609889 0.320536 0.223634
0 0.478327 0.491615 0.0392876 0.218739 0.150052
0 0.752548 0.649741 0.044694 0.340981 0.140809
0 0.294098 0.233338 0.0433423 0.150449 0.140013
0 0.317972 0.450072 0.0478654 0.238073 0.139204
0 0.425127 0.410984 0.0491598 0.207922 0.138483
0 0.255515 0.517858 0.0488999 0.317489 0.129507
