0 0.0883657 0.657798 0.176731 0.64427 0.882051
0 0.756592 0.58034 0.273842 0.598531 0.85315
0 0.323303 0.651199 0.163776 0.693108 0.822152
0 0.9162 0.618766 0.167334 0.747979 0.814472
0 0.207348 0.572176 0.173249 0.435446 0.804517
0 0.566512 0.521255 0.141063 0.343812 0.715354
0 0.837129 0.559539 0.133587 0.63948 0.620768
0 0.519898 0.63461 0.159365 0.385925 0.578757
0 0.972794 0.257255 0.0544119 0.126484 0.34063
0 0.415905 0.56676 0.0827983 0.315035 0.292117
0 0.917686 0.546355 0.05677 0.230187 0.268108
0 0.0985736 0.411549 0.0662346 0.203984 0.237066
0 0.138456 0.560114 0.0776542 0.442082 0.210867
0 0.646477 0.480038 0.0949531 0.436757 0.185795
0 0.686691 0.600985 0.126951 0.474415 0.179244
0 0.495524 0.632308 0.110143 0.38868 0.155476
0 0.138185 0.430704 0.0753632 0.170061 0.153147
0 0.114387 0.545301 0.0982205 0.471138 0.114103
0 0.0909059 0.396079 0.0535827 0.166504 0.113753
