0 0.492644 0.595547 0.228009 0.748598 0.891224
0 0.162362 0.606077 0.118117 0.632121 0.86151
0 0.677295 0.567394 0.11657 0.563065 0.801453
0 0.767185 0.585307 0.123418 0.613565 0.801377
0 0.624169 0.568469 0.0827671 0.558841 0.719904
0 0.249608 0.610785 0.0957612 0.548451 0.610232
0 0.961327 0.485627 0.0715166 0.282981 0.544666
0 0.857581 0.512508 0.0378513 0.173381 0.515953
0 0.888103 0.462626 0.0414173 0.249761 0.476748
0 0.318448 0.636337 0.0717564 0.411035 0.470376
0 0.563678 0.529619 0.0741945 0.625835 0.412683
0 0.269683 0.607866 0.135778 0.55528 0.411286
0 0.968389 0.482459 0.051909 0.260231 0.302475
0 0.0245756 0.502115 0.0491372 0.290591 0.255072
0 0.0815975 0.537344 0.0654308 0.174394 0.253377
0 0.0844273 0.417832 0.0380684 0.122283 0.248329
0 0.562488 0.616935 0.0706495 0.439811 0.2413
0 0.91973 0.557975 0.0330772 0.0892934 0.208411
0 0.856573 0.425222 0.0355777 0.0762635 0.195871
0 0.411191 0.566689 0.0775344 0.514855 0.176274
0 0.0555348 0.435864 0.0362179 0.168717 0.151269
0 0.991401 0.476773 0.01645 0.242561 0.148841
0 0.319487 0.589764 0.0897778 0.49982 0.133117
0 0.0487643 0.456055 0.0353154 0.135073 0.132914
0 0.355688 0.599645 0.0450757 0.381868 0.126973
0 0.930263 0.464331 0.0421844 0.22027 0.112192
