0 0.108104 0.882758 0.124215 0.228335 0.862117
0 0.728213 0.793569 0.0644753 0.198671 0.759661
0 0.241135 0.83187 0.0797141 0.212308 0.73461
0 0.377388 0.797026 0.0406351 0.128228 0.683012
0 0.615853 0.844049 0.0825228 0.241108 0.668889
0 0.866831 0.78469 0.0664947 0.173006 0.668642
0 0.445769 0.794193 0.0587837 0.177155 0.625346
0 0.926441 0.767414 0.0553123 0.191428 0.505562
0 0.55585 0.800715 0.0563093 0.14101 0.485847
0 0.812861 0.753793 0.0368788 0.116244 0.358558
0 0.156224 0.786381 0.0277433 0.139992 0.340642
0 0.275264 0.813213 0.0642465 0.141566 0.338613
0 0.984896 0.730232 0.0280564 0.105892 0.235198
0 0.657993 0.749779 0.0302818 0.113512 0.171736
0 0.194385 0.757318 0.0273004 0.108987 0.109803
0 0.277077 0.760209 0.0265902 0.0947293 0.10132
0 0.261081 0.845397 0.0935764 0.177668 0.100829
