0 0.723959 0.708991 0.414467 0.566253
0 0.264536 0.711944 0.164212 0.559153
0 0.420628 0.747588 0.200085 0.496335
0 0.430917 0.47889 0.114714 0.191162
0 0.584691 0.581506 0.0724281 0.265105
0 0.506962 0.660032 0.111915 0.325628
0 0.529118 0.502135 0.0594019 0.157726
0 0.710301 0.518015 0.0322817 0.157197
0 0.736389 0.521981 0.0307017 0.15146
0 0.663913 0.530548 0.0283928 0.133664
0 0.506931 0.740213 0.109177 0.477048
0 0.650639 0.500643 0.0311938 0.150197
0 0.630399 0.509206 0.0222415 0.106339
0 0.65933 0.524336 0.0365952 0.144741
0 0.691185 0.534348 0.0217375 0.122702
0 0.529524 0.54947 0.0605267 0.250931
