0 0.584717 0.665245 0.0770501 0.320183
0 0.921596 0.686564 0.0939491 0.333461
0 0.96969 0.681146 0.0600162 0.289224
0 0.639166 0.632136 0.0491544 0.229143
0 0.765582 0.685312 0.0611477 0.285087
0 0.0113452 0.455253 0.0226143 0.055367
0 0.867251 0.652014 0.0468273 0.217612
0 0.715609 0.68887 0.068547 0.309211
0 0.677232 0.670918 0.0487917 0.255262
0 0.808979 0.678417 0.0636532 0.265652
0 0.826111 0.638786 0.0424795 0.206567
0 0.053327 0.459372 0.0287094 0.0525887
0 0.462234 0.568049 0.0237926 0.129835
0 0.439444 0.56402 0.0307337 0.0957508
0 0.048994 0.459906 0.0380782 0.0571056
0 0.131649 0.465222 0.0216502 0.0426228
0 0.798444 0.673875 0.0487489 0.26067
0 0.21217 0.473924 0.0285522 0.045601
0 0.499273 0.548968 0.0277301 0.136395
0 0.797171 0.675868 0.0728739 0.26237
0 0.534479 0.63968 0.0362254 0.231444
0 0.036641 0.459337 0.0225962 0.0630639
0 0.566074 0.521185 0.0243668 0.0860539
0 0.042478 0.456362 0.0319861 0.0590175
0 0.285527 0.48255 0.0171581 0.041467
0 0.242011 0.475851 0.0182074 0.0454475
0 0.7828 0.676034 0.0407041 0.255222
0 0.158765 0.472081 0.0245273 0.0380061
