0 0.933798 0.663409 0.100047 0.203403 0.893392
0 0.353035 0.664648 0.071875 0.212456 0.866434
0 0.447972 0.678993 0.106577 0.221935 0.776246
0 0.793258 0.669976 0.133233 0.197198 0.720455
0 0.513669 0.669294 0.0803114 0.176803 0.676748
0 0.609958 0.668472 0.0671463 0.216439 0.644798
0 0.676463 0.664845 0.0536299 0.159442 0.583321
0 0.183008 0.625606 0.0449005 0.0782969 0.456263
0 0.224836 0.613305 0.0497917 0.101695 0.372533
0 0.0514382 0.692656 0.0862792 0.227201 0.284535
0 0.273537 0.656121 0.0714743 0.168512 0.277365
0 0.273326 0.615804 0.0706809 0.086726 0.242556
0 0.057954 0.62373 0.0695016 0.088074 0.180404
0 0.764564 0.674186 0.0766418 0.191265 0.175223
0 0.208264 0.613101 0.0804563 0.102785 0.158777
0 0.246308 0.653694 0.12469 0.175481 0.137775
0 0.752351 0.670865 0.0514959 0.178849 0.128329
0 0.641624 0.67663 0.0486048 0.124298 0.122137
0 0.552431 0.665321 0.0459922 0.128923 0.116278
0 0.187596 0.613386 0.0304209 0.0552966 0.102213
0 0.544388 0.665462 0.0518091 0.124702 0.101027
