0 0.942032 0.52625 0.115622 0.46378
0 0.297447 0.550797 0.118004 0.478791
0 0.778625 0.535303 0.142892 0.455632
0 0.8554 0.457487 0.0846107 0.375367
0 0.571392 0.550531 0.128633 0.476095
0 0.0762796 0.548359 0.105171 0.488482
0 0.134579 0.487138 0.0905581 0.372648
0 0.654709 0.470076 0.0710068 0.354234
0 0.497465 0.469618 0.074654 0.366766
0 0.352953 0.475268 0.0738734 0.362491
0 0.458885 0.442332 0.0630169 0.262658
0 0.690806 0.425052 0.0430541 0.305389
0 0.0167306 0.402872 0.0323241 0.170017
0 0.161506 0.409131 0.0324079 0.155695
0 0.41167 0.39888 0.0291517 0.153319
0 0.383334 0.408713 0.0411668 0.214124
0 0.695917 0.437481 0.031404 0.278746
0 0.241546 0.402802 0.0286769 0.154542
