0 0.611747 0.65149 0.0357527 0.121729
0 0.533051 0.658733 0.0185412 0.0716503
0 0.747831 0.644358 0.0207759 0.0929705
0 0.303178 0.641756 0.0145421 0.0566244
0 0.511352 0.66188 0.0173006 0.0664323
0 0.511346 0.652528 0.0148214 0.050607
0 0.516496 0.661522 0.0213082 0.0701216
0 0.31802 0.638372 0.0128735 0.0577962
0 0.522575 0.662241 0.0162047 0.068081
0 0.748395 0.622714 0.0178043 0.0490321
0 0.351125 0.692113 0.0478731 0.0923189
0 0.586883 0.61808 0.0152844 0.049178
0 0.327507 0.672191 0.0287033 0.0634382
0 0.53646 0.660237 0.0276669 0.0676939
0 0.606441 0.644603 0.0343699 0.106079
