0 0.660551 0.557296 0.0308075 0.139381
0 0.702616 0.566608 0.0267267 0.12494
0 0.726116 0.56316 0.0286984 0.142137
0 0.749928 0.567145 0.0280207 0.148593
0 0.309728 0.567919 0.0214987 0.104068
0 0.771446 0.563905 0.0204478 0.127908
0 0.625677 0.564953 0.0181052 0.126719
0 0.639171 0.563533 0.0265134 0.128332
0 0.167441 0.561118 0.0228485 0.131747
0 0.629673 0.564412 0.0259115 0.127863
0 0.760634 0.567189 0.0365406 0.143097
0 0.115027 0.561838 0.0419543 0.129101
0 0.642094 0.565132 0.021215 0.114332
0 0.68189 0.553327 0.0225303 0.0878476
0 0.681342 0.54539 0.0201935 0.0671024
0 0.7351 0.568179 0.0226676 0.148961
0 0.74515 0.569236 0.0278617 0.153411
0 0.173148 0.560097 0.032833 0.134719
0 0.114804 0.544718 0.0342414 0.0916422
