0 0.496564 0.661648 0.143355 0.655187 0.911844
0 0.248401 0.650348 0.138161 0.666466 0.909087
0 0.885286 0.656757 0.170162 0.668832 0.90821
0 0.788332 0.667344 0.130917 0.651662 0.904547
0 0.355499 0.650602 0.189902 0.693153 0.903773
0 0.644993 0.684963 0.113377 0.602297 0.889655
0 0.103546 0.623915 0.181562 0.735116 0.855492
0 0.966601 0.675047 0.0661587 0.632246 0.850715
0 0.0282615 0.661233 0.0558576 0.64274 0.811221
0 0.433114 0.435586 0.0377708 0.0903132 0.540066
0 0.840448 0.432128 0.0379002 0.142843 0.383229
0 0.433141 0.542762 0.0395235 0.303001 0.104751
