0 0.0428924 0.687664 0.0857849 0.272285
0 0.970465 0.681037 0.0584786 0.412305
0 0.309248 0.541289 0.0641926 0.203235
0 0.428666 0.536121 0.0639673 0.20683
0 0.118055 0.548132 0.0786259 0.251032
0 0.439006 0.618478 0.0564572 0.0922144
0 0.122733 0.701303 0.0920222 0.21179
0 0.913108 0.587156 0.0741139 0.243397
0 0.249897 0.551015 0.0643074 0.196475
0 0.521058 0.617945 0.0649007 0.0891025
0 0.36908 0.541362 0.0694217 0.201857
0 0.921402 0.755325 0.129088 0.271206
0 0.189179 0.555554 0.0710129 0.210173
0 0.321587 0.682792 0.0584552 0.196891
0 0.278326 0.683704 0.052488 0.181762
0 0.485631 0.537562 0.0606025 0.180234
0 0.378339 0.625999 0.058488 0.0842376
0 0.190701 0.696091 0.0749535 0.189204
0 0.479755 0.637503 0.0384375 0.0518683
0 0.841744 0.562402 0.0745264 0.199571
0 0.628908 0.550149 0.063283 0.179482
0 0.840085 0.744179 0.116037 0.236359
0 0.773086 0.552871 0.0750686 0.204647
0 0.235291 0.684107 0.0587023 0.194509
0 0.690136 0.706391 0.0795931 0.201297
0 0.563045 0.625551 0.05024 0.0657139
0 0.574629 0.563932 0.0596203 0.165377
0 0.744035 0.721585 0.101181 0.212906
0 0.611386 0.625611 0.048564 0.0596278
0 0.686164 0.541115 0.0533477 0.17956
0 0.536689 0.518539 0.052815 0.129001
0 0.727295 0.544042 0.0551836 0.184622
0 0.794426 0.729448 0.0930269 0.215928
