0 0.571949 0.539684 0.12552 0.484644
0 0.193867 0.537375 0.14498 0.452123
0 0.250868 0.512476 0.0838359 0.438246
0 0.382723 0.554958 0.0993373 0.48263
0 0.42774 0.546953 0.0781482 0.480203
0 0.0221255 0.276566 0.0294917 0.117252
0 0.319941 0.296605 0.0442692 0.152241
0 0.512484 0.222849 0.0129032 0.0522135
0 0.0510346 0.265145 0.0259421 0.10984
0 0.0855169 0.264281 0.0258946 0.11064
0 0.714605 0.25298 0.0219084 0.0752514
0 0.870895 0.251111 0.0248387 0.0835578
0 0.226252 0.255674 0.0228218 0.0810193
0 0.730422 0.254628 0.0173666 0.0720539
0 0.39946 0.240809 0.0189735 0.0689993
0 0.805707 0.255236 0.0196488 0.0740558
0 0.897798 0.245417 0.0286712 0.0875274
0 0.256133 0.250693 0.0217199 0.0875554
0 0.450115 0.212544 0.0149938 0.0467605
0 0.736699 0.258144 0.0181412 0.0671774
0 0.733142 0.25724 0.0163482 0.0703385
0 0.740685 0.258713 0.0175894 0.0662475
0 0.779031 0.253243 0.0177933 0.0750186
0 0.786515 0.254601 0.0153888 0.072406
0 0.0714895 0.237611 0.0157038 0.0823476
0 0.772864 0.254633 0.0188774 0.0714027
0 0.897149 0.225936 0.0253182 0.0509047
