0 0.799552 0.687998 0.238568 0.60649
0 0.420881 0.620781 0.13128 0.48085
0 0.319847 0.628345 0.115237 0.324252
0 0.198734 0.59458 0.0676207 0.320825
0 0.576859 0.684224 0.179467 0.461342
0 0.241052 0.630399 0.0770881 0.285374
0 0.979426 0.64258 0.0405868 0.354307
0 0.150831 0.597815 0.0555162 0.278323
0 0.621642 0.570596 0.0556309 0.173353
0 0.831572 0.606265 0.291802 0.429769
0 0.956143 0.498459 0.0311359 0.140899
0 0.623088 0.697735 0.0929041 0.449547
0 0.105584 0.559236 0.0603749 0.336712
0 0.887892 0.625152 0.176716 0.393956
0 0.908303 0.48599 0.0278959 0.11948
0 0.712061 0.506175 0.0593208 0.112364
0 0.521646 0.705391 0.0916396 0.400552
0 0.0635062 0.551196 0.0455643 0.316036
0 0.0153959 0.55482 0.0307917 0.242355
0 0.856031 0.455036 0.0442791 0.105355
0 0.0394674 0.558358 0.0297947 0.254704
0 0.61146 0.485689 0.0766934 0.138173
0 0.627937 0.660129 0.070521 0.353024
0 0.595071 0.485393 0.0485173 0.138162
