0 0.202869 0.754447 0.103323 0.321353
0 0.0944646 0.763341 0.106018 0.304286
0 0.899965 0.61667 0.0274179 0.0741082
0 0.75517 0.621671 0.0179897 0.0774475
0 0.457174 0.664655 0.0512508 0.14
0 0.951126 0.606111 0.0296785 0.102123
0 0.56134 0.704896 0.046596 0.195049
0 0.256578 0.62685 0.0311562 0.127751
0 0.417361 0.736773 0.0740549 0.267586
0 0.86389 0.630747 0.0156492 0.0656386
0 0.195993 0.618495 0.0210022 0.0986109
0 0.511975 0.713485 0.0546699 0.163879
0 0.495831 0.755914 0.0865534 0.248439
0 0.333649 0.654963 0.0293658 0.111286
0 0.386311 0.633785 0.0253768 0.0783646
0 0.461603 0.734865 0.0689488 0.277335
0 0.843284 0.625242 0.0148758 0.0648175
0 0.306118 0.712741 0.0647195 0.223478
0 0.718452 0.624874 0.0120171 0.0623096
0 0.434318 0.738374 0.112276 0.268698
0 0.933194 0.602749 0.0245449 0.104412
0 0.0147345 0.614864 0.0182481 0.0962648
0 0.931682 0.618074 0.0240025 0.0725123
0 0.403688 0.671356 0.0452703 0.131935
0 0.0550236 0.614449 0.0213005 0.09389
0 0.840616 0.626234 0.012505 0.065773
0 0.945706 0.604724 0.0320869 0.103913
0 0.497505 0.660384 0.0263474 0.0737264
0 0.505627 0.728176 0.0689114 0.194423
0 0.332746 0.691135 0.0328281 0.184092
0 0.713406 0.622439 0.00923983 0.0576101
0 0.369632 0.620536 0.0174218 0.0643085
0 0.934413 0.581984 0.0219482 0.0648182
0 0.382311 0.637679 0.0325997 0.082795
0 0.406479 0.696851 0.0528885 0.184274
0 0.828237 0.621136 0.0112442 0.0636005
0 0.861585 0.633816 0.0162197 0.070242
0 0.0764786 0.716128 0.0703423 0.205854
