0 0.0498594 0.651192 0.0997189 0.352605
0 0.370777 0.623085 0.0660109 0.3674
0 0.436459 0.645477 0.0697231 0.349707
0 0.498873 0.635332 0.0605979 0.33978
0 0.312813 0.6304 0.059164 0.338113
0 0.549336 0.636475 0.0553148 0.329664
0 0.250139 0.63495 0.0735206 0.330534
0 0.644007 0.643619 0.0562357 0.306667
0 0.814966 0.663715 0.0787567 0.373
0 0.120523 0.644006 0.0785623 0.344963
0 0.185672 0.64005 0.0696236 0.333629
0 0.897688 0.693067 0.103512 0.402899
0 0.596919 0.637331 0.0561802 0.32579
0 0.683324 0.634494 0.0582596 0.296328
0 0.960863 0.683977 0.0771689 0.414641
0 0.733792 0.638848 0.0707794 0.291014
0 0.770176 0.637348 0.0515668 0.308647
0 0.9778 0.6953 0.0437861 0.453271
0 0.760465 0.63574 0.0378349 0.295268
0 0.1568 0.506256 0.0330239 0.0683379
0 0.0105987 0.514564 0.0211975 0.10927
0 0.854994 0.660259 0.0576208 0.37275
