0 0.463082 0.751496 0.138555 0.497008
0 0.715722 0.657673 0.121675 0.681401
0 0.119878 0.852709 0.238898 0.284293
0 0.947718 0.738973 0.103529 0.51531
0 0.602261 0.77265 0.107904 0.454699
0 0.845427 0.588454 0.157948 0.548477
0 0.513121 0.655418 0.101565 0.605855
0 0.933819 0.453229 0.131245 0.335208
0 0.0194734 0.574982 0.0387915 0.287617
0 0.0704918 0.568438 0.067607 0.278305
0 0.79019 0.779991 0.16034 0.440018
0 0.381185 0.757604 0.0711561 0.468959
0 0.625469 0.43417 0.0979739 0.190502
0 0.312662 0.65784 0.0590238 0.340064
0 0.788139 0.711596 0.163007 0.307904
0 0.105328 0.556026 0.0615554 0.271221
0 0.258761 0.632269 0.0435732 0.228842
0 0.145902 0.565382 0.0430114 0.219864
0 0.933984 0.607019 0.132033 0.634592
0 0.190424 0.556023 0.0397975 0.223261
0 0.562738 0.472759 0.0432548 0.149354
0 0.987849 0.393923 0.0235738 0.109498
0 0.470096 0.42991 0.0536954 0.180345
0 0.986872 0.487213 0.0253795 0.292271
0 0.216275 0.578117 0.0287783 0.172379
0 0.290305 0.579796 0.064693 0.408616
0 0.5844 0.740408 0.109332 0.466098
0 0.770892 0.45258 0.0560734 0.192136
0 0.117628 0.574271 0.0389299 0.232212
