0 0.111453 0.74944 0.125722 0.496218 0.804704
0 0.41385 0.722084 0.0603125 0.514674 0.775292
0 0.905878 0.720825 0.115977 0.527299 0.76456
0 0.353641 0.715477 0.0805788 0.557465 0.756991
0 0.669378 0.727461 0.0963177 0.534149 0.741365
0 0.51869 0.717602 0.0710049 0.559047 0.728314
0 0.20353 0.722742 0.120923 0.547343 0.723955
0 0.579437 0.707127 0.0809488 0.549826 0.71983
0 0.293979 0.715415 0.0767987 0.560939 0.697211
0 0.461414 0.706071 0.0639005 0.513302 0.67462
0 0.768871 0.726842 0.0864739 0.539109 0.660467
0 0.839404 0.685102 0.0808647 0.584403 0.629113
0 0.7228 0.715394 0.0550507 0.527691 0.424054
0 0.390339 0.474469 0.0485578 0.183928 0.374055
0 0.80836 0.506786 0.0369674 0.132096 0.328883
0 0.723994 0.56941 0.0513962 0.234688 0.27413
0 0.247386 0.472072 0.0472149 0.157524 0.250258
0 0.232443 0.7152 0.065516 0.560414 0.249041
0 0.231571 0.558735 0.0616858 0.24603 0.24458
0 0.44569 0.469103 0.0389769 0.152575 0.226229
0 0.64071 0.487895 0.0508657 0.204878 0.204802
0 0.63838 0.651639 0.0522965 0.529903 0.130376
0 0.317647 0.465432 0.0373447 0.141145 0.128596
0 0.724036 0.511415 0.0497066 0.12152 0.114905
0 0.638962 0.542504 0.0511725 0.312837 0.106825
0 0.499762 0.458756 0.0407328 0.172402 0.102772
