0 0.633034 0.627513 0.0641695 0.358331 0.724265
0 0.731079 0.61284 0.064245 0.318066 0.684326
0 0.6743 0.60879 0.0519709 0.283492 0.626312
0 0.968312 0.658618 0.0621857 0.41465 0.577153
0 0.788491 0.620713 0.0577895 0.330673 0.51972
0 0.213275 0.530268 0.0319162 0.167769 0.513994
0 0.876236 0.672963 0.138433 0.479271 0.482893
0 0.283401 0.547893 0.0376055 0.205365 0.473587
0 0.155956 0.524421 0.0318561 0.150731 0.441582
0 0.531296 0.595145 0.0653285 0.222314 0.369053
0 0.326755 0.545206 0.0401125 0.20182 0.32156
0 0.863108 0.479762 0.0270336 0.0611537 0.319268
0 0.950776 0.470389 0.0337303 0.075711 0.267738
0 0.352648 0.548216 0.0408238 0.204374 0.229432
0 0.824671 0.478826 0.0350342 0.0586769 0.214797
0 0.467794 0.567255 0.0679248 0.228177 0.166997
0 0.975851 0.48925 0.0255516 0.0698351 0.15738
0 0.890127 0.464243 0.0412308 0.0913608 0.139031
0 0.761775 0.489223 0.0234501 0.0510299 0.136705
0 0.980445 0.491576 0.0361198 0.0753709 0.125213
0 0.898787 0.662406 0.114819 0.494469 0.123737
0 0.240198 0.526025 0.0288286 0.153168 0.122394
0 0.118391 0.507586 0.0236844 0.11313 0.120169
0 0.0943665 0.508652 0.0245431 0.113424 0.119857
0 0.77514 0.485159 0.0209419 0.0558448 0.116921
0 0.34116 0.549102 0.0495132 0.200382 0.113155
0 0.918512 0.614336 0.0755195 0.377832 0.103994
0 0.606306 0.470815 0.0335932 0.0472084 0.103468
0 0.78974 0.484011 0.0295002 0.0541251 0.10245
