0 0.666739 0.482924 0.145124 0.565457
0 0.815409 0.580218 0.111563 0.603223
0 0.114101 0.564297 0.107348 0.650939
0 0.502347 0.527066 0.18651 0.708822
0 0.244314 0.516821 0.081442 0.494065
0 0.314406 0.48669 0.0783135 0.443181
0 0.915941 0.507933 0.131688 0.553665
0 0.18616 0.552861 0.0917953 0.567502
0 0.0110531 0.389891 0.0220762 0.178511
0 0.0569055 0.383992 0.0387986 0.183898
0 0.0249867 0.392789 0.031554 0.16471
0 0.382183 0.389502 0.0336806 0.154453
0 0.967979 0.379602 0.0521544 0.167687
0 0.0175826 0.388099 0.0351651 0.18005
0 0.00871581 0.400237 0.0174316 0.153829
0 0.973461 0.392452 0.0291433 0.144189
0 0.0621428 0.39646 0.0350032 0.161307
0 0.382784 0.40929 0.0303664 0.11495
