0 0.60198 0.851868 0.153721 0.237958 0.762577
0 0.35995 0.839764 0.149323 0.253906 0.736155
0 0.7781 0.838958 0.0861574 0.176535 0.705924
0 0.487479 0.852507 0.106915 0.232443 0.672298
0 0.962542 0.832063 0.0706533 0.252488 0.598505
0 0.362377 0.852047 0.0826997 0.23297 0.456234
0 0.426127 0.851589 0.0605975 0.212879 0.411218
0 0.640593 0.755642 0.0665398 0.115412 0.407958
0 0.750325 0.717926 0.0543717 0.0904074 0.289221
0 0.532094 0.734332 0.061012 0.0926786 0.288028
0 0.568759 0.73255 0.0994436 0.0901835 0.205914
0 0.706968 0.725245 0.039211 0.0812171 0.17154
0 0.962564 0.781534 0.0710641 0.151406 0.144977
