0 0.291819 0.581756 0.0583701 0.278941
0 0.201948 0.602022 0.0529126 0.285172
0 0.343107 0.568772 0.0519101 0.274505
0 0.0444241 0.63006 0.0775304 0.366514
0 0.980158 0.481466 0.0252865 0.106196
0 0.392967 0.560618 0.0673782 0.278068
0 0.594342 0.530466 0.0348605 0.178703
0 0.438909 0.550414 0.0411047 0.23697
0 0.246271 0.577471 0.0431489 0.261078
0 0.543242 0.533938 0.0333548 0.199523
0 0.513007 0.537745 0.0440487 0.210483
0 0.567963 0.532783 0.0314891 0.184743
0 0.472907 0.550095 0.0423742 0.218504
0 0.617599 0.523445 0.0321676 0.172789
0 0.134777 0.614401 0.0528422 0.310157
0 0.164393 0.604111 0.0451333 0.289844
0 0.0153446 0.622813 0.0304875 0.342967
0 0.660461 0.51599 0.0328575 0.163664
0 0.92844 0.472161 0.0198666 0.076797
0 0.730668 0.500156 0.0275069 0.148204
0 0.0596244 0.625083 0.0648616 0.360134
0 0.0577152 0.630494 0.110561 0.366505
0 0.708676 0.509976 0.0221691 0.139826
0 0.094456 0.633666 0.0529278 0.365903
0 0.0717181 0.487282 0.0412107 0.0814649
0 0.690605 0.511699 0.0244116 0.148192
0 0.793863 0.493037 0.0225825 0.116292
0 0.0980716 0.4843 0.0339729 0.0756546
0 0.762684 0.499358 0.0288883 0.127305
