0 0.942124 0.585072 0.114928 0.512636
0 0.666313 0.610275 0.377696 0.759591
0 0.174987 0.688892 0.187276 0.523992
0 0.372349 0.674398 0.30306 0.634783
0 0.903393 0.507814 0.0632645 0.292129
0 0.0354044 0.610093 0.0708089 0.311664
0 0.0956509 0.658557 0.0826992 0.411125
0 0.762663 0.345007 0.0513932 0.133554
0 0.0685547 0.641789 0.0818945 0.366047
0 0.48579 0.569266 0.0815727 0.262854
0 0.234685 0.527117 0.0505362 0.182847
0 0.239946 0.419793 0.0485247 0.11341
0 0.240775 0.45047 0.050762 0.173127
0 0.856239 0.451501 0.053561 0.217969
0 0.690799 0.389984 0.0455176 0.144115
0 0.439494 0.425881 0.0531804 0.109366
0 0.281611 0.457727 0.0398709 0.182093
