0 0.706457 0.513134 0.257543 0.956491
0 0.896269 0.160113 0.0652061 0.203471
0 0.27337 0.39651 0.136296 0.741604
0 0.152899 0.477616 0.188891 0.873139
0 0.327748 0.167582 0.0682359 0.147387
0 0.845419 0.150759 0.0286865 0.133299
0 0.60203 0.175242 0.0715551 0.231477
0 0.222959 0.135272 0.0419633 0.107302
0 0.465136 0.133045 0.134449 0.245744
0 0.387336 0.17356 0.0432016 0.137055
0 0.957701 0.111024 0.0163449 0.0667095
0 0.492938 0.184933 0.203245 0.34974
0 0.865925 0.13026 0.0265474 0.126742
0 0.786128 0.127055 0.0920945 0.226167
0 0.549262 0.127659 0.0432072 0.145662
0 0.355443 0.149724 0.0456508 0.15999
0 0.546337 0.160123 0.0512603 0.207816
0 0.824367 0.152508 0.0226471 0.149754
0 0.426871 0.141733 0.0341092 0.120285
0 0.609079 0.201397 0.0849018 0.278931
0 0.195612 0.178121 0.0447091 0.145731
0 0.221056 0.162143 0.0452289 0.154306
0 0.484371 0.441289 0.212185 0.864812
0 0.352279 0.140778 0.0390722 0.122864
0 0.359344 0.13593 0.0341342 0.122674
0 0.188257 0.180098 0.0337588 0.147251
0 0.0350641 0.189109 0.0327569 0.114773
0 0.31229 0.140133 0.0339173 0.0937364
0 0.347369 0.164243 0.0351084 0.139117
0 0.62075 0.138935 0.0314466 0.135249
0 0.668285 0.287334 0.0941034 0.198371
0 0.668347 0.237095 0.0976382 0.290518
0 0.199759 0.192181 0.0325583 0.123384
0 0.325775 0.695531 0.0365982 0.12321
