0 0.100374 0.742281 0.100412 0.458384 0.834334
0 0.262566 0.725133 0.135566 0.508459 0.780362
0 0.37855 0.746981 0.119849 0.457125 0.693274
0 0.505835 0.729234 0.119372 0.485231 0.60563
0 0.810035 0.708998 0.0927054 0.409332 0.586938
0 0.598751 0.692807 0.103994 0.537492 0.547097
0 0.879293 0.682056 0.0662373 0.405585 0.515893
0 0.682988 0.70207 0.102448 0.434243 0.512558
0 0.18064 0.725011 0.0786131 0.449568 0.442732
0 0.911103 0.684802 0.0535774 0.389784 0.306072
0 0.987025 0.688513 0.0252754 0.329439 0.218493
0 0.332903 0.732028 0.0737951 0.459071 0.139109
0 0.320483 0.745991 0.0763261 0.427934 0.131347
0 0.0315161 0.695191 0.0630321 0.518189 0.118287
0 0.93889 0.638215 0.0498085 0.306698 0.105781
