0 0.555656 0.615577 0.260966 0.636134
0 0.162614 0.350134 0.117293 0.438923
0 0.957275 0.630231 0.0847042 0.733719
0 0.799252 0.596356 0.186695 0.788495
0 0.715113 0.440058 0.11114 0.513577
0 0.0770855 0.536124 0.154171 0.496655
0 0.416099 0.225716 0.0610422 0.210595
0 0.623301 0.126268 0.0352352 0.156317
0 0.358766 0.516501 0.126679 0.385874
0 0.658061 0.11802 0.0329662 0.14273
0 0.447083 0.345019 0.0848982 0.281901
0 0.836168 0.117214 0.0371611 0.158788
0 0.8864 0.47488 0.100295 0.498324
0 0.338733 0.371911 0.111383 0.20077
0 0.922871 0.300747 0.0826053 0.207452
0 0.922737 0.158917 0.0587044 0.192582
0 0.33695 0.527473 0.164733 0.409399
0 0.797989 0.10407 0.0298271 0.13507
0 0.467756 0.345081 0.102048 0.284259
0 0.716479 0.103492 0.0301908 0.131022
0 0.965252 0.14455 0.0477375 0.18361
0 0.885865 0.590227 0.101681 0.751437
0 0.327582 0.420216 0.135588 0.300596
