0 0.777637 0.599602 0.153886 0.69234 0.894452
0 0.330598 0.698899 0.218746 0.58625 0.889404
0 0.919761 0.606174 0.101216 0.48885 0.749492
0 0.595657 0.560687 0.130532 0.46622 0.692249
0 0.447173 0.693697 0.122138 0.593408 0.652123
0 0.0190154 0.546316 0.0376571 0.510018 0.542792
0 0.61859 0.559122 0.0860363 0.457825 0.513069
0 0.231357 0.445862 0.0393401 0.21276 0.496189
0 0.981383 0.633856 0.0367842 0.508162 0.482517
0 0.13231 0.449963 0.0455858 0.201415 0.472876
0 0.695809 0.515634 0.0972359 0.415735 0.409743
0 0.196357 0.452659 0.0423093 0.209569 0.379454
0 0.0856614 0.441395 0.0405804 0.178387 0.295875
0 0.553762 0.511875 0.0558033 0.248256 0.261552
0 0.956474 0.391353 0.0563236 0.154704 0.24904
0 0.167394 0.44728 0.0329999 0.191578 0.240802
0 0.258013 0.448623 0.0294178 0.188988 0.185907
0 0.856255 0.544676 0.0513172 0.43174 0.160239
0 0.0278196 0.492678 0.0554064 0.405404 0.1116
0 0.43433 0.418287 0.0453329 0.117267 0.103872
