0 0.432323 0.580688 0.384539 0.820722
0 0.823781 0.476165 0.224498 0.636561
0 0.11226 0.440725 0.18316 0.367024
0 0.292088 0.436775 0.125729 0.464343
0 0.772236 0.363647 0.103411 0.387022
0 0.681165 0.311691 0.108063 0.252456
0 0.583286 0.501442 0.149142 0.612203
0 0.61721 0.302685 0.0788904 0.226332
0 0.935568 0.252018 0.0931568 0.176406
0 0.51145 0.268228 0.0495844 0.177093
0 0.583074 0.407662 0.148276 0.421794
0 0.616805 0.258335 0.080673 0.135423
0 0.336417 0.389343 0.0631226 0.39764
0 0.335222 0.308609 0.058699 0.234538
0 0.912901 0.212138 0.0465567 0.0992084
