0 0.11116 0.705515 0.119348 0.282908
0 0.410117 0.657978 0.0768326 0.315475
0 0.906279 0.725113 0.105869 0.236029
0 0.111074 0.532274 0.091128 0.23594
0 0.800334 0.720598 0.12198 0.25407
0 0.475541 0.660941 0.0668512 0.298729
0 0.709994 0.666035 0.0652893 0.299531
0 0.596116 0.664027 0.0671234 0.276256
0 0.181501 0.587656 0.0782325 0.397347
0 0.901195 0.546589 0.0798639 0.210576
0 0.535219 0.667219 0.0654411 0.296827
0 0.827856 0.558339 0.0723882 0.211432
0 0.837816 0.430797 0.0828785 0.179334
0 0.462921 0.489349 0.0597034 0.157036
0 0.286639 0.643998 0.0693038 0.293149
0 0.510843 0.51124 0.0589747 0.170582
0 0.407541 0.489734 0.0559009 0.152807
0 0.344409 0.646097 0.0711111 0.303636
0 0.25046 0.605893 0.0754398 0.351094
0 0.612839 0.434676 0.0510666 0.13116
0 0.767157 0.582668 0.0635616 0.141021
0 0.65014 0.653187 0.0617216 0.285147
0 0.249954 0.520568 0.0730823 0.178972
0 0.576161 0.507923 0.0564194 0.142921
0 0.649789 0.560547 0.0627087 0.102792
0 0.182369 0.500257 0.0764451 0.219724
0 0.733975 0.501311 0.058544 0.144549
0 0.672998 0.514818 0.0508057 0.131229
0 0.361037 0.499109 0.0528193 0.13995
0 0.667153 0.412873 0.0568106 0.152806
0 0.623738 0.51964 0.0419788 0.126054
0 0.288279 0.553761 0.0624855 0.112294
0 0.762591 0.701175 0.0580209 0.220231
0 0.346709 0.552701 0.0661902 0.119782
0 0.595104 0.57229 0.0649361 0.0884223
0 0.77449 0.494134 0.0428328 0.10723
0 0.305179 0.458848 0.06643 0.211081
0 0.448071 0.406131 0.0628975 0.147217
0 0.533815 0.433816 0.04636 0.129233
0 0.533281 0.413465 0.0468276 0.0905463
0 0.438601 0.405291 0.0442202 0.145776
0 0.774974 0.51349 0.0483746 0.147
0 0.837223 0.470013 0.0845405 0.25795
