0 0.111916 0.720524 0.223124 0.444544
0 0.619113 0.705881 0.135465 0.483967
0 0.886538 0.578901 0.078278 0.41572
0 0.799072 0.629342 0.0991055 0.430258
0 0.376965 0.436683 0.0963102 0.479405
0 0.193521 0.315723 0.0564634 0.30796
0 0.465165 0.527514 0.067824 0.394244
0 0.539603 0.557383 0.0522686 0.336044
0 0.720629 0.497962 0.0431505 0.207129
0 0.683421 0.566491 0.0503985 0.352666
0 0.526888 0.553773 0.0788357 0.338886
0 0.950851 0.498816 0.0467976 0.185835
0 0.653467 0.484874 0.0437887 0.222673
0 0.751034 0.561697 0.0462554 0.279592
0 0.671332 0.565543 0.0654985 0.365823
0 0.687395 0.495759 0.0432301 0.214837
0 0.719615 0.512188 0.0332171 0.173082
0 0.848362 0.443704 0.0340719 0.109575
0 0.981866 0.490572 0.0357086 0.205417
