0 0.851615 0.638415 0.0950581 0.380577
0 0.329419 0.419028 0.0869355 0.183556
0 0.466113 0.417262 0.0817612 0.189683
0 0.597754 0.422289 0.0662256 0.190341
0 0.653407 0.435746 0.0620475 0.18694
0 0.539322 0.402057 0.0754474 0.202955
0 0.716124 0.444328 0.0672588 0.183985
0 0.396723 0.469814 0.114719 0.0959349
0 0.776847 0.466176 0.0770091 0.139538
0 0.821273 0.44833 0.0695863 0.141486
0 0.399949 0.423379 0.0601176 0.135873
0 0.718073 0.36779 0.0777612 0.116831
0 0.632997 0.357328 0.0446643 0.0766337
0 0.575521 0.338315 0.0389323 0.0850371
0 0.388729 0.783167 0.110656 0.095889
0 0.769539 0.462122 0.0577409 0.128975
0 0.781315 0.56357 0.0815063 0.338591
0 0.398726 0.400931 0.0558923 0.0920508
