0 0.0391967 0.868837 0.0780155 0.251607
0 0.283668 0.85238 0.0759479 0.29473
0 0.21109 0.860453 0.09938 0.273606
0 0.902983 0.505182 0.0388147 0.127961
0 0.654977 0.860398 0.0693434 0.277835
0 0.361529 0.850414 0.0741689 0.298648
0 0.932457 0.89231 0.134084 0.209128
0 0.447184 0.870997 0.106902 0.256845
0 0.272762 0.448226 0.0450114 0.185162
0 0.123412 0.881935 0.0871062 0.235082
0 0.549644 0.88229 0.155919 0.234791
0 0.760675 0.483885 0.0413967 0.152789
0 0.161056 0.44892 0.0513295 0.16823
0 0.347461 0.472882 0.0359941 0.146709
0 0.391049 0.468462 0.0425403 0.162067
0 0.436221 0.473345 0.0375044 0.153384
0 0.564423 0.472976 0.0415979 0.161059
0 0.734877 0.87023 0.080972 0.25425
0 0.824521 0.873628 0.10885 0.241085
0 0.680444 0.477537 0.0336546 0.152699
0 0.979787 0.474253 0.0399033 0.178253
0 0.596613 0.836127 0.0716513 0.21278
0 0.97869 0.788077 0.0420666 0.152577
0 0.913035 0.804222 0.0637515 0.198265
0 0.338193 0.841613 0.0448999 0.296206
0 0.643898 0.479232 0.0369304 0.145046
0 0.77856 0.957991 0.0535326 0.0816808
0 0.718017 0.484572 0.0339771 0.151246
0 0.523893 0.473524 0.0361346 0.149049
0 0.0974469 0.828168 0.055521 0.258296
0 0.60437 0.472836 0.035343 0.154166
0 0.0518804 0.792412 0.0496503 0.189666
0 0.740564 0.839418 0.0691732 0.18803
0 0.180092 0.790912 0.0651335 0.171655
0 0.181613 0.851739 0.0662322 0.292183
0 0.476292 0.460738 0.0432951 0.162699
