0 0.099434 0.788196 0.108714 0.420277
0 0.194098 0.730176 0.0776957 0.334947
0 0.55374 0.622388 0.0900518 0.18546
0 0.684087 0.629826 0.102201 0.175823
0 0.264032 0.727877 0.0541645 0.285579
0 0.0267879 0.765529 0.0535757 0.316438
0 0.883734 0.678459 0.0958039 0.332975
0 0.34619 0.746473 0.0644086 0.342129
0 0.304096 0.704284 0.0403248 0.241131
0 0.441681 0.633189 0.0391445 0.132103
0 0.97404 0.763849 0.0513393 0.392479
0 0.389949 0.681772 0.0348874 0.207694
0 0.614806 0.659078 0.0525053 0.113483
0 0.475307 0.642552 0.0488447 0.112802
0 0.887595 0.737241 0.106597 0.454723
0 0.959027 0.761926 0.0663753 0.373962
0 0.781132 0.617331 0.0294215 0.0559354
0 0.814844 0.639655 0.0405546 0.126011
0 0.813173 0.616292 0.0383865 0.0792902
0 0.759616 0.654367 0.0333018 0.0942854
0 0.837994 0.604722 0.0267288 0.0873763
0 0.346643 0.687016 0.0635914 0.223104
0 0.784368 0.64614 0.037321 0.110307
0 0.954069 0.694899 0.0511921 0.201952
0 0.943228 0.768409 0.0652976 0.352568
0 0.782599 0.628482 0.0334555 0.0757805
0 0.689245 0.680139 0.110813 0.278186
0 0.575144 0.599304 0.0314186 0.0599356
0 0.953781 0.754407 0.050683 0.331359
0 0.230299 0.695839 0.0367246 0.225191
