0 0.0172792 0.853377 0.0345584 0.145788
0 0.164803 0.824214 0.0363919 0.136874
0 0.799551 0.814217 0.0265686 0.128528
0 0.286762 0.815092 0.038036 0.123421
0 0.471312 0.80762 0.0213656 0.0952952
0 0.360351 0.816209 0.0219011 0.0991774
0 0.320349 0.814829 0.0226029 0.117158
0 0.339618 0.816208 0.0202383 0.0919666
0 0.132595 0.815884 0.0301947 0.115725
0 0.505609 0.799643 0.0197323 0.0882238
0 0.451655 0.811982 0.021789 0.0858206
0 0.855764 0.791463 0.0168225 0.0456382
0 0.115914 0.811221 0.020343 0.0952372
0 0.389372 0.814148 0.0129535 0.066718
0 0.805544 0.814014 0.0396678 0.127144
0 0.812763 0.814732 0.0341024 0.12888
0 0.433394 0.810309 0.018275 0.0626573
0 0.830549 0.79647 0.00875451 0.0478562
0 0.036395 0.793288 0.018972 0.0721593
0 0.823313 0.799815 0.0161577 0.0640452
0 0.303377 0.811296 0.0159083 0.0989941
0 0.114987 0.796171 0.0192686 0.062257
0 0.819169 0.828312 0.0245731 0.10031
0 0.736112 0.795158 0.014381 0.0641637
0 0.836239 0.794738 0.0113985 0.0435357
0 0.0367667 0.841424 0.0240612 0.126552
