0 0.658197 0.520641 0.0225491 0.0485378
0 0.729334 0.523884 0.0206899 0.0473188
0 0.351204 0.536178 0.0319341 0.0521479
0 0.553841 0.52445 0.0212168 0.0464338
0 0.76538 0.533779 0.0436292 0.0382144
0 0.222822 0.526138 0.0282017 0.0455229
0 0.0104109 0.543716 0.0208219 0.0544968
0 0.476533 0.519195 0.0183783 0.0245924
0 0.530931 0.531435 0.0321517 0.0552996
0 0.0157762 0.544319 0.0290486 0.0545235
0 0.48341 0.518829 0.0197852 0.0259377
0 0.532896 0.525675 0.0264667 0.0477739
0 0.350529 0.526501 0.0332205 0.0423572
0 0.53134 0.540068 0.0330286 0.0392826
0 0.460494 0.521298 0.0218462 0.0254266
0 0.479983 0.523873 0.0285669 0.0317686
