0 0.489522 0.307583 0.324163 0.495192
0 0.956968 0.523578 0.0851086 0.584231
0 0.238966 0.562993 0.0405816 0.213293
0 0.876821 0.506225 0.104719 0.524848
0 0.183201 0.519237 0.101129 0.51753
0 0.651246 0.566905 0.0482307 0.170186
0 0.513571 0.579845 0.0311962 0.115311
0 0.720894 0.568162 0.0486974 0.158776
0 0.367457 0.566111 0.044487 0.176644
0 0.330484 0.571451 0.0418114 0.162397
0 0.287044 0.563451 0.0497269 0.218593
0 0.683645 0.571283 0.030349 0.107632
0 0.8305 0.518383 0.0609978 0.464608
0 0.969776 0.522598 0.0594749 0.579704
0 0.121416 0.552856 0.0652877 0.310497
0 0.53851 0.577288 0.0237296 0.119527
0 0.480951 0.576439 0.030891 0.120155
0 0.591874 0.574076 0.024411 0.0962801
0 0.765259 0.58045 0.0185331 0.087162
0 0.0400419 0.560718 0.0800101 0.421776
0 0.0729639 0.545743 0.0991187 0.411407
0 0.63173 0.563804 0.0290417 0.166011
0 0.0393266 0.707008 0.0782694 0.139951
0 0.788499 0.581334 0.021918 0.0849241
0 0.0672524 0.537824 0.0675554 0.428787
0 0.0600937 0.421568 0.0553678 0.218117
0 0.0233974 0.442654 0.0466505 0.182275
0 0.932802 0.543197 0.0581001 0.391473
0 0.804641 0.572689 0.0232063 0.11108
0 0.0561106 0.337422 0.044264 0.0493609
0 0.0659269 0.443279 0.0446714 0.176999
