0 0.503487 0.740233 0.540579 0.518016 0.872
0 0.538263 0.296624 0.187257 0.29262 0.866242
0 0.0723832 0.315927 0.137332 0.270161 0.857642
0 0.368886 0.298828 0.157235 0.29523 0.839692
0 0.700864 0.290164 0.200033 0.304984 0.818574
0 0.904651 0.319418 0.151079 0.236307 0.799123
0 0.293271 0.326813 0.16635 0.245817 0.678078
0 0.66111 0.614596 0.218737 0.277391 0.664462
0 0.151167 0.317042 0.0777358 0.228427 0.533465
0 0.194262 0.331118 0.085327 0.202507 0.506322
0 0.792897 0.320005 0.118308 0.244031 0.496273
0 0.211815 0.332567 0.0642014 0.206947 0.126318
