0 0.0350986 0.590531 0.0701971 0.328165 0.878114
0 0.409445 0.570372 0.0829924 0.214643 0.871476
0 0.581721 0.561128 0.0692992 0.222552 0.817733
0 0.810855 0.547612 0.0620499 0.214766 0.800238
0 0.169791 0.494522 0.0378019 0.152242 0.761181
0 0.286531 0.495897 0.0268384 0.144253 0.718232
0 0.123374 0.498316 0.0492521 0.187395 0.712424
0 0.956616 0.493119 0.0259872 0.116736 0.59956
0 0.85839 0.493384 0.0218418 0.0902867 0.477359
0 0.470508 0.498703 0.024076 0.100624 0.45459
0 0.109965 0.500186 0.031533 0.181742 0.400589
0 0.990072 0.496187 0.0184382 0.0786785 0.358765
0 0.51695 0.486801 0.0256396 0.103616 0.356252
0 0.656154 0.493906 0.0206177 0.0804607 0.354643
0 0.493808 0.488053 0.0226741 0.0897401 0.348239
0 0.909925 0.496303 0.0219047 0.08287 0.332081
0 0.930075 0.496561 0.0221112 0.0904856 0.328401
0 0.130889 0.499473 0.0371448 0.186773 0.301875
0 0.63212 0.486998 0.0227501 0.0827546 0.301479
0 0.55128 0.487208 0.02587 0.105638 0.279476
0 0.728831 0.499143 0.0205762 0.0803701 0.242678
0 0.673342 0.493797 0.0195202 0.0815081 0.242674
0 0.433141 0.469695 0.0306987 0.0873333 0.237289
0 0.874569 0.495394 0.0176121 0.0868979 0.227267
0 0.889375 0.493044 0.0211384 0.0917233 0.218896
0 0.107842 0.513419 0.0299349 0.142887 0.206965
0 0.41284 0.462542 0.0238344 0.070609 0.199489
0 0.747616 0.493284 0.0211961 0.0883868 0.16816
0 0.762678 0.492113 0.0200709 0.0887215 0.149178
0 0.940402 0.495147 0.0138965 0.094446 0.147584
0 0.835959 0.480191 0.0215284 0.054431 0.131143
0 0.611427 0.490868 0.0256119 0.0967415 0.119948
0 0.835869 0.491892 0.0216423 0.0781407 0.108397
0 0.759029 0.491591 0.0227457 0.0913356 0.106004
0 0.884546 0.494161 0.0253588 0.0916815 0.10517
0 0.782446 0.4955 0.0241302 0.0881869 0.100413
