0 0.425236 0.704383 0.221115 0.591234 0.930358
0 0.0605542 0.4741 0.0845555 0.291955 0.848531
0 0.750083 0.656759 0.34343 0.686483 0.846407
0 0.147211 0.43259 0.0450757 0.149168 0.643991
0 0.554618 0.549541 0.068303 0.507307 0.617656
0 0.116046 0.420638 0.0277271 0.13076 0.600494
0 0.926881 0.576496 0.145803 0.7642 0.596335
0 0.0183359 0.546367 0.0363329 0.376539 0.573389
0 0.200146 0.422307 0.0392232 0.166548 0.469618
0 0.958861 0.767235 0.0810591 0.395388 0.438034
0 0.249936 0.571421 0.0768865 0.316109 0.359029
0 0.31565 0.66475 0.0870372 0.398455 0.355103
0 0.971263 0.757324 0.0569534 0.382998 0.191799
0 0.581562 0.566167 0.111815 0.532903 0.178392
0 0.177935 0.433534 0.0179748 0.120759 0.175617
0 0.927954 0.443567 0.143632 0.500165 0.173371
0 0.613176 0.486984 0.10678 0.338806 0.162711
0 0.0120343 0.544017 0.0237677 0.369562 0.161871
0 0.898836 0.223987 0.0425596 0.102396 0.157148
0 0.00988363 0.3659 0.0197088 0.0520821 0.156212
0 0.0206198 0.478165 0.038024 0.159091 0.150613
0 0.303444 0.648991 0.119226 0.424691 0.14501
0 0.175092 0.435024 0.0204213 0.129885 0.138486
0 0.0193409 0.483598 0.0385498 0.269328 0.135584
0 0.603265 0.571475 0.126005 0.530549 0.132348
0 0.606096 0.545084 0.102292 0.450299 0.129802
0 0.164463 0.434664 0.0258455 0.140524 0.101327
