0 0.46779 0.637064 0.0991343 0.486577 0.866698
0 0.923632 0.621146 0.0864525 0.481539 0.840223
0 0.665589 0.637823 0.102001 0.47447 0.832181
0 0.560745 0.63361 0.0910267 0.467986 0.816335
0 0.845467 0.634297 0.100961 0.46354 0.784998
0 0.762264 0.641635 0.0996773 0.463295 0.767728
0 0.370949 0.660384 0.106874 0.456891 0.730628
0 0.26929 0.655214 0.101761 0.423721 0.698122
0 0.168584 0.653134 0.102248 0.441301 0.669641
0 0.0776965 0.639338 0.100075 0.478975 0.584858
0 0.0176349 0.566087 0.0350584 0.191233 0.505382
0 0.0195573 0.654388 0.0337395 0.421491 0.14915
