0 0.197784 0.825238 0.0556796 0.242785
0 0.260363 0.823848 0.0478282 0.246463
0 0.141736 0.825674 0.0359599 0.244185
0 0.311742 0.822707 0.0582185 0.260858
0 0.590486 0.819941 0.0500488 0.251438
0 0.370153 0.82226 0.0497166 0.270207
0 0.4644 0.827178 0.0486356 0.238967
0 0.74098 0.814005 0.0512051 0.269174
0 0.503416 0.815227 0.0495009 0.27183
0 0.701339 0.82008 0.0445875 0.250802
0 0.404385 0.817098 0.0376668 0.260532
0 0.831527 0.812301 0.0509151 0.245445
0 0.647408 0.824447 0.0384628 0.244329
0 0.535904 0.822601 0.0336125 0.246587
0 0.429578 0.809734 0.0379976 0.25723
0 0.774797 0.814504 0.0342369 0.233906
0 0.67728 0.816254 0.0371433 0.256604
0 0.626671 0.82417 0.0294379 0.233269
0 0.887908 0.814708 0.041846 0.228406
