0 0.428289 0.581184 0.0418818 0.211815
0 0.227452 0.422603 0.0404278 0.162494
0 0.541409 0.279464 0.0245268 0.110824
0 0.332232 0.295256 0.0285744 0.127998
0 0.487787 0.351705 0.0273623 0.154847
0 0.471062 0.389021 0.0287102 0.120526
0 0.194094 0.354506 0.0228177 0.13503
0 0.211187 0.33288 0.0248903 0.119595
0 0.692549 0.381884 0.0306311 0.118316
0 0.658234 0.397619 0.0223961 0.0857638
0 0.670027 0.374854 0.0414825 0.107107
0 0.677053 0.379375 0.0578949 0.116963
0 0.658478 0.408869 0.0196775 0.069975
