0 0.470361 0.715096 0.256508 0.552429 0.928983
0 0.719627 0.743261 0.10414 0.468076 0.831875
0 0.0849939 0.734563 0.144071 0.518791 0.818128
0 0.32262 0.745302 0.0978688 0.462467 0.813136
0 0.596962 0.762804 0.0696957 0.431049 0.805803
0 0.21815 0.758573 0.115585 0.469213 0.782861
0 0.873022 0.709901 0.11183 0.458388 0.771671
0 0.0170244 0.682307 0.0338401 0.258076 0.706676
0 0.391607 0.627704 0.0365198 0.181341 0.702252
0 0.135221 0.674565 0.0515597 0.236732 0.417365
0 0.804976 0.581917 0.014532 0.0671812 0.165323
0 0.135805 0.6432 0.0495672 0.154938 0.159117
0 0.632321 0.586974 0.01411 0.0565994 0.152974
0 0.655697 0.587735 0.00950317 0.0464008 0.138808
0 0.993931 0.58476 0.0105057 0.0579734 0.131479
0 0.0443879 0.698597 0.0645386 0.306507 0.121131
0 0.991233 0.584351 0.0141766 0.0581276 0.120738
0 0.370154 0.616069 0.0210889 0.0887735 0.11988
0 0.647443 0.58736 0.0117429 0.0494216 0.113915
0 0.788549 0.584922 0.0125839 0.0580673 0.11379
0 0.982841 0.585993 0.0138301 0.048028 0.105001
0 0.785583 0.582515 0.0130388 0.0619827 0.101781
0 0.942807 0.586971 0.0103766 0.0449862 0.101285
0 0.791065 0.582104 0.0139559 0.0640705 0.100349
