0 0.783458 0.721999 0.32332 0.381533 0.94436
0 0.164973 0.326507 0.227011 0.285285 0.93735
0 0.70294 0.278027 0.278592 0.433521 0.934566
0 0.224245 0.696324 0.200771 0.39188 0.928124
0 0.930587 0.298512 0.137863 0.393893 0.910185
0 0.0327846 0.708673 0.0575263 0.308802 0.852711
0 0.89543 0.184166 0.0485313 0.108163 0.766399
0 0.975945 0.723857 0.0459995 0.180948 0.751135
0 0.944892 0.168834 0.0533529 0.124014 0.741046
0 0.518291 0.74392 0.037233 0.482948 0.647338
0 0.832423 0.178677 0.0330307 0.0960172 0.614012
0 0.536277 0.183049 0.0391874 0.133721 0.611409
0 0.395048 0.692743 0.0263338 0.072057 0.498595
0 0.430739 0.685781 0.0187153 0.0493004 0.484153
0 0.0962193 0.709723 0.0234162 0.0556707 0.466656
0 0.30747 0.216998 0.014614 0.0284306 0.427676
0 0.859313 0.191098 0.0292114 0.066176 0.369916
0 0.575828 0.207682 0.0387064 0.0529039 0.350014
0 0.51108 0.176502 0.0226437 0.110242 0.348804
0 0.353739 0.693148 0.0247239 0.0603999 0.325836
0 0.790471 0.175428 0.0293562 0.0919897 0.296833
0 0.152217 0.698618 0.0201935 0.0609922 0.289047
0 0.167944 0.701602 0.0152614 0.0542048 0.282485
0 0.736822 0.155465 0.0705352 0.0703625 0.280512
0 0.512457 0.755484 0.022805 0.466683 0.256767
0 0.769842 0.168265 0.039608 0.0917087 0.229143
0 0.769349 0.136312 0.0289841 0.028149 0.199519
0 0.555183 0.17312 0.0251226 0.117085 0.173896
0 0.752585 0.157069 0.10186 0.0746301 0.173362
0 0.55602 0.153587 0.026622 0.0778054 0.146788
0 0.129106 0.203157 0.0166962 0.0151757 0.144655
0 0.327639 0.694635 0.0179007 0.0467806 0.13646
0 0.578738 0.160132 0.0325344 0.0819313 0.136348
0 0.571087 0.736344 0.0307083 0.0568266 0.132755
0 0.133558 0.695265 0.020753 0.0586079 0.127812
0 0.750131 0.207053 0.0969803 0.168832 0.124544
0 0.726493 0.154965 0.0495165 0.0687638 0.120289
0 0.518357 0.12395 0.0179877 0.032347 0.119617
0 0.165015 0.700805 0.0177624 0.0570333 0.113517
0 0.34038 0.695274 0.0173843 0.0528923 0.111996
0 0.507938 0.181272 0.0163366 0.104872 0.104023
0 0.774038 0.163188 0.0572544 0.0834012 0.103299
