0 0.936651 0.584017 0.0697288 0.308844
0 0.862786 0.572576 0.0571759 0.296506
0 0.764895 0.569757 0.0640617 0.324972
0 0.122863 0.562717 0.0608498 0.319837
0 0.632294 0.574675 0.0585516 0.316496
0 0.807709 0.563007 0.0576929 0.279433
0 0.27087 0.574238 0.05969 0.295602
0 0.449205 0.568254 0.0756635 0.318808
0 0.717165 0.557703 0.0514042 0.311453
0 0.587722 0.545509 0.0586128 0.328047
0 0.387616 0.535867 0.0432666 0.29295
0 0.0783276 0.513529 0.0420212 0.27504
0 0.680532 0.547969 0.0425686 0.296272
0 0.54486 0.539772 0.0490555 0.313766
0 0.358239 0.525372 0.0368111 0.256542
0 0.42272 0.550603 0.0378813 0.286164
0 0.207344 0.518844 0.067242 0.285325
0 0.0201266 0.4241 0.0205131 0.0808022
0 0.307044 0.504222 0.0325163 0.224968
0 0.495741 0.523601 0.0398163 0.266753
0 0.534957 0.529321 0.0531538 0.295258
0 0.331092 0.514615 0.0305332 0.23792
0 0.317892 0.510459 0.0539624 0.236093
0 0.228569 0.533267 0.0337447 0.278087
0 0.520055 0.528171 0.0372387 0.283946
0 0.0608806 0.445281 0.025003 0.118504
0 0.193948 0.508052 0.0458295 0.243421
0 0.458473 0.551341 0.056879 0.28416
