0 0.433858 0.544474 0.266828 0.61609 0.89556
0 0.140521 0.590958 0.124609 0.265825 0.883088
0 0.303566 0.572946 0.187702 0.516222 0.847311
0 0.760489 0.560799 0.0716921 0.156222 0.742714
0 0.618468 0.569111 0.0798192 0.159266 0.684583
0 0.24295 0.590072 0.0828203 0.178256 0.640907
0 0.864133 0.568195 0.0679331 0.134445 0.617411
0 0.555308 0.572067 0.0616775 0.164523 0.603421
0 0.676043 0.567942 0.0537311 0.147064 0.40401
0 0.708509 0.566751 0.042655 0.134257 0.397035
0 0.803474 0.578162 0.0337785 0.112919 0.339006
0 0.086102 0.600004 0.0359652 0.0770556 0.253464
0 0.23492 0.574157 0.0678762 0.149462 0.116368
