0 0.664092 0.298796 0.125314 0.250098
0 0.336602 0.517461 0.250136 0.619963
0 0.894544 0.2904 0.106919 0.231206
0 0.205263 0.292403 0.106124 0.294761
0 0.0413473 0.333484 0.0823982 0.38382
0 0.442926 0.373565 0.0933099 0.381456
0 0.091379 0.251405 0.0690158 0.182544
0 0.968685 0.186272 0.061756 0.109588
0 0.489816 0.293296 0.0845654 0.300181
0 0.966807 0.242572 0.0654736 0.224573
0 0.876596 0.673217 0.245129 0.649159
0 0.28876 0.245766 0.078823 0.184343
0 0.969108 0.291695 0.0612037 0.130395
0 0.0335422 0.260328 0.0666028 0.221693
0 0.512044 0.265813 0.0517519 0.242624
0 0.43826 0.317292 0.0877462 0.280679
