0 0.819682 0.707462 0.0614388 0.231343 0.872276
0 0.0564546 0.683931 0.0398192 0.230318 0.788232
0 0.68931 0.651377 0.0339035 0.167402 0.763318
0 0.173972 0.676809 0.0489265 0.236625 0.754987
0 0.355058 0.76125 0.0459765 0.257223 0.745367
0 0.578 0.759784 0.0469337 0.262942 0.73844
0 0.629375 0.717933 0.0655311 0.204369 0.708977
0 0.472593 0.644584 0.0435131 0.185203 0.684614
0 0.138588 0.645137 0.0344079 0.189585 0.677157
0 0.287299 0.639443 0.0364516 0.198109 0.652099
0 0.392189 0.625871 0.0355496 0.171478 0.634426
0 0.439019 0.685923 0.040515 0.205454 0.57222
0 0.243728 0.711449 0.0585651 0.259516 0.558868
0 0.537428 0.63565 0.039624 0.17769 0.499804
0 0.350441 0.626174 0.0369552 0.115113 0.425672
0 0.252514 0.670353 0.044093 0.141963 0.137341
0 0.287202 0.639207 0.0523399 0.191885 0.114017
0 0.414949 0.600796 0.0255499 0.0862206 0.106404
