0 0.532889 0.516067 0.240543 0.552378 0.908534
0 0.0600955 0.476721 0.119672 0.359982 0.898307
0 0.950563 0.432659 0.0980765 0.43497 0.882811
0 0.362531 0.451544 0.148003 0.409723 0.881782
0 0.674716 0.45388 0.130913 0.392868 0.838844
0 0.185165 0.444435 0.138875 0.338878 0.798089
0 0.290376 0.419161 0.11224 0.306024 0.681946
0 0.738468 0.437282 0.0733946 0.325321 0.628851
0 0.846169 0.377453 0.0803187 0.277164 0.418727
0 0.131479 0.412629 0.0657354 0.267133 0.418727
0 0.232869 0.383487 0.0639473 0.251919 0.398936
0 0.771553 0.419583 0.050844 0.296086 0.322318
0 0.807005 0.386264 0.0554496 0.281704 0.260452
0 0.602601 0.39302 0.0920073 0.285092 0.198201
0 0.45837 0.43332 0.06721 0.29315 0.184832
0 0.632547 0.391667 0.034522 0.201043 0.182201
0 0.105807 0.365788 0.036672 0.164908 0.121006
