0 0.136532 0.530409 0.162063 0.655162
0 0.887465 0.611202 0.128104 0.665156
0 0.341168 0.532595 0.137835 0.610476
0 0.242773 0.55248 0.112968 0.602696
0 0.639385 0.565544 0.106081 0.626099
0 0.445488 0.521758 0.112534 0.606955
0 0.726573 0.578849 0.114112 0.665239
0 0.586016 0.314337 0.0673752 0.120313
0 0.529863 0.53921 0.125929 0.604632
0 0.535883 0.309167 0.0789223 0.135975
0 0.791781 0.584328 0.0807182 0.659357
0 0.953604 0.435579 0.0772489 0.271198
0 0.949723 0.393125 0.0692135 0.186796
0 0.756362 0.583848 0.147498 0.663982
0 0.986515 0.527 0.0264697 0.17365
0 0.450477 0.303681 0.101721 0.152424
