0 0.474306 0.684999 0.18724 0.6188
0 0.0537375 0.429677 0.107475 0.470109
0 0.174807 0.4893 0.132062 0.567718
0 0.82589 0.549729 0.160488 0.582585
0 0.30181 0.467191 0.104563 0.506039
0 0.683063 0.432204 0.136763 0.511707
0 0.952208 0.91078 0.0896488 0.17268
0 0.586921 0.469465 0.111509 0.565764
0 0.283418 0.950993 0.0739706 0.0962393
0 0.89034 0.34195 0.0764528 0.415435
0 0.946702 0.307448 0.0713272 0.404714
0 0.827428 0.305095 0.0876096 0.354513
0 0.751067 0.401315 0.07093 0.493198
0 0.87575 0.945307 0.0529949 0.108428
0 0.609894 0.93372 0.0700413 0.132561
0 0.20671 0.20551 0.0580256 0.254626
0 0.152458 0.958109 0.0597857 0.0827
0 0.48791 0.373857 0.11774 0.312154
0 0.432031 0.940191 0.0604998 0.11581
0 0.729277 0.962929 0.0669121 0.0739435
0 0.281951 0.239125 0.0839133 0.214536
0 0.0252823 0.147795 0.0505645 0.148131
0 0.489532 0.485602 0.121216 0.527759
0 0.130763 0.166909 0.0632792 0.167538
0 0.367257 0.20339 0.0687833 0.172127
0 0.00978513 0.954865 0.0194655 0.08445
0 0.423414 0.288306 0.109637 0.237015
0 0.813696 0.906896 0.0653332 0.174963
0 0.42129 0.366827 0.115199 0.392309
