0 0.909677 0.642193 0.115513 0.298327 0.862611
0 0.285889 0.565949 0.0530433 0.164387 0.75177
0 0.072573 0.566881 0.0508171 0.13609 0.717822
0 0.545313 0.591369 0.0563936 0.166374 0.666296
0 0.611081 0.567134 0.0408889 0.159687 0.644162
0 0.373501 0.626383 0.0699156 0.274215 0.620859
0 0.80912 0.594098 0.0625111 0.123 0.57371
0 0.727532 0.559317 0.0450497 0.144355 0.565714
0 0.173229 0.554733 0.0294448 0.0808035 0.554635
0 0.147378 0.558926 0.0310511 0.0932392 0.544032
0 0.664496 0.554456 0.0299469 0.0936489 0.496007
0 0.506819 0.548812 0.0353979 0.0952606 0.426089
0 0.75702 0.555135 0.0381338 0.134795 0.419923
0 0.0158644 0.625885 0.0313376 0.283616 0.324433
0 0.642524 0.547314 0.0311489 0.0936192 0.274136
0 0.250577 0.553283 0.0246923 0.0643596 0.267863
0 0.0124502 0.563347 0.0248157 0.163805 0.230444
0 0.57817 0.548481 0.0288197 0.0886381 0.196603
0 0.206426 0.552061 0.0248602 0.0639899 0.195094
0 0.984931 0.565752 0.029438 0.093635 0.186789
0 0.218731 0.552315 0.0262655 0.0651762 0.175573
0 0.210746 0.552405 0.024524 0.0650732 0.17299
0 0.0499318 0.57337 0.0228699 0.111741 0.165062
0 0.38858 0.619601 0.100146 0.289009 0.144714
0 0.0478666 0.550602 0.0196321 0.063912 0.139179
0 0.840638 0.592125 0.042099 0.114892 0.134447
0 0.0172119 0.688881 0.0340574 0.15899 0.111649
0 0.109705 0.548757 0.0180025 0.0621775 0.107094
0 0.223966 0.552569 0.0311012 0.0642231 0.105291
0 0.638085 0.551592 0.0342596 0.080876 0.100301
