0 0.844929 0.544691 0.139897 0.602128
0 0.404195 0.588481 0.187395 0.767276
0 0.646617 0.61381 0.223333 0.756008
0 0.913119 0.47598 0.0821747 0.416974
0 0.776307 0.439859 0.0636696 0.274983
0 0.319362 0.525696 0.102872 0.579994
0 0.228713 0.47833 0.0976429 0.447951
0 0.100231 0.400828 0.0576448 0.198209
0 0.975279 0.447259 0.0491631 0.263784
0 0.541169 0.433399 0.0596077 0.293846
0 0.476251 0.470289 0.0569519 0.378994
0 0.152004 0.402379 0.0445417 0.228535
0 0.592029 0.437341 0.0892732 0.343166
0 0.169759 0.443573 0.0629259 0.281952
0 0.0335675 0.369525 0.0219723 0.0842343
0 0.587754 0.371573 0.0408699 0.14179
0 0.726934 0.395551 0.0568693 0.2106
0 0.0584344 0.484549 0.116391 0.447204
0 0.285984 0.336758 0.0410811 0.0852836
0 0.608559 0.367183 0.0587599 0.215204
0 0.589054 0.35348 0.035721 0.103782
0 0.724141 0.362604 0.0546529 0.144203
0 0.0453426 0.365347 0.0148588 0.0788732
0 0.610384 0.365702 0.044639 0.192917
0 0.882351 0.336247 0.0250061 0.0546749
