0 0.086527 0.696281 0.0910601 0.343009 0.842161
0 0.632131 0.788684 0.112212 0.418732 0.834377
0 0.763376 0.790412 0.0858849 0.413544 0.761147
0 0.251527 0.749478 0.0929114 0.417914 0.713432
0 0.33008 0.749862 0.0862251 0.392672 0.695318
0 0.0170934 0.695773 0.0340218 0.274329 0.665661
0 0.538877 0.762715 0.0712712 0.402496 0.647552
0 0.889821 0.767462 0.140556 0.442654 0.639431
0 0.204129 0.714801 0.0595392 0.313497 0.602972
0 0.688583 0.791038 0.0635368 0.40056 0.506342
0 0.436809 0.734219 0.0594227 0.32742 0.504924
0 0.388782 0.664757 0.04792 0.208632 0.417672
0 0.817609 0.777633 0.0563491 0.422833 0.285388
0 0.506108 0.731649 0.0512655 0.350157 0.27107
0 0.16463 0.647211 0.0332152 0.125338 0.254979
0 0.283128 0.73612 0.0384391 0.365935 0.225574
0 0.817177 0.661741 0.0581719 0.195694 0.204931
0 0.0466967 0.6187 0.0321199 0.132256 0.16975
0 0.581033 0.783621 0.0477213 0.399162 0.163636
0 0.50516 0.660985 0.0503743 0.211228 0.152254
0 0.289592 0.730795 0.0536924 0.363857 0.144766
0 0.306926 0.625142 0.0339553 0.134982 0.13906
0 0.703311 0.641228 0.0573176 0.169472 0.137408
0 0.302821 0.731244 0.045106 0.349923 0.129771
0 0.46671 0.675616 0.0343443 0.17197 0.125406
0 0.467075 0.730776 0.0344825 0.307805 0.100751
