0 0.761622 0.692635 0.242895 0.521098 0.913716
0 0.639541 0.671988 0.138006 0.462268 0.852105
0 0.540804 0.641263 0.123377 0.439455 0.848434
0 0.223648 0.115776 0.052975 0.231551 0.79966
0 0.371596 0.55305 0.104362 0.392305 0.780267
0 0.477709 0.609859 0.107823 0.404253 0.743867
0 0.425815 0.5857 0.107462 0.422938 0.731792
0 0.302638 0.50456 0.153401 0.464554 0.615552
0 0.591068 0.0884837 0.0562096 0.175003 0.482685
0 0.680916 0.0878095 0.049482 0.175619 0.299897
0 0.492799 0.580687 0.0771204 0.351967 0.240665
0 0.438807 0.0732771 0.0396716 0.146554 0.240177
0 0.722526 0.0812289 0.0557482 0.161289 0.182057
0 0.37844 0.0608977 0.0481758 0.121488 0.180233
0 0.838756 0.0700686 0.0649719 0.140137 0.170194
0 0.632192 0.0762211 0.0349005 0.152442 0.157815
0 0.412681 0.0688315 0.0310171 0.13433 0.156722
0 0.509209 0.0725528 0.0471012 0.140126 0.153249
0 0.469411 0.0778299 0.0398272 0.151464 0.150992
0 0.762741 0.0756507 0.0459612 0.148459 0.130572
0 0.546581 0.071128 0.0400442 0.138064 0.100785
