0 0.0978733 0.719543 0.0670189 0.269642
0 0.857986 0.752232 0.0887583 0.297134
0 0.605856 0.713429 0.0681368 0.267862
0 0.357225 0.663399 0.05437 0.243624
0 0.193617 0.711143 0.0587049 0.252454
0 0.702413 0.706267 0.0579151 0.32701
0 0.555834 0.691814 0.0427983 0.205677
0 0.280718 0.704068 0.0538377 0.232521
0 0.783429 0.664928 0.0269893 0.182239
0 0.743279 0.67147 0.0304971 0.179603
0 0.817923 0.642619 0.0235062 0.142754
0 0.235169 0.64369 0.0348132 0.207482
0 0.667503 0.655805 0.0449636 0.237037
0 0.975614 0.778902 0.0482089 0.287722
0 0.868652 0.654068 0.0296706 0.179703
0 0.86712 0.636753 0.0251047 0.146211
0 0.592887 0.710231 0.0488928 0.264797
0 0.989308 0.782118 0.0208876 0.282675
