0 0.164269 0.534525 0.0618948 0.41046 0.799642
0 0.409735 0.535463 0.0557794 0.275057 0.786703
0 0.956408 0.56244 0.0812847 0.387772 0.785396
0 0.734972 0.550972 0.0874241 0.470195 0.778757
0 0.552698 0.552049 0.0616802 0.348638 0.776923
0 0.0682241 0.52711 0.0673177 0.339079 0.76782
0 0.782655 0.552558 0.0643205 0.332957 0.767218
0 0.365449 0.530658 0.0521058 0.242001 0.756477
0 0.602915 0.54046 0.0481693 0.262494 0.74759
0 0.32188 0.536036 0.0368011 0.212244 0.735883
0 0.271803 0.532481 0.0398118 0.198266 0.729239
0 0.671338 0.549863 0.0577436 0.285525 0.676796
0 0.47805 0.54834 0.0560674 0.294932 0.674917
0 0.885153 0.549827 0.0358398 0.188577 0.638628
0 0.828096 0.549234 0.0413998 0.270535 0.632992
0 0.0369052 0.523868 0.0463834 0.285671 0.578408
0 0.856378 0.548647 0.0322794 0.207944 0.460062
0 0.64375 0.548223 0.0280849 0.199664 0.423991
0 0.513552 0.523354 0.0348812 0.235133 0.421821
0 0.458411 0.534377 0.0277327 0.214152 0.196433
0 0.0296858 0.541044 0.045121 0.255679 0.13879
0 0.38432 0.534796 0.021835 0.132441 0.136713
0 0.467309 0.553028 0.0426836 0.284887 0.129399
0 0.851536 0.548016 0.0395386 0.238936 0.128102
0 0.862684 0.548 0.0286533 0.198083 0.114051
0 0.981599 0.557261 0.0334965 0.198134 0.106749
