0 0.42929 0.866367 0.0199031 0.0785809
0 0.574377 0.81474 0.0174968 0.0731212
0 0.589836 0.824232 0.015645 0.0745972
0 0.480213 0.792684 0.0159879 0.0632804
0 0.630147 0.780501 0.0140578 0.0692551
0 0.520533 0.860845 0.0173759 0.0670463
0 0.537622 0.779673 0.0133306 0.0601021
0 0.559013 0.833998 0.0171553 0.0669752
0 0.49226 0.786789 0.0130297 0.0470312
0 0.505536 0.850113 0.0134194 0.0592874
0 0.517357 0.788565 0.0137689 0.0607811
0 0.504067 0.783403 0.0147777 0.0511154
0 0.0774886 0.877172 0.0208253 0.0307494
0 0.746521 0.761756 0.0107703 0.0343825
0 0.322841 0.893342 0.0169672 0.0868047
