0 0.358719 0.633673 0.283743 0.714708 0.876674
0 0.187019 0.486252 0.0416533 0.210585 0.823233
0 0.22464 0.470303 0.0380432 0.218495 0.801274
0 0.131536 0.485454 0.036921 0.210507 0.792253
0 0.16195 0.482869 0.0426213 0.20655 0.721347
0 0.0725515 0.473447 0.0323182 0.163902 0.577137
0 0.610135 0.620846 0.29629 0.714803 0.572374
0 0.983275 0.542344 0.0328266 0.437983 0.522507
0 0.107472 0.469693 0.0289719 0.131182 0.498257
0 0.267047 0.432132 0.0188541 0.0862526 0.479861
0 0.248354 0.431389 0.0178324 0.0852525 0.476605
0 0.0336679 0.444646 0.0236976 0.104581 0.418197
0 0.286493 0.437686 0.0220516 0.116879 0.405534
