0 0.213881 0.704474 0.181172 0.586257 0.89023
0 0.447098 0.678076 0.186385 0.473497 0.867253
0 0.706822 0.634755 0.12111 0.320745 0.793172
0 0.795612 0.611327 0.0980363 0.306005 0.785645
0 0.578591 0.629268 0.12975 0.43961 0.772871
0 0.266229 0.676479 0.077843 0.391281 0.538401
0 0.324451 0.62921 0.060225 0.284411 0.517074
0 0.0920794 0.668462 0.0803304 0.327824 0.515236
0 0.883866 0.582385 0.0462059 0.235425 0.357943
0 0.846796 0.595532 0.0558222 0.249103 0.357035
0 0.0411422 0.705982 0.0752353 0.451998 0.345294
0 0.977032 0.562734 0.0406203 0.200784 0.318839
