0 0.585081 0.667986 0.0774807 0.317588
0 0.921118 0.686135 0.0928501 0.327298
0 0.971546 0.683773 0.0563356 0.289015
0 0.768395 0.686121 0.0610829 0.283506
0 0.717296 0.687198 0.0700831 0.316864
0 0.639559 0.63319 0.0474188 0.236261
0 0.802436 0.675018 0.0776619 0.267756
0 0.868918 0.654756 0.0469342 0.20721
0 0.532861 0.645689 0.0387135 0.250207
0 0.00978742 0.45591 0.0195748 0.0552304
0 0.668055 0.672506 0.0654639 0.251241
0 0.826162 0.636423 0.0439484 0.21669
0 0.437634 0.617478 0.0330174 0.201517
