0 0.741698 0.747249 0.041108 0.144387
0 0.431886 0.740976 0.0353775 0.135599
0 0.536583 0.746914 0.0352034 0.143458
0 0.574933 0.744998 0.0329931 0.135648
0 0.863964 0.72692 0.0275368 0.143437
0 0.772254 0.740898 0.0425772 0.149576
0 0.209717 0.736921 0.0381958 0.126076
0 0.371262 0.72211 0.0354419 0.0985421
0 0.178396 0.736894 0.0260863 0.114613
0 0.293798 0.738763 0.0290049 0.121443
0 0.483595 0.732935 0.0433401 0.143995
0 0.231973 0.730429 0.0222203 0.126038
0 0.394328 0.719637 0.0210224 0.0935837
0 0.497827 0.731453 0.024839 0.133377
