0 0.324043 0.711748 0.122332 0.567442 0.900149
0 0.436543 0.700067 0.0997079 0.45369 0.84515
0 0.86015 0.615048 0.0687694 0.273082 0.773873
0 0.220175 0.625443 0.0631941 0.342013 0.625082
0 0.545947 0.620784 0.0577589 0.280368 0.547237
0 0.127439 0.587507 0.0409493 0.172335 0.527678
0 0.392354 0.675459 0.0584198 0.432488 0.444566
0 0.657774 0.602075 0.048674 0.235873 0.370959
0 0.774831 0.62228 0.0515253 0.19394 0.338586
0 0.714999 0.613964 0.0484638 0.237844 0.334047
0 0.616342 0.610889 0.0380917 0.212176 0.308015
