0 0.66658 0.885622 0.0494974 0.162081
0 0.478309 0.888968 0.0368958 0.168615
0 0.633118 0.896711 0.0352664 0.162949
0 0.330006 0.880844 0.0542818 0.16007
0 0.0992544 0.870569 0.0484594 0.182259
0 0.0185249 0.882682 0.0370498 0.198544
0 0.205113 0.874156 0.0350032 0.152304
0 0.445669 0.890706 0.0308312 0.164224
0 0.157445 0.867854 0.0334652 0.151678
0 0.0545929 0.852424 0.0428487 0.147411
0 0.237852 0.873247 0.0252142 0.136082
0 0.760776 0.960822 0.0341704 0.0770101
0 0.365148 0.892521 0.0177921 0.0924074
0 0.288587 0.905685 0.0295759 0.104012
0 0.132924 0.838488 0.030237 0.11468
