0 0.544683 0.611494 0.12932 0.655052 0.897389
0 0.712457 0.62673 0.126982 0.732685 0.872565
0 0.934891 0.657557 0.129332 0.666596 0.869577
0 0.244404 0.524509 0.0712724 0.352182 0.867014
0 0.857461 0.637485 0.151499 0.689519 0.858593
0 0.488356 0.531148 0.0728215 0.447683 0.849615
0 0.355333 0.570575 0.126929 0.517217 0.791468
0 0.413305 0.504657 0.0597783 0.384468 0.669179
0 0.789678 0.620948 0.0605079 0.566002 0.64389
0 0.663328 0.560489 0.0557159 0.409838 0.381711
0 0.622067 0.55668 0.074061 0.449129 0.310921
