0 0.940168 0.897087 0.0981342 0.204514
0 0.778063 0.877468 0.0947496 0.244115
0 0.0634422 0.692496 0.0566567 0.28353
0 0.307662 0.723284 0.062507 0.305515
0 0.152055 0.707551 0.0644145 0.297418
0 0.454765 0.783565 0.065093 0.33881
0 0.660636 0.823294 0.0701805 0.346021
0 0.600928 0.814736 0.0653246 0.352818
0 0.361606 0.744061 0.0567476 0.308459
0 0.541589 0.796147 0.0655404 0.342721
0 0.978896 0.817784 0.0415842 0.296629
0 0.821394 0.82599 0.0581346 0.345454
0 0.200482 0.702968 0.0589506 0.289062
0 0.406468 0.75829 0.0456273 0.306585
0 0.00995826 0.690433 0.0198975 0.276824
0 0.109176 0.672401 0.0593203 0.263585
