0 0.0628477 0.533621 0.0910047 0.70799 0.862638
0 0.142994 0.582837 0.0924845 0.672898 0.849326
0 0.545004 0.551946 0.0939157 0.681904 0.680262
0 0.294583 0.381261 0.0736405 0.177253 0.643367
0 0.901874 0.608776 0.109369 0.490068 0.610829
0 0.480089 0.310197 0.0768806 0.251179 0.564031
0 0.222021 0.39723 0.070317 0.150504 0.553178
0 0.652154 0.387701 0.0841154 0.373005 0.530625
0 0.415067 0.324426 0.0611241 0.226415 0.480766
0 0.797345 0.62267 0.10712 0.487016 0.479426
0 0.644526 0.685117 0.0841788 0.470497 0.467384
0 0.360006 0.370786 0.0704525 0.179345 0.416308
0 0.716918 0.379771 0.0668413 0.339282 0.373048
0 0.59727 0.505794 0.0630295 0.630535 0.348725
0 0.361111 0.226812 0.0951039 0.299813 0.344059
0 0.719115 0.686389 0.0926767 0.465029 0.340169
0 0.216361 0.29313 0.0763948 0.201774 0.314057
