0 0.113748 0.668006 0.125999 0.390049 0.928319
0 0.192891 0.704508 0.119068 0.47849 0.900599
0 0.627974 0.662784 0.131238 0.388009 0.829118
0 0.585122 0.60603 0.0677664 0.311517 0.807021
0 0.814549 0.686337 0.108376 0.340706 0.765402
0 0.701875 0.646131 0.148305 0.459899 0.750642
0 0.933386 0.528946 0.0389309 0.188899 0.655128
0 0.259709 0.524729 0.0457957 0.189925 0.649013
0 0.38323 0.522271 0.0343233 0.153549 0.629831
0 0.848367 0.533805 0.058951 0.250709 0.600081
0 0.464078 0.521011 0.0405095 0.173881 0.587793
0 0.0725874 0.506896 0.032569 0.153859 0.542575
0 0.304459 0.52137 0.0315973 0.159455 0.537104
0 0.181856 0.5071 0.0411021 0.150034 0.526195
0 0.814662 0.479634 0.0378706 0.134055 0.476829
0 0.329338 0.525305 0.0287907 0.169531 0.459272
0 0.351951 0.530366 0.0247985 0.156366 0.330481
0 0.500629 0.524326 0.0298092 0.163665 0.312483
