0 0.463525 0.489311 0.377714 0.901758 0.942277
0 0.0225866 0.381863 0.0451732 0.105226 0.783773
0 0.219842 0.366771 0.058811 0.1185 0.736233
0 0.158608 0.374727 0.0502995 0.0873105 0.726757
0 0.852461 0.344431 0.0651263 0.134195 0.726271
0 0.0546042 0.374747 0.0387418 0.0881503 0.664803
0 0.288243 0.365489 0.0548685 0.12302 0.662735
0 0.0924169 0.379332 0.052115 0.103004 0.614567
0 0.742784 0.332795 0.0424845 0.0851635 0.471646
0 0.94752 0.37716 0.0881309 0.0613627 0.397489
0 0.258974 0.370139 0.038966 0.109179 0.314021
