0 0.307208 0.594005 0.0679283 0.245037 0.879562
0 0.526313 0.600206 0.0442289 0.233941 0.858334
0 0.479051 0.605988 0.0493191 0.160379 0.815323
0 0.0557553 0.58678 0.0442184 0.1831 0.743758
0 0.0125042 0.589423 0.0250083 0.17572 0.722619
0 0.363549 0.597878 0.0529891 0.165955 0.632238
0 0.246964 0.60536 0.0382067 0.156565 0.540478
0 0.12975 0.597329 0.0391213 0.238281 0.527146
0 0.10469 0.586141 0.0407032 0.251837 0.48914
0 0.591319 0.608841 0.0391456 0.184872 0.472701
0 0.599794 0.60503 0.0561718 0.179999 0.42865
