0 0.178103 0.748398 0.142964 0.21202 0.8744
0 0.616257 0.649124 0.110228 0.166729 0.750549
0 0.84067 0.626826 0.0916642 0.213662 0.713872
0 0.664304 0.497829 0.0609011 0.220145 0.69094
0 0.415338 0.533254 0.0474732 0.165831 0.606058
0 0.982253 0.490107 0.0348555 0.211699 0.600442
0 0.569858 0.533585 0.0635181 0.152905 0.595038
0 0.343 0.650943 0.103998 0.160897 0.523928
0 0.48547 0.540127 0.0578351 0.163907 0.509729
0 0.27238 0.49246 0.0502447 0.191294 0.462396
0 0.178697 0.50542 0.0508412 0.186118 0.461338
0 0.34456 0.670457 0.0951033 0.122052 0.437097
0 0.472343 0.698637 0.189362 0.194031 0.400784
0 0.515465 0.688219 0.100933 0.171295 0.399306
0 0.36507 0.495067 0.0557028 0.1881 0.33794
0 0.780369 0.494997 0.0432137 0.15198 0.334771
0 0.140651 0.507715 0.0435041 0.164799 0.323499
0 0.0119455 0.507395 0.0237178 0.191553 0.316279
0 0.484487 0.443291 0.0618308 0.11199 0.311705
