0 0.650901 0.705082 0.0868431 0.419604 0.802464
0 0.4072 0.716936 0.0995173 0.410409 0.783844
0 0.608918 0.709128 0.0959371 0.437725 0.759354
0 0.0848235 0.708691 0.0903148 0.455114 0.691642
0 0.522809 0.735708 0.0878337 0.428311 0.544473
0 0.139089 0.602776 0.0743408 0.156442 0.49499
0 0.827981 0.766652 0.0852776 0.322277 0.483765
0 0.340798 0.602813 0.0883555 0.16716 0.451449
0 0.144028 0.734613 0.0964604 0.420129 0.419022
0 0.466672 0.677133 0.059369 0.380919 0.409392
0 0.713535 0.70777 0.0619125 0.30619 0.38952
0 0.341014 0.737889 0.0915447 0.43895 0.388972
0 0.766943 0.743672 0.0646067 0.293103 0.354405
0 0.953648 0.739578 0.0729515 0.361993 0.30619
