0 0.331981 0.454316 0.269749 0.539032 0.913008
0 0.0242354 0.156236 0.0480648 0.203847 0.813662
0 0.160597 0.16496 0.0367843 0.176668 0.798178
0 0.0946097 0.161003 0.0451342 0.175615 0.778607
0 0.486585 0.151161 0.0389299 0.184243 0.775222
0 0.544619 0.487805 0.184514 0.56356 0.751177
0 0.339618 0.159 0.0512268 0.195499 0.748875
0 0.759428 0.292112 0.0515475 0.114039 0.720785
0 0.976666 0.259902 0.0460862 0.415018 0.714367
0 0.769347 0.160119 0.0616851 0.17976 0.701305
0 0.967869 0.218994 0.0535633 0.340651 0.584997
0 0.571745 0.157279 0.0387556 0.176514 0.553026
0 0.920756 0.296942 0.0571043 0.139215 0.548382
0 0.897883 0.289664 0.0593059 0.103797 0.467278
