0 0.428283 0.71791 0.0638363 0.291614 0.860798
0 0.228049 0.706856 0.0552204 0.286529 0.800616
0 0.476313 0.681474 0.0484355 0.285963 0.78286
0 0.274813 0.673303 0.0549335 0.283887 0.744282
0 0.505275 0.652229 0.0430076 0.281157 0.698395
0 0.881427 0.44521 0.0167416 0.110668 0.697931
0 0.721595 0.529402 0.0373602 0.172643 0.683932
0 0.577998 0.524722 0.0332216 0.164308 0.638875
0 0.907736 0.440218 0.0156887 0.109022 0.549062
0 0.519968 0.540984 0.0348122 0.169747 0.540178
0 0.325439 0.645804 0.037769 0.269762 0.493917
0 0.442136 0.494591 0.0433807 0.132839 0.479041
0 0.59871 0.524945 0.0218897 0.138269 0.450577
0 0.754637 0.406603 0.0185423 0.0884797 0.379642
0 0.794142 0.415783 0.0160182 0.0770364 0.336477
