0 0.753979 0.631896 0.100745 0.523392 0.905309
0 0.84097 0.648938 0.0790089 0.425899 0.884224
0 0.236072 0.644547 0.122147 0.597223 0.882317
0 0.637649 0.650854 0.106869 0.516794 0.881372
0 0.0668027 0.63326 0.131192 0.606106 0.880145
0 0.530527 0.662591 0.0950735 0.571006 0.871306
0 0.378384 0.631278 0.116788 0.470603 0.858471
0 0.312531 0.603924 0.0840484 0.473349 0.783276
0 0.168009 0.630264 0.073333 0.531306 0.770063
0 0.48254 0.613095 0.0736307 0.456837 0.643991
0 0.803851 0.603844 0.0517448 0.362195 0.541428
0 0.598811 0.610374 0.0598054 0.445026 0.380209
