0 0.809254 0.618958 0.0890623 0.214103
0 0.674661 0.608503 0.0663441 0.217531
0 0.637824 0.576573 0.0589848 0.189303
0 0.729753 0.598424 0.0699661 0.202402
0 0.571389 0.578093 0.0758646 0.221727
0 0.982913 0.647116 0.0335566 0.332528
0 0.463325 0.58266 0.0671572 0.249986
0 0.230126 0.556257 0.0650154 0.228251
0 0.355945 0.56014 0.065669 0.191228
0 0.515459 0.571439 0.0650981 0.186519
0 0.288625 0.575489 0.0793803 0.25396
0 0.415285 0.569303 0.0671277 0.217546
0 0.180527 0.542031 0.0631128 0.204149
