0 0.968753 0.561414 0.0616455 0.355916 0.720393
0 0.800539 0.471957 0.120416 0.260392 0.50158
0 0.341941 0.748694 0.0914455 0.310231 0.472415
0 0.229199 0.539157 0.0788651 0.326543 0.462617
0 0.706444 0.697982 0.0922676 0.301316 0.425178
0 0.176217 0.758559 0.109876 0.318157 0.385857
0 0.608864 0.479001 0.0798492 0.240497 0.379653
0 0.669278 0.511025 0.0757142 0.283044 0.375622
0 0.416265 0.733812 0.0965195 0.318488 0.366191
0 0.862187 0.697104 0.0986667 0.308103 0.365488
0 0.623994 0.706074 0.0856006 0.290925 0.357441
0 0.372038 0.504312 0.08839 0.260835 0.35596
0 0.733127 0.500892 0.0680413 0.260986 0.321219
0 0.301321 0.543102 0.0768141 0.265917 0.318783
0 0.267908 0.746144 0.0993561 0.293398 0.316468
0 0.158987 0.594894 0.0769228 0.365611 0.306961
0 0.78179 0.693311 0.0879034 0.334526 0.306159
