0 0.367621 0.552563 0.0332367 0.144039
0 0.567121 0.65584 0.0445976 0.18609
0 0.479369 0.61596 0.0437641 0.171896
0 0.416698 0.577537 0.0370851 0.157194
0 0.74952 0.589866 0.0319723 0.158067
0 0.660394 0.559194 0.0269878 0.142224
0 0.273255 0.434306 0.0224032 0.0695237
0 0.248204 0.445812 0.0168278 0.0814851
0 0.1848 0.441516 0.0194441 0.0758148
0 0.592595 0.49099 0.0201893 0.0351675
0 0.534411 0.473986 0.0198919 0.0367538
0 0.15221 0.403714 0.0154635 0.0552007
0 0.924127 0.46664 0.0153748 0.072845
0 0.320709 0.391221 0.0112462 0.0402131
