0 0.181825 0.431024 0.0911477 0.278072 0.872911
0 0.910767 0.503255 0.0359966 0.124333 0.749917
0 0.686658 0.452064 0.0511081 0.199934 0.716412
0 0.779642 0.518985 0.0490256 0.0792354 0.709123
0 0.592503 0.463828 0.0414755 0.184712 0.673662
0 0.84451 0.507853 0.0492779 0.123659 0.593926
0 0.350185 0.457927 0.0490954 0.207708 0.436263
0 0.555038 0.478912 0.0356079 0.130273 0.413191
0 0.276886 0.391733 0.0297771 0.0631459 0.395678
0 0.243775 0.382053 0.0443819 0.0849657 0.372827
0 0.0745193 0.385933 0.0365419 0.0749866 0.316075
0 0.0567574 0.386519 0.0333275 0.0654492 0.313394
0 0.638519 0.486749 0.0295087 0.143941 0.307825
