0 0.0618068 0.637255 0.102005 0.304792 0.75368
0 0.314665 0.522366 0.0744679 0.41002 0.719847
0 0.408662 0.522379 0.0665826 0.429783 0.700119
0 0.773276 0.549511 0.083246 0.485422 0.699197
0 0.931911 0.5907 0.0803699 0.449631 0.669388
0 0.651607 0.551891 0.0693607 0.432422 0.634565
0 0.119248 0.510385 0.0713732 0.38357 0.616098
0 0.525332 0.51009 0.0788502 0.442329 0.589016
0 0.57956 0.484605 0.0709619 0.440195 0.5428
0 0.194199 0.517575 0.0679876 0.392074 0.542621
0 0.255559 0.669219 0.0936622 0.348377 0.508136
0 0.376469 0.467252 0.0480438 0.417544 0.429996
0 0.492875 0.707231 0.100334 0.340086 0.425353
0 0.465083 0.473907 0.0592619 0.417128 0.403052
0 0.279562 0.437307 0.0476209 0.337919 0.341121
0 0.689627 0.496317 0.0552891 0.443017 0.33667
0 0.737938 0.740339 0.0750009 0.370484 0.330785
