0 0.858939 0.640374 0.0808705 0.311825 0.671673
0 0.253201 0.650068 0.0864753 0.308347 0.602588
0 0.563819 0.687447 0.0729936 0.147629 0.570439
0 0.344482 0.649265 0.0617373 0.105453 0.501064
0 0.532812 0.498491 0.0571841 0.170919 0.494477
0 0.784257 0.647967 0.0742377 0.307965 0.483351
0 0.674842 0.661085 0.0643431 0.309663 0.464809
0 0.609785 0.648577 0.0658779 0.289927 0.409749
0 0.407092 0.658584 0.0619683 0.0905351 0.396488
0 0.475976 0.677849 0.064024 0.126073 0.354217
0 0.478717 0.561976 0.0536711 0.120604 0.353886
0 0.199658 0.632609 0.0581667 0.29168 0.30091
