0 0.083793 0.726028 0.0819156 0.311067 0.807315
0 0.261708 0.726227 0.0722725 0.29737 0.787862
0 0.147636 0.727263 0.0721852 0.29873 0.767999
0 0.330375 0.713833 0.0722462 0.318072 0.765537
0 0.575014 0.715551 0.068389 0.313097 0.729924
0 0.394332 0.724346 0.0624781 0.299108 0.692429
0 0.636494 0.713271 0.0662172 0.310177 0.686195
0 0.205767 0.725174 0.0702863 0.295609 0.679824
0 0.803218 0.706355 0.074647 0.308913 0.667169
0 0.450817 0.726236 0.0577604 0.295696 0.666844
0 0.693443 0.711968 0.0680214 0.306082 0.665656
0 0.511996 0.7153 0.0685616 0.309432 0.610762
0 0.86441 0.720924 0.068585 0.29207 0.60835
0 0.748542 0.713001 0.0631427 0.31034 0.581659
0 0.928304 0.71305 0.0925228 0.303179 0.546216
0 0.395279 0.551604 0.0643773 0.193739 0.369189
0 0.274212 0.561147 0.0599773 0.174011 0.32281
0 0.878964 0.562169 0.0625794 0.160665 0.318949
