0 0.439091 0.769355 0.159134 0.460204 0.846924
0 0.583852 0.769673 0.153902 0.459845 0.843675
0 0.734379 0.761008 0.142958 0.477983 0.837507
0 0.0402143 0.774348 0.0800643 0.443163 0.827121
0 0.153566 0.780526 0.156525 0.436429 0.825318
0 0.298187 0.772499 0.144294 0.451777 0.799056
0 0.878054 0.769205 0.154894 0.457205 0.718512
0 0.981828 0.818744 0.0357365 0.356689 0.440944
0 0.801478 0.578064 0.0823088 0.295365 0.430332
0 0.118993 0.606923 0.0571923 0.223666 0.377184
0 0.0551231 0.639799 0.0664025 0.281468 0.371532
0 0.378366 0.619205 0.0695892 0.267419 0.336593
0 0.20991 0.641129 0.0633746 0.302454 0.329247
0 0.968036 0.612355 0.0632992 0.301805 0.323357
