0 0.57267 0.769271 0.0540905 0.227028
0 0.278296 0.756666 0.0472664 0.222031
0 0.665091 0.758399 0.0548851 0.240358
0 0.422898 0.748718 0.0508083 0.226443
0 0.164568 0.71664 0.0512392 0.225991
0 0.0619521 0.751785 0.0493335 0.213572
0 0.765358 0.754872 0.0504526 0.236476
0 0.21958 0.75034 0.0503748 0.222626
0 0.942416 0.737535 0.0621467 0.218541
0 0.468298 0.718805 0.0465095 0.223342
0 0.516323 0.704729 0.0476755 0.209699
0 0.094052 0.726841 0.0428259 0.199665
0 0.357141 0.749115 0.0485083 0.22202
0 0.891864 0.688221 0.0487767 0.199226
0 0.792827 0.682864 0.040832 0.19019
0 0.121659 0.702394 0.0415155 0.189022
0 0.926137 0.72287 0.0393413 0.205027
