0 0.19666 0.713967 0.129955 0.464487 0.9053
0 0.822735 0.713773 0.134359 0.421179 0.903665
0 0.645853 0.695355 0.121621 0.381699 0.873767
0 0.291179 0.667735 0.0753414 0.318768 0.856682
0 0.453921 0.683058 0.100617 0.346067 0.851401
0 0.731024 0.641387 0.0845648 0.303537 0.845591
0 0.885787 0.646575 0.0922193 0.329994 0.841721
0 0.117773 0.643244 0.0698258 0.278808 0.826892
0 0.561313 0.634174 0.0789147 0.28069 0.820228
0 0.327115 0.624789 0.0627067 0.255008 0.726228
0 0.400149 0.607278 0.0404074 0.21938 0.610775
0 0.506714 0.610577 0.0606914 0.239069 0.589428
0 0.237714 0.6185 0.0479358 0.231074 0.39803
