0 0.798174 0.917452 0.175209 0.161611
0 0.0602755 0.891923 0.109845 0.213575
0 0.14474 0.821546 0.120322 0.332811
0 0.0230912 0.615416 0.0461824 0.232905
0 0.661481 0.739534 0.104621 0.251456
0 0.820901 0.640837 0.067799 0.219765
0 0.736194 0.838539 0.106965 0.31478
0 0.259681 0.909665 0.0935219 0.179554
0 0.203762 0.720078 0.098355 0.25965
0 0.959268 0.837382 0.0809513 0.318228
0 0.88721 0.73454 0.0600876 0.252347
0 0.623729 0.64561 0.0634413 0.229306
0 0.787091 0.584816 0.0514425 0.199936
0 0.268547 0.638625 0.0579651 0.219816
0 0.908656 0.584785 0.0404743 0.187461
0 0.0647256 0.708566 0.0993827 0.240771
0 0.968068 0.633816 0.0633499 0.18924
0 0.756858 0.533378 0.0380443 0.178498
0 0.363327 0.717343 0.0565449 0.266021
