0 0.0603069 0.679798 0.0893746 0.478845 0.881792
0 0.91664 0.722501 0.104539 0.462125 0.866669
0 0.114563 0.693526 0.0823445 0.442564 0.838254
0 0.255516 0.795164 0.0823518 0.297829 0.829568
0 0.843335 0.703437 0.089225 0.458319 0.821295
0 0.766902 0.700785 0.0950512 0.444147 0.81844
0 0.72396 0.811287 0.0885983 0.282074 0.79769
0 0.180645 0.704359 0.0950297 0.453272 0.750808
0 0.350636 0.541935 0.0708336 0.131038 0.727951
0 0.60205 0.539643 0.0614794 0.125308 0.692571
0 0.507923 0.544399 0.0578815 0.119898 0.676447
0 0.280367 0.591027 0.0743926 0.232156 0.645727
0 0.557156 0.534386 0.0509235 0.137616 0.641182
0 0.655748 0.679747 0.0669558 0.402671 0.639458
0 0.409563 0.551739 0.053309 0.102302 0.633191
0 0.459571 0.549287 0.0565366 0.106455 0.622073
0 0.706813 0.6022 0.0661662 0.24629 0.602399
