0 0.420789 0.731067 0.119479 0.338391
0 0.461787 0.289469 0.0672781 0.0765693
0 0.320387 0.82829 0.129998 0.113147
0 0.586897 0.461129 0.0797585 0.0762534
0 0.315198 0.231804 0.0590813 0.0725248
0 0.91589 0.460325 0.110916 0.0859507
0 0.570838 0.411461 0.111249 0.0985015
0 0.10523 0.202623 0.0991207 0.0914344
0 0.134821 0.283118 0.0578689 0.0607036
0 0.664236 0.767276 0.140632 0.0847842
0 0.554111 0.154761 0.0568765 0.0774569
0 0.173689 0.827095 0.0938872 0.212506
0 0.246586 0.385205 0.0861715 0.088103
0 0.945167 0.114246 0.0517032 0.0535765
0 0.944975 0.902738 0.109177 0.183352
0 0.762223 0.089664 0.058106 0.0495674
