0 0.216137 0.566808 0.0767855 0.352347 0.841395
0 0.942291 0.600155 0.08292 0.334795 0.839427
0 0.332812 0.582798 0.0536189 0.315793 0.81632
0 0.278139 0.576063 0.0641004 0.335537 0.796145
0 0.38553 0.590831 0.0662814 0.305094 0.785427
0 0.434352 0.581845 0.0649219 0.329257 0.778675
0 0.494026 0.591343 0.0682066 0.318431 0.768877
0 0.795752 0.604997 0.0596322 0.30792 0.756819
0 0.551933 0.590184 0.0714145 0.314255 0.750553
0 0.739511 0.59433 0.0585052 0.323183 0.732204
0 0.688577 0.595805 0.0723949 0.313577 0.698026
0 0.839759 0.602294 0.0543785 0.315984 0.686665
0 0.883447 0.602638 0.0578838 0.322677 0.649141
0 0.602063 0.589717 0.0499378 0.311896 0.631538
0 0.651906 0.598597 0.0590978 0.327708 0.620221
