0 0.0734443 0.540829 0.146573 0.682837 0.882609
0 0.62029 0.684879 0.327396 0.629029 0.858187
0 0.3451 0.621641 0.258272 0.753699 0.842145
0 0.792632 0.402856 0.114763 0.630132 0.79143
0 0.966103 0.304347 0.0670927 0.323212 0.750106
0 0.589764 0.248505 0.154058 0.318523 0.727235
0 0.89595 0.294141 0.0645344 0.286627 0.724208
0 0.227287 0.320493 0.0902535 0.255524 0.677817
0 0.387134 0.220971 0.0878361 0.261361 0.454984
0 0.107044 0.265453 0.0453507 0.101229 0.436743
0 0.490869 0.438463 0.061554 0.225441 0.43392
