0 0.622534 0.833212 0.0531785 0.330299 0.751813
0 0.547539 0.747494 0.0195774 0.173406 0.667941
0 0.747123 0.824995 0.0433073 0.340664 0.61485
0 0.264213 0.692458 0.0123666 0.0952715 0.604318
0 0.107816 0.737108 0.0213277 0.153702 0.561526
0 0.671967 0.825462 0.0408825 0.321262 0.559134
0 0.0933369 0.727483 0.0176521 0.155709 0.551582
0 0.142196 0.712291 0.0143712 0.129541 0.467384
0 0.974482 0.837883 0.0505883 0.319333 0.465742
0 0.127966 0.726272 0.0215674 0.173587 0.44458
0 0.708303 0.826571 0.0366556 0.299368 0.40765
