0 0.874579 0.48441 0.060075 0.20694 0.852359
0 0.329192 0.482227 0.0711712 0.233078 0.813602
0 0.775405 0.51255 0.0433287 0.199092 0.787559
0 0.698037 0.513971 0.0509194 0.208848 0.770347
0 0.24861 0.54043 0.0358928 0.202538 0.729891
0 0.462239 0.681832 0.0609769 0.216564 0.710635
0 0.410744 0.6954 0.0422894 0.235777 0.698377
0 0.225388 0.343941 0.0744021 0.194159 0.68024
0 0.332758 0.733556 0.0360493 0.211712 0.655651
0 0.292457 0.859811 0.0391718 0.226009 0.652491
0 0.597186 0.669472 0.056312 0.223905 0.643373
0 0.254879 0.700638 0.0473902 0.216815 0.629473
0 0.616701 0.629534 0.0425646 0.203064 0.605073
0 0.510684 0.709026 0.0445567 0.211964 0.602748
0 0.647915 0.458997 0.0673985 0.189694 0.584817
0 0.0713251 0.296333 0.0429317 0.236858 0.517161
0 0.754788 0.343554 0.053398 0.236894 0.485952
0 0.535082 0.376862 0.0454988 0.140538 0.474541
0 0.674074 0.297501 0.0690977 0.213012 0.414084
