0 0.471836 0.529076 0.382061 0.875005
0 0.742799 0.355425 0.0465774 0.0945287
0 0.177843 0.36006 0.0308681 0.0596406
0 0.223619 0.359763 0.0307432 0.0685623
0 0.0361556 0.416276 0.068281 0.266669
0 0.124592 0.361926 0.0271659 0.0588563
0 0.787951 0.357534 0.0525725 0.0936545
0 0.869739 0.362409 0.0575153 0.0957582
0 0.148302 0.361967 0.0305283 0.0587137
0 0.617683 0.358389 0.0349049 0.0831039
0 0.279708 0.364339 0.0364965 0.099176
0 0.68034 0.34984 0.0248772 0.0650805
0 0.0723556 0.361347 0.0285926 0.051204
