0 0.351132 0.639793 0.0882515 0.473758
0 0.541662 0.575515 0.0822123 0.350283
0 0.87134 0.506633 0.0714451 0.262547
0 0.0260116 0.662181 0.0518302 0.474021
0 0.47632 0.587419 0.0621599 0.357937
0 0.954087 0.505059 0.0744663 0.284699
0 0.297176 0.644357 0.103192 0.489534
0 0.678124 0.490192 0.0628157 0.255248
0 0.736858 0.489032 0.042033 0.208967
0 0.823342 0.501737 0.0433857 0.25689
0 0.627063 0.468479 0.0481058 0.16393
0 0.160223 0.534579 0.0443315 0.221746
0 0.412703 0.497511 0.0410091 0.204808
0 0.0885172 0.512823 0.0398093 0.189367
0 0.0606882 0.708304 0.0802494 0.30389
0 0.11928 0.524456 0.0444585 0.212599
