0 0.489983 0.67898 0.0761442 0.393643
0 0.608127 0.610858 0.0491476 0.238788
0 0.202758 0.636515 0.0514952 0.29812
0 0.847453 0.624061 0.0425865 0.147527
0 0.683295 0.645414 0.0555311 0.362029
0 0.350017 0.622225 0.0473355 0.27859
0 0.304759 0.60702 0.0455692 0.221819
0 0.412429 0.604851 0.0376318 0.193562
0 0.792121 0.549909 0.0292858 0.134659
0 0.164225 0.599023 0.0517781 0.246242
0 0.270566 0.590701 0.03219 0.192595
0 0.765303 0.542293 0.0203327 0.110637
0 0.739686 0.555864 0.0273538 0.137728
