0 0.0825639 0.330722 0.121243 0.328319 0.822062
0 0.389944 0.329138 0.0972482 0.338446 0.78451
0 0.236455 0.351154 0.0664006 0.280746 0.769936
0 0.545104 0.822405 0.0689522 0.17862 0.759942
0 0.1776 0.331827 0.076889 0.331806 0.728372
0 0.873068 0.692066 0.0444478 0.125407 0.707717
0 0.299226 0.347071 0.0621413 0.300252 0.620254
0 0.921022 0.727061 0.0183636 0.0877402 0.612074
0 0.720879 0.698794 0.0200182 0.109331 0.584668
0 0.481205 0.265517 0.0448645 0.272062 0.561842
0 0.750824 0.258431 0.0232468 0.0948846 0.524523
0 0.420362 0.297375 0.0556001 0.317945 0.514277
0 0.331244 0.339894 0.0528489 0.315968 0.498102
0 0.859522 0.811147 0.0569456 0.164782 0.44386
0 0.437076 0.297146 0.0701673 0.306429 0.411284
0 0.952723 0.71579 0.0152317 0.0931695 0.403532
