0 0.125875 0.845134 0.12637 0.30281
0 0.918892 0.671212 0.126413 0.505214
0 0.0751697 0.932577 0.146302 0.13306
0 0.446648 0.811839 0.128768 0.363892
0 0.78767 0.701285 0.10994 0.557184
0 0.204365 0.827965 0.0982739 0.328229
0 0.710132 0.768467 0.104832 0.441914
0 0.535326 0.787953 0.123759 0.408109
0 0.328535 0.870504 0.197894 0.255699
0 0.649617 0.200941 0.0976263 0.357335
0 0.826582 0.335199 0.101689 0.485301
0 0.959266 0.187258 0.0805206 0.374516
0 0.746977 0.138139 0.0896259 0.276277
0 0.48496 0.627005 0.0730978 0.20986
