0 0.611409 0.639414 0.309739 0.697782
0 0.884709 0.528389 0.0388357 0.124189
0 0.340297 0.527697 0.0373555 0.111823
0 0.580094 0.788249 0.153557 0.423501
0 0.93083 0.531121 0.0456787 0.126851
0 0.976626 0.53262 0.0447834 0.158696
0 0.688837 0.53158 0.0422278 0.124581
0 0.159153 0.538353 0.026603 0.0928927
0 0.205406 0.545069 0.0521437 0.121484
0 0.450389 0.530086 0.043961 0.120924
0 0.841128 0.523354 0.0307037 0.105635
0 0.819954 0.52587 0.0350288 0.0978805
0 0.404847 0.536149 0.0900016 0.177409
0 0.742273 0.527754 0.0614798 0.129511
