0 0.411237 0.645836 0.0779452 0.686655 0.816122
0 0.267679 0.659863 0.0791044 0.662293 0.797405
0 0.606899 0.62388 0.101024 0.71963 0.768568
0 0.143721 0.684028 0.0881152 0.618179 0.751462
0 0.510281 0.641081 0.0797522 0.681485 0.745304
0 0.0491841 0.654976 0.0961624 0.682351 0.733588
0 0.707615 0.627158 0.128451 0.73579 0.728984
0 0.36293 0.625242 0.053844 0.547747 0.726186
0 0.879477 0.666396 0.0941177 0.559685 0.710591
0 0.814979 0.664162 0.128512 0.641889 0.655247
0 0.198398 0.561991 0.064036 0.420722 0.434292
