0 0.243716 0.828881 0.0675674 0.200068 0.745103
0 0.423632 0.774325 0.100348 0.198569 0.738413
0 0.522422 0.780987 0.108456 0.198188 0.673796
0 0.347082 0.818617 0.0852229 0.192488 0.647
0 0.53052 0.531415 0.0866879 0.146098 0.62703
0 0.879252 0.712848 0.0594116 0.191505 0.607479
0 0.349309 0.478979 0.0440789 0.132341 0.546352
0 0.306845 0.446889 0.0353103 0.133993 0.543711
0 0.721423 0.783964 0.090056 0.173545 0.530387
0 0.175428 0.797595 0.0775815 0.194291 0.511687
0 0.809272 0.759432 0.058383 0.183942 0.505796
0 0.662326 0.526108 0.0568724 0.146013 0.494741
0 0.725921 0.516258 0.0336938 0.14183 0.48933
0 0.602094 0.253441 0.0260153 0.0913473 0.472286
0 0.177625 0.341668 0.0279572 0.102981 0.457815
0 0.539537 0.246954 0.0201155 0.0835529 0.447958
0 0.396611 0.500757 0.047279 0.135767 0.439254
0 0.927097 0.675711 0.0544207 0.175739 0.436206
0 0.200686 0.317328 0.0245735 0.0990314 0.43396
0 0.769993 0.496013 0.0501021 0.147255 0.429961
0 0.43992 0.336001 0.0224586 0.109655 0.413457
0 0.603574 0.790508 0.0848202 0.180897 0.409907
