0 0.364802 0.768061 0.258613 0.448264
0 0.612155 0.797322 0.13291 0.388557
0 0.0650452 0.793206 0.0860895 0.408799
0 0.537532 0.803344 0.0728039 0.376352
0 0.128971 0.754499 0.0568022 0.326927
0 0.421648 0.726973 0.0576077 0.190499
0 0.455384 0.72832 0.0432594 0.24251
0 0.680634 0.343607 0.0298488 0.174196
0 0.9738 0.792952 0.0517458 0.399348
0 0.0159973 0.773974 0.0319237 0.2668
0 0.903507 0.757279 0.0342319 0.180364
0 0.787737 0.805769 0.244145 0.376023
0 0.874197 0.810551 0.0383957 0.211518
0 0.76374 0.431378 0.0457216 0.202944
0 0.931849 0.765164 0.0358902 0.160531
