0 0.765472 0.686379 0.152702 0.538333
0 0.340454 0.672288 0.150877 0.531762
0 0.173736 0.657946 0.158616 0.522999
0 0.623073 0.673508 0.178056 0.559969
0 0.47944 0.685685 0.153982 0.544326
0 0.744968 0.388932 0.106384 0.357337
0 0.431001 0.548032 0.0773104 0.66467
0 0.159472 0.373987 0.102712 0.403672
0 0.372782 0.376526 0.0744394 0.333143
0 0.573268 0.394545 0.083143 0.365101
0 0.825118 0.42698 0.0816551 0.422918
0 0.498013 0.377966 0.0892244 0.350449
0 0.0533471 0.361876 0.0370454 0.155073
0 0.431994 0.447361 0.0744876 0.460677
0 0.293129 0.519558 0.0896214 0.596844
0 0.826851 0.511891 0.0772083 0.58462
0 0.6603 0.387278 0.0832306 0.361409
