0 0.290078 0.740404 0.0759322 0.408987
0 0.437122 0.719097 0.0572237 0.322812
0 0.202968 0.638983 0.0437467 0.211242
0 0.553013 0.67435 0.0531166 0.316614
0 0.625656 0.619349 0.0373741 0.193444
0 0.683539 0.66362 0.0510111 0.258147
0 0.518379 0.659364 0.0387501 0.245335
0 0.771486 0.627748 0.0623274 0.195767
0 0.655198 0.620594 0.0342814 0.193008
0 0.47724 0.615613 0.034787 0.144048
0 0.373336 0.632535 0.0341811 0.157235
0 0.810337 0.630949 0.0242771 0.156243
0 0.849229 0.615716 0.0300667 0.142684
