0 0.79546 0.69597 0.0352713 0.173948 0.810458
0 0.059625 0.709943 0.054119 0.197404 0.797575
0 0.206762 0.667896 0.0355581 0.114274 0.75901
0 0.624586 0.776485 0.0766873 0.206112 0.653871
0 0.279881 0.648022 0.0193009 0.0840342 0.620191
0 0.764364 0.659329 0.0256235 0.108101 0.529176
0 0.0170387 0.717993 0.0340304 0.176444 0.515275
0 0.567053 0.665733 0.0294901 0.129088 0.515257
0 0.341009 0.643246 0.0182821 0.0744912 0.47046
0 0.723549 0.818419 0.12521 0.300651 0.46712
0 0.732938 0.647922 0.026482 0.0671405 0.429203
0 0.259261 0.650773 0.0203384 0.0873934 0.403146
