0 0.279625 0.764355 0.151281 0.38349
0 0.210532 0.637043 0.153581 0.674769
0 0.347906 0.513458 0.105046 0.388445
0 0.635933 0.753541 0.146553 0.401031
0 0.10528 0.491695 0.0622663 0.236903
0 0.460685 0.490244 0.116412 0.331896
0 0.500755 0.724667 0.137683 0.3297
0 0.781834 0.765495 0.170944 0.391921
0 0.556619 0.512854 0.0963686 0.363589
0 0.388118 0.732297 0.129932 0.322095
0 0.558019 0.593354 0.0968038 0.526882
0 0.699939 0.560693 0.200384 0.452622
0 0.0391543 0.544777 0.0671706 0.16318
0 0.630976 0.480574 0.128059 0.356802
0 0.695773 0.49664 0.204672 0.321735
