0 0.843322 0.622321 0.208476 0.739873 0.921264
0 0.95728 0.561811 0.0845793 0.653104 0.881996
0 0.222196 0.45657 0.146258 0.463914 0.872015
0 0.659485 0.473975 0.145314 0.377896 0.833461
0 0.349404 0.532609 0.119295 0.710944 0.809815
0 0.521508 0.329724 0.0758185 0.194197 0.714291
0 0.736607 0.473858 0.0850251 0.421206 0.706847
0 0.583693 0.486352 0.121151 0.281768 0.692772
0 0.467216 0.474719 0.0702657 0.163671 0.58896
0 0.447314 0.347916 0.0965883 0.268714 0.574189
0 0.70758 0.347419 0.0543669 0.179641 0.512492
0 0.027234 0.298097 0.0256273 0.136936 0.456521
0 0.521391 0.46246 0.0700773 0.149646 0.365965
0 0.410253 0.361329 0.0438154 0.270508 0.326988
0 0.29619 0.327318 0.0587354 0.231296 0.286577
0 0.0420254 0.302062 0.0442319 0.137303 0.169482
0 0.456639 0.312274 0.0787718 0.193956 0.166083
0 0.706601 0.463361 0.0584029 0.405131 0.135859
0 0.0150221 0.296551 0.018146 0.127036 0.107053
0 0.0314156 0.302083 0.0265103 0.134539 0.105731
0 0.491214 0.477972 0.119013 0.179807 0.105078
0 0.521447 0.385939 0.0742977 0.306087 0.101722
0 0.410805 0.280499 0.0371075 0.105587 0.0828578
0 0.410954 0.267629 0.0330342 0.0810506 0.0708358
0 0.747806 0.435212 0.0685313 0.340317 0.0696851
0 0.0421591 0.304803 0.0318371 0.135695 0.0660554
0 0.296101 0.274662 0.059376 0.131655 0.0646056
0 0.288726 0.245207 0.0466515 0.0710838 0.0505395
