0 0.0822605 0.789719 0.0856481 0.279306 0.616032
0 0.166215 0.788527 0.0724673 0.274961 0.528843
0 0.30889 0.7742 0.0723827 0.303797 0.527699
0 0.236058 0.793213 0.0666307 0.263806 0.505897
0 0.94351 0.774091 0.105331 0.326095 0.482188
0 0.447998 0.468843 0.0663269 0.189376 0.464295
0 0.170445 0.698423 0.06436 0.0952498 0.449781
0 0.80295 0.698424 0.0732702 0.102603 0.439116
0 0.723985 0.69058 0.0696225 0.118293 0.398138
0 0.236506 0.705658 0.0661559 0.0904217 0.389106
0 0.0852036 0.691233 0.0770829 0.0822696 0.38859
0 0.434532 0.696636 0.0651529 0.098921 0.369902
0 0.662826 0.69147 0.0587904 0.114941 0.343652
0 0.218188 0.661855 0.0319587 0.130832 0.332543
0 0.572474 0.694864 0.0654394 0.105159 0.315755
0 0.943564 0.683236 0.106671 0.143124 0.313882
0 0.509152 0.685973 0.0560515 0.118344 0.291723
0 0.376437 0.691415 0.0552547 0.106842 0.289049
0 0.375457 0.779438 0.0574492 0.283505 0.279963
0 0.309895 0.685512 0.0700715 0.127292 0.270501
0 0.61469 0.694934 0.0473627 0.102312 0.232399
0 0.433896 0.783576 0.0672697 0.274225 0.21946
0 0.802942 0.784177 0.0730867 0.278399 0.167288
0 0.036032 0.677368 0.0303813 0.111598 0.165671
0 0.869175 0.6993 0.0614353 0.105545 0.136116
0 0.870555 0.786009 0.0622697 0.280874 0.129311
0 0.00619583 0.689787 0.0123656 0.0921216 0.12127
0 0.755384 0.687397 0.0388631 0.105273 0.111771
0 0.783042 0.638951 0.0323435 0.0965891 0.103383
0 0.170182 0.718745 0.0653032 0.137799 0.0960827
0 0.724428 0.778349 0.0651806 0.29487 0.0889782
0 0.664207 0.779387 0.0599258 0.292537 0.0794683
0 0.560839 0.632856 0.0283044 0.0797432 0.0783202
0 0.570553 0.781615 0.0643314 0.284654 0.0741408
0 0.169764 0.753096 0.0670985 0.20509 0.0738646
0 0.646659 0.626794 0.0256305 0.0785766 0.066158
0 0.511151 0.774704 0.0588396 0.294083 0.0661494
0 0.70112 0.639406 0.02773 0.090874 0.0526363
0 0.530757 0.634459 0.0289784 0.0893442 0.0520936
