0 0.617856 0.522533 0.151935 0.598125 0.89059
0 0.487416 0.439202 0.0761227 0.308144 0.799707
0 0.887728 0.449206 0.0781611 0.306238 0.795766
0 0.186219 0.436454 0.0683342 0.290346 0.780622
0 0.083497 0.435966 0.0640773 0.251965 0.748503
0 0.550078 0.433007 0.0592906 0.264853 0.663293
0 0.296417 0.409331 0.0367019 0.175118 0.64614
0 0.673744 0.423124 0.0446344 0.225115 0.641354
0 0.0373317 0.432404 0.058625 0.242116 0.545363
0 0.123756 0.416246 0.0440381 0.197704 0.535338
0 0.788649 0.395284 0.0249159 0.138988 0.516563
0 0.442453 0.385998 0.0262197 0.115033 0.389973
0 0.365946 0.394356 0.0308849 0.127174 0.373972
0 0.42117 0.388414 0.0261514 0.115989 0.364073
0 0.229946 0.417925 0.028058 0.121968 0.249046
0 0.342601 0.400016 0.0272748 0.127137 0.223934
0 0.75573 0.412187 0.0572239 0.108339 0.217845
0 0.681958 0.422512 0.0423507 0.222282 0.185419
0 0.765764 0.409155 0.0431791 0.112695 0.17716
0 0.77594 0.400034 0.0361329 0.130355 0.139354
0 0.696633 0.385662 0.0184933 0.0827313 0.133246
0 0.0352154 0.391609 0.0537832 0.162618 0.122369
0 0.751056 0.422221 0.0441313 0.0865572 0.120739
0 0.864658 0.38611 0.0353241 0.170657 0.117382
0 0.387887 0.385335 0.0200032 0.0832778 0.109415
0 0.690149 0.428848 0.0354864 0.207347 0.108177
0 0.275476 0.400824 0.026028 0.12154 0.102477
0 0.772281 0.426731 0.0287383 0.0769821 0.0825634
0 0.395528 0.389772 0.0237778 0.0916656 0.0823185
0 0.0115545 0.428666 0.0230994 0.0784679 0.0750821
0 0.402679 0.391047 0.0185476 0.0893205 0.0723602
0 0.771503 0.405111 0.031183 0.105585 0.0718401
0 0.789636 0.362911 0.0215068 0.074546 0.0608297
0 0.0105235 0.408846 0.0210347 0.119958 0.0606482
0 0.745394 0.369401 0.0118541 0.0373942 0.0537977
0 0.32033 0.375825 0.0251538 0.0808546 0.0531658
0 0.00688469 0.373476 0.0137293 0.06556 0.0514955
0 0.00569207 0.366269 0.0113265 0.053191 0.0514735
