0 0.909631 0.646269 0.132937 0.594567 0.901533
0 0.658015 0.627145 0.0889873 0.440908 0.848742
0 0.450697 0.614101 0.0655521 0.352979 0.798619
0 0.542159 0.619595 0.0727149 0.406798 0.798271
0 0.362773 0.599249 0.0721189 0.314257 0.794994
0 0.26654 0.579378 0.0385736 0.25483 0.708152
0 0.206316 0.621412 0.0937354 0.439481 0.66497
0 0.308375 0.591913 0.0507981 0.265098 0.657949
0 0.168646 0.624669 0.0482039 0.333367 0.635933
0 0.131095 0.607307 0.0460108 0.288676 0.578229
0 0.0870207 0.605088 0.0498703 0.236544 0.417192
0 0.0222141 0.597887 0.0261881 0.171258 0.357566
0 0.0447442 0.599184 0.0286076 0.18231 0.322059
0 0.985413 0.513743 0.0282402 0.078764 0.321986
0 0.0759822 0.599135 0.0371583 0.233485 0.313367
0 0.0455531 0.581837 0.0350629 0.204021 0.273592
0 0.224618 0.6304 0.0604324 0.41832 0.232306
0 0.0956673 0.600714 0.0343706 0.239841 0.185242
0 0.316032 0.586996 0.0387488 0.281582 0.182917
0 0.163932 0.62021 0.067532 0.326214 0.130551
0 0.0228105 0.581334 0.0316339 0.206459 0.117217
0 0.0700732 0.588495 0.0404772 0.215636 0.106471
0 0.0613217 0.588146 0.0413109 0.212377 0.0964212
