0 0.390568 0.715237 0.131712 0.534437 0.864301
0 0.469688 0.731668 0.107377 0.527451 0.834125
0 0.88768 0.712574 0.1526 0.560355 0.827352
0 0.70521 0.629558 0.0754222 0.304193 0.82542
0 0.550233 0.740441 0.0909115 0.492417 0.824997
0 0.609866 0.709964 0.0940258 0.461512 0.775951
0 0.654097 0.643913 0.0609467 0.313342 0.748971
0 0.160622 0.459313 0.0422023 0.0626074 0.669464
0 0.0226756 0.442054 0.0451082 0.0802684 0.665754
0 0.0973489 0.452419 0.0506054 0.0750674 0.616566
0 0.510001 0.529388 0.0374798 0.0913335 0.506997
0 0.973779 0.711003 0.0519901 0.43098 0.493512
0 0.201156 0.460184 0.0328714 0.0670758 0.308141
0 0.342236 0.465349 0.0284798 0.0761456 0.254722
0 0.264555 0.473165 0.0296402 0.0519923 0.229437
0 0.208619 0.459833 0.0467834 0.0667695 0.219191
0 0.299733 0.468645 0.0225705 0.0592203 0.208413
0 0.2226 0.467299 0.0313784 0.0487415 0.202912
0 0.839616 0.733754 0.0887177 0.519702 0.15845
0 0.318895 0.478046 0.0246011 0.0496523 0.132264
0 0.281447 0.473501 0.0242668 0.054817 0.125512
0 0.815606 0.587936 0.0583807 0.184372 0.117
0 0.759129 0.543608 0.0208063 0.10059 0.114786
0 0.801484 0.556692 0.0341402 0.109803 0.106405
0 0.823779 0.735901 0.082418 0.507012 0.105949
0 0.22591 0.471247 0.0325762 0.0451122 0.103807
0 0.825785 0.606071 0.081934 0.242986 0.101348
0 0.276719 0.472464 0.0239014 0.0503608 0.0866022
0 0.776453 0.551074 0.0219276 0.113619 0.0855105
0 0.804589 0.575809 0.0407921 0.148912 0.0834634
0 0.993122 0.534791 0.0130711 0.0978166 0.0830589
0 0.637919 0.648256 0.0402319 0.357058 0.076486
0 0.974044 0.622701 0.0507546 0.252845 0.0674577
0 0.368129 0.464247 0.0262174 0.0787914 0.0599388
0 0.622109 0.517982 0.0196375 0.0611839 0.0585559
0 0.774706 0.54666 0.0185301 0.0939439 0.0546645
