0 0.0684694 0.551289 0.0642321 0.304134 0.765531
0 0.689155 0.593377 0.0636705 0.304323 0.690633
0 0.744426 0.589773 0.0638116 0.320185 0.658048
0 0.63446 0.59573 0.0599637 0.313429 0.646818
0 0.959653 0.656348 0.0796547 0.318496 0.636608
0 0.164977 0.558683 0.0709359 0.281514 0.623797
0 0.529391 0.578371 0.0635416 0.261677 0.613923
0 0.582609 0.596958 0.0588115 0.299076 0.57303
0 0.213852 0.556189 0.0522591 0.282843 0.565562
0 0.122748 0.556103 0.0625374 0.295502 0.562802
0 0.261696 0.545898 0.0518094 0.275452 0.544226
0 0.882197 0.629471 0.0916904 0.323076 0.541684
0 0.348485 0.538355 0.055346 0.284567 0.49092
0 0.392394 0.534526 0.0523476 0.294483 0.444006
0 0.307284 0.539863 0.0648929 0.278161 0.436111
0 0.480268 0.541085 0.0577047 0.289965 0.435286
0 0.443894 0.543084 0.0534522 0.279433 0.391018
0 0.223675 0.55208 0.0611659 0.281893 0.0837729
0 0.829384 0.521354 0.0651691 0.12659 0.0548937
