0 0.40003 0.713769 0.128329 0.523389 0.890235
0 0.637144 0.707515 0.125496 0.530626 0.873237
0 0.518375 0.705819 0.133724 0.541453 0.870468
0 0.23777 0.515426 0.0966576 0.410162 0.855034
0 0.790231 0.509831 0.102092 0.407918 0.851514
0 0.3094 0.588936 0.0986358 0.442219 0.83193
0 0.698539 0.568348 0.104998 0.458775 0.739059
0 0.404 0.468708 0.107751 0.251817 0.540434
0 0.586902 0.469365 0.0904224 0.265403 0.473927
0 0.628184 0.363018 0.0683336 0.163359 0.409537
0 0.497643 0.461628 0.0942854 0.244899 0.384994
0 0.534587 0.361416 0.0714669 0.172243 0.370952
0 0.908874 0.50886 0.0334053 0.124307 0.353231
0 0.71854 0.513711 0.066734 0.410118 0.30963
0 0.445335 0.3731 0.0656641 0.165008 0.291091
0 0.583844 0.573722 0.091992 0.469881 0.249524
0 0.353186 0.395593 0.0638176 0.167642 0.223426
0 0.867522 0.513896 0.026917 0.117821 0.205388
0 0.91321 0.51063 0.023917 0.122029 0.194875
0 0.716246 0.381103 0.0599524 0.146288 0.125901
0 0.895517 0.511178 0.024448 0.119614 0.104791
0 0.889722 0.512672 0.0222212 0.117254 0.0859045
0 0.826702 0.514713 0.0243755 0.113831 0.0833694
0 0.354115 0.430488 0.0652882 0.243443 0.0830439
0 0.844986 0.514174 0.0265203 0.121434 0.0822258
0 0.877752 0.514766 0.0182344 0.111558 0.0750757
0 0.496519 0.581045 0.0931206 0.498181 0.0731091
0 0.402992 0.439154 0.0998697 0.186822 0.0721125
0 0.882928 0.514988 0.0216985 0.115763 0.062311
0 0.367335 0.44096 0.0451436 0.222578 0.0547653
