0 0.180692 0.808717 0.0917768 0.168593 0.864273
0 0.704714 0.343235 0.0874018 0.15878 0.838842
0 0.167073 0.374305 0.131693 0.194881 0.835218
0 0.531781 0.353458 0.098155 0.171798 0.820363
0 0.370867 0.346175 0.108961 0.171617 0.814565
0 0.854121 0.32769 0.0817536 0.141875 0.808178
0 0.430692 0.873426 0.0894644 0.244147 0.79017
0 0.772489 0.317583 0.0595464 0.115533 0.644806
0 0.744276 0.751787 0.0542908 0.0668721 0.584219
0 0.610843 0.286029 0.027003 0.0592339 0.485945
0 0.634431 0.283555 0.0310597 0.065305 0.381349
0 0.433909 0.747173 0.0432939 0.042123 0.264673
0 0.81463 0.306462 0.0423962 0.110239 0.192886
0 0.409101 0.739286 0.0244274 0.0561293 0.177437
0 0.412991 0.736628 0.0318078 0.0574427 0.168306
0 0.570535 0.281514 0.0236396 0.0488716 0.143535
0 0.740062 0.280364 0.0347137 0.0525862 0.134466
0 0.407657 0.747625 0.022884 0.0701194 0.130015
0 0.675395 0.279576 0.0315619 0.0355386 0.119269
0 0.945984 0.816772 0.106389 0.0742813 0.116151
0 0.436772 0.74066 0.0480057 0.0544305 0.111242
0 0.815788 0.294941 0.0378018 0.0845322 0.104865
0 0.792064 0.265776 0.0249804 0.0335278 0.0995386
0 0.820947 0.309562 0.0312952 0.117881 0.0841536
0 0.811117 0.282835 0.0365557 0.0609803 0.0841055
0 0.740328 0.271485 0.0315693 0.0382493 0.0823159
0 0.433523 0.753856 0.0463319 0.047936 0.0748894
0 0.451265 0.737595 0.0221444 0.0446471 0.0695345
0 0.732021 0.756552 0.0656265 0.074548 0.0667629
0 0.79633 0.268834 0.02693 0.0394247 0.0641205
0 0.451741 0.727625 0.0226401 0.0380464 0.0628022
0 0.451644 0.744619 0.0207591 0.0469009 0.0601675
0 0.781364 0.313171 0.0434616 0.108451 0.0594045
0 0.512051 0.846533 0.0778288 0.26348 0.0580709
0 0.430186 0.742281 0.0422045 0.0465456 0.0523458
