0 0.25073 0.614259 0.179342 0.752756 0.911101
0 0.574203 0.556416 0.12124 0.528623 0.840409
0 0.412976 0.637364 0.134586 0.701519 0.835476
0 0.0764012 0.590797 0.151875 0.791196 0.832438
0 0.672657 0.499995 0.0780921 0.362711 0.60505
0 0.796359 0.459548 0.036039 0.274743 0.595111
0 0.750434 0.466317 0.0434411 0.273254 0.594928
0 0.818032 0.465969 0.0594376 0.277754 0.585654
0 0.092292 0.496258 0.183223 0.616959 0.557229
0 0.321314 0.551014 0.099398 0.629918 0.555893
0 0.508978 0.373184 0.0388521 0.154827 0.537633
0 0.863568 0.474937 0.0472992 0.284659 0.518084
0 0.911844 0.476238 0.047655 0.304604 0.408656
0 0.78964 0.460888 0.0323003 0.272922 0.386773
0 0.826549 0.467068 0.0396965 0.276421 0.381364
0 0.47811 0.371118 0.0424585 0.176464 0.355894
0 0.928141 0.47668 0.0697437 0.301774 0.339799
0 0.707236 0.485913 0.0400074 0.326109 0.337564
0 0.873496 0.474883 0.0537552 0.26404 0.33222
0 0.491953 0.661771 0.0931107 0.502012 0.19972
0 0.315646 0.371711 0.0877169 0.272251 0.191847
0 0.782949 0.459903 0.045137 0.27807 0.146584
0 0.687061 0.492558 0.0614795 0.341375 0.133371
0 0.707183 0.436059 0.042141 0.220468 0.124126
0 0.808488 0.460944 0.0531311 0.27323 0.111478
0 0.886918 0.466507 0.0443035 0.259294 0.109547
0 0.939377 0.427771 0.0501888 0.181418 0.102723
0 0.477905 0.407552 0.0455558 0.247905 0.0944524
0 0.478331 0.591593 0.0700759 0.613472 0.0886447
0 0.611392 0.527514 0.0478315 0.429891 0.0872643
0 0.7976 0.421555 0.0309792 0.194265 0.0667654
0 0.704424 0.388985 0.036155 0.128674 0.0627332
0 0.897311 0.470318 0.052041 0.275933 0.062319
0 0.610201 0.451076 0.0567581 0.317912 0.0608651
0 0.943696 0.454963 0.0462643 0.22592 0.0587796
0 0.478074 0.528432 0.0473885 0.491409 0.0577031
0 0.903686 0.432573 0.0382561 0.19459 0.0518731
