0 0.100292 0.726664 0.10788 0.528867 0.857076
0 0.510464 0.765448 0.135365 0.463615 0.853549
0 0.619022 0.735507 0.0954212 0.520739 0.829361
0 0.824544 0.680257 0.0817997 0.388928 0.795314
0 0.308148 0.761079 0.0759612 0.452087 0.723846
0 0.420409 0.731416 0.075092 0.51575 0.695222
0 0.194983 0.744245 0.0917455 0.432223 0.693682
0 0.737211 0.73049 0.116392 0.519213 0.692984
0 0.255558 0.757746 0.0713639 0.456087 0.66615
0 0.945554 0.662606 0.0996115 0.335423 0.62306
0 0.365532 0.722211 0.0700106 0.451364 0.585213
0 0.46919 0.764544 0.0537311 0.455241 0.45812
0 0.546809 0.582684 0.058787 0.152197 0.363861
0 0.201571 0.511271 0.0566397 0.131332 0.34824
0 0.737253 0.655359 0.114432 0.369604 0.255179
0 0.282238 0.756649 0.126422 0.46742 0.188015
0 0.661871 0.623788 0.0741718 0.178839 0.138372
0 0.471105 0.627001 0.0452067 0.166461 0.117933
0 0.313013 0.455374 0.0398781 0.0969176 0.11579
0 0.554317 0.597021 0.0495018 0.164858 0.102071
0 0.393092 0.54152 0.0351829 0.121274 0.101015
0 0.543812 0.566552 0.0518263 0.119737 0.0932688
0 0.0173256 0.582195 0.0341417 0.175922 0.0920079
0 0.661688 0.668191 0.0744328 0.267302 0.079655
0 0.188006 0.509834 0.0783884 0.131268 0.0750314
0 0.846191 0.632056 0.0312832 0.205146 0.0688281
0 0.844538 0.57514 0.0272239 0.090725 0.0679864
0 0.390653 0.524913 0.0339287 0.0908568 0.063003
0 0.172129 0.578139 0.0557143 0.126971 0.0610564
0 0.194192 0.445077 0.0396177 0.0848031 0.0602967
0 0.470022 0.688681 0.0536043 0.300946 0.0551169
0 0.170074 0.567146 0.0479207 0.100807 0.0531387
0 0.39428 0.571008 0.0383913 0.170097 0.0500744
