0 0.104823 0.596284 0.0633645 0.27832 0.787017
0 0.160224 0.587976 0.0489323 0.261956 0.672419
0 0.31578 0.598665 0.077748 0.330585 0.636351
0 0.23006 0.595733 0.0632634 0.273938 0.495151
0 0.47415 0.54828 0.045883 0.252032 0.466633
0 0.406355 0.557453 0.0419317 0.27516 0.457508
0 0.262978 0.577166 0.050859 0.259951 0.426905
0 0.354889 0.582422 0.037311 0.294669 0.41387
0 0.435842 0.557472 0.0474123 0.256694 0.360208
0 0.199556 0.581015 0.0387743 0.247376 0.337074
0 0.52481 0.541496 0.0330474 0.215027 0.243345
0 0.517442 0.53903 0.048012 0.219116 0.215848
0 0.382385 0.569306 0.0410187 0.282571 0.203745
0 0.545333 0.537462 0.0313649 0.207253 0.199483
0 0.841136 0.365916 0.0203773 0.0342615 0.195693
0 0.504825 0.540423 0.039782 0.224691 0.183342
0 0.789445 0.366807 0.0268874 0.0329528 0.141779
0 0.53464 0.534002 0.0493922 0.2145 0.103424
0 0.711445 0.368834 0.024295 0.0358559 0.0981892
0 0.242614 0.587033 0.083398 0.268896 0.0960834
0 0.299067 0.562898 0.0451138 0.246869 0.0938903
0 0.684978 0.373729 0.0220567 0.0281715 0.0789853
0 0.846408 0.450442 0.0181677 0.0275362 0.0776194
0 0.85095 0.450793 0.0129963 0.0264721 0.0749644
0 0.414687 0.562512 0.0611487 0.269757 0.0717395
0 0.77757 0.451265 0.0123 0.0267495 0.0603833
0 0.210264 0.590503 0.0550426 0.268142 0.0579571
