0 0.656424 0.661937 0.0554892 0.281807 0.840216
0 0.940982 0.614676 0.0621452 0.244813 0.821766
0 0.407116 0.602018 0.0348166 0.183651 0.666254
0 0.443219 0.583638 0.0328028 0.162909 0.660463
0 0.981389 0.569425 0.0366253 0.177864 0.65486
0 0.478989 0.5917 0.0353916 0.173409 0.628599
0 0.544393 0.577866 0.0366377 0.156581 0.593925
0 0.372104 0.590565 0.0325217 0.168906 0.585606
0 0.318289 0.610864 0.0409153 0.19295 0.532789
0 0.505011 0.566666 0.033254 0.162461 0.473318
0 0.611885 0.567893 0.0383408 0.156671 0.411344
0 0.569128 0.561303 0.0305855 0.146121 0.343968
0 0.526287 0.556172 0.0243233 0.145788 0.305664
0 0.237246 0.577762 0.034498 0.162306 0.22655
0 0.291132 0.599773 0.0298968 0.170239 0.205137
0 0.589927 0.546158 0.0247465 0.138593 0.204226
0 0.263997 0.589057 0.0315977 0.169656 0.18892
0 0.626688 0.526416 0.0239197 0.0857387 0.116407
0 0.0152693 0.897545 0.0304767 0.188745 0.0787846
0 0.342955 0.562971 0.028433 0.148938 0.0781238
0 0.517124 0.567893 0.0392223 0.165745 0.0737368
0 0.627562 0.544863 0.0214411 0.121341 0.0697462
0 0.460272 0.544178 0.0256134 0.110616 0.0652594
0 0.984855 0.560066 0.0295906 0.137049 0.0618508
0 0.585282 0.554316 0.0296537 0.150942 0.0607678
0 0.991635 0.539048 0.0161003 0.128465 0.0592047
0 0.57772 0.559257 0.0407976 0.154291 0.0556332
0 0.543816 0.570924 0.0268661 0.141543 0.0525067
0 0.425344 0.531337 0.0213745 0.0957521 0.0506682
0 0.211288 0.572684 0.0320508 0.149593 0.0505734
