0 0.477001 0.754197 0.0414612 0.222839 0.714108
0 0.374452 0.743218 0.0463213 0.248244 0.708001
0 0.579288 0.748504 0.0420973 0.237905 0.683139
0 0.12953 0.788724 0.0515879 0.197861 0.667925
0 0.524255 0.765222 0.0344104 0.227378 0.647762
0 0.0596685 0.789223 0.0485526 0.192518 0.625469
0 0.313287 0.780287 0.0469457 0.221331 0.575218
0 0.677237 0.743167 0.0337088 0.233012 0.498374
0 0.179884 0.792548 0.0544231 0.191199 0.483911
0 0.26196 0.753217 0.0501557 0.231817 0.320191
0 0.279318 0.754741 0.0461283 0.257007 0.281909
0 0.00392247 0.809957 0.00784495 0.064672 0.197323
0 0.988282 0.786406 0.0224037 0.105869 0.184324
0 0.261226 0.762465 0.0680035 0.254739 0.147951
0 0.278279 0.755911 0.0934243 0.271803 0.146749
0 0.752223 0.901861 0.0280311 0.0857657 0.113989
0 0.304354 0.771367 0.0669644 0.229519 0.106991
0 0.287581 0.485452 0.0299379 0.120849 0.0995562
0 0.267344 0.479367 0.0207388 0.0981009 0.0880597
0 0.983211 0.785413 0.0306747 0.102353 0.0680648
0 0.977337 0.781115 0.0220341 0.0935035 0.0676911
0 0.976409 0.766946 0.0208337 0.0627546 0.0651662
0 0.216468 0.477046 0.0228237 0.0973445 0.0602434
0 0.85248 0.732516 0.0514667 0.206077 0.0601727
0 0.157967 0.69295 0.0574628 0.214366 0.0563884
0 0.708338 0.719693 0.0432241 0.202907 0.0557195
0 0.778129 0.902261 0.0261935 0.0947036 0.0543875
0 0.188612 0.675891 0.0719229 0.130743 0.0542546
0 0.177801 0.722283 0.0970818 0.281813 0.0529535
