0 0.115271 0.676883 0.131606 0.400286 0.882816
0 0.951372 0.561679 0.0607181 0.16646 0.840025
0 0.15982 0.648148 0.0942773 0.327607 0.809066
0 0.254131 0.66737 0.0890078 0.384028 0.777588
0 0.796053 0.562377 0.0533413 0.189261 0.770167
0 0.747325 0.560795 0.0398431 0.183561 0.692132
0 0.550363 0.590226 0.064073 0.13418 0.685659
0 0.364966 0.659897 0.0870497 0.333353 0.619217
0 0.678485 0.567313 0.0495245 0.177585 0.57943
0 0.458388 0.599143 0.0439667 0.116349 0.569222
0 0.612138 0.582502 0.0449818 0.12032 0.564404
0 0.287776 0.645445 0.0652405 0.308337 0.53048
0 0.625647 0.486193 0.0342976 0.0687424 0.434778
0 0.72074 0.529417 0.0257517 0.119413 0.409644
0 0.693274 0.55213 0.0298488 0.1747 0.339666
0 0.69365 0.521833 0.0319204 0.115887 0.248095
0 0.666392 0.484306 0.0266517 0.0668524 0.221124
0 0.598062 0.487105 0.0255574 0.0673083 0.176209
0 0.32654 0.670636 0.0470804 0.20741 0.169775
0 0.582542 0.551466 0.0333938 0.067684 0.151633
0 0.646269 0.485516 0.0208542 0.0655752 0.136041
0 0.637526 0.547001 0.0248205 0.0590204 0.128836
0 0.587642 0.541036 0.0231498 0.0563869 0.114341
0 0.584485 0.57607 0.0411383 0.104763 0.111093
0 0.697648 0.569143 0.0200998 0.128754 0.109812
0 0.287606 0.549936 0.0662837 0.11793 0.0766906
0 0.574878 0.536877 0.0295152 0.0768661 0.0743975
0 0.286714 0.571557 0.0652274 0.166826 0.0737564
0 0.561777 0.552665 0.0295422 0.0567701 0.0698949
0 0.576059 0.552461 0.0280988 0.0609928 0.0609849
0 0.323483 0.651867 0.0554159 0.266947 0.0569258
0 0.571202 0.565392 0.0408375 0.077361 0.0517882
