0 0.036235 0.731824 0.0720494 0.52754 0.875861
0 0.527757 0.700754 0.169748 0.587915 0.850428
0 0.309863 0.666511 0.0475959 0.227154 0.814854
0 0.810301 0.679401 0.0966972 0.361863 0.779147
0 0.614115 0.736221 0.0918186 0.410951 0.764931
0 0.43447 0.735249 0.0807744 0.362231 0.679098
0 0.370787 0.622914 0.0441408 0.147746 0.633299
0 0.72549 0.614699 0.0388435 0.168592 0.419075
0 0.654393 0.693381 0.0518204 0.32442 0.400079
0 0.965034 0.616877 0.0214546 0.0990565 0.396795
0 0.757357 0.604246 0.0264351 0.104741 0.279701
0 0.680509 0.641967 0.0404006 0.226764 0.267131
0 0.922103 0.606407 0.0267742 0.138083 0.257005
0 0.863418 0.607153 0.0331648 0.124541 0.187414
0 0.40628 0.617502 0.0207628 0.0967855 0.174847
0 0.896757 0.710985 0.10072 0.0951615 0.141332
0 0.379224 0.624048 0.0278949 0.14643 0.11806
0 0.685103 0.644699 0.0292714 0.209991 0.0784262
0 0.383638 0.624307 0.0226883 0.139604 0.0776767
0 0.390016 0.621495 0.0171501 0.10117 0.0733132
0 0.230037 0.588457 0.0152021 0.0381741 0.0634189
0 0.398583 0.615144 0.0223878 0.108628 0.0550646
