0 0.181248 0.675314 0.0924427 0.453165 0.762853
0 0.309208 0.667546 0.0750168 0.428805 0.731076
0 0.0360412 0.696809 0.0719566 0.459246 0.716071
0 0.950958 0.642464 0.068952 0.397579 0.700607
0 0.103015 0.692954 0.0863242 0.446049 0.697439
0 0.814372 0.671104 0.0919502 0.424181 0.694846
0 0.452587 0.675112 0.0708925 0.414871 0.684148
0 0.876451 0.648684 0.0763434 0.392072 0.68218
0 0.393496 0.672761 0.0822792 0.437069 0.667932
0 0.248072 0.718921 0.071552 0.344295 0.59836
0 0.52654 0.755897 0.0741566 0.310168 0.563869
0 0.704811 0.732811 0.0772052 0.321752 0.549746
0 0.582402 0.724005 0.0717472 0.319141 0.533514
0 0.73228 0.669037 0.0695665 0.39961 0.504902
0 0.987188 0.647087 0.0249755 0.35617 0.393544
0 0.593026 0.542638 0.0919603 0.20123 0.360865
0 0.673202 0.716355 0.0446663 0.30281 0.280868
0 0.680309 0.5342 0.0561376 0.16326 0.276082
0 0.627372 0.749805 0.0466629 0.253989 0.25291
0 0.640952 0.546338 0.0505779 0.169317 0.195291
0 0.98748 0.586327 0.0243277 0.234636 0.18409
0 0.213388 0.67677 0.0398876 0.389587 0.177986
0 0.266177 0.587396 0.0474341 0.199162 0.131239
0 0.505027 0.597327 0.056035 0.253122 0.128536
0 0.264489 0.657528 0.0483067 0.339231 0.127825
0 0.504051 0.641784 0.0517447 0.345047 0.108375
0 0.263273 0.560005 0.0457384 0.14366 0.0806237
0 0.357615 0.655492 0.0404022 0.348219 0.0714257
0 0.907606 0.656806 0.0417952 0.34308 0.0570872
