0 0.405857 0.466659 0.190836 0.606508 0.890988
0 0.622614 0.452422 0.131072 0.630607 0.822134
0 0.269983 0.332308 0.0613739 0.198258 0.80533
0 0.857373 0.3206 0.0547298 0.244872 0.797413
0 0.895995 0.346622 0.0607986 0.248486 0.779696
0 0.796964 0.338361 0.0499895 0.209339 0.76447
0 0.214052 0.322873 0.0435458 0.180073 0.699792
0 0.468515 0.308215 0.0367429 0.171692 0.630304
0 0.979833 0.321679 0.0397297 0.204826 0.625778
0 0.738747 0.33137 0.0447632 0.217955 0.582888
0 0.180839 0.287473 0.0359423 0.17929 0.477762
0 0.933813 0.300542 0.0404684 0.17255 0.472328
0 0.740478 0.283553 0.0399463 0.12635 0.209971
0 0.527764 0.28397 0.034165 0.0797434 0.201674
0 0.466234 0.291003 0.0403119 0.127431 0.153705
0 0.238385 0.317181 0.0296458 0.159201 0.108152
0 0.557681 0.304114 0.0344589 0.13306 0.0776647
0 0.743277 0.271084 0.0369329 0.0956854 0.0765683
0 0.238427 0.297654 0.0270871 0.12258 0.0760145
0 0.984661 0.277404 0.0299 0.113742 0.0728722
0 0.991996 0.308654 0.0155696 0.192682 0.0705587
0 0.293466 0.351161 0.027305 0.0892591 0.0600487
0 0.930839 0.273877 0.0326473 0.122047 0.0556633
0 0.693321 0.275603 0.0468838 0.0851704 0.0533321
