0 0.427369 0.665347 0.115789 0.432888 0.886166
0 0.34237 0.648919 0.0850197 0.440697 0.856418
0 0.891147 0.697887 0.127542 0.600027 0.812925
0 0.688625 0.566724 0.0851985 0.37053 0.803643
0 0.75958 0.578306 0.0952206 0.394355 0.753297
0 0.596464 0.595581 0.0624031 0.300613 0.743986
0 0.978731 0.53828 0.0419987 0.220485 0.682378
0 0.519166 0.587487 0.06018 0.322531 0.657888
0 0.471793 0.49445 0.0401831 0.135412 0.305107
0 0.809093 0.509367 0.0560688 0.193061 0.13925
0 0.815754 0.500275 0.0427094 0.173221 0.119439
0 0.836945 0.466552 0.0286057 0.0991372 0.0973795
0 0.17777 0.54636 0.0294482 0.0789829 0.0888103
0 0.449407 0.470476 0.0211021 0.093158 0.0880247
0 0.812274 0.556417 0.0573376 0.295135 0.0873463
0 0.177772 0.525463 0.0299899 0.111698 0.0825919
0 0.890151 0.596372 0.12564 0.395466 0.0752875
0 0.642278 0.473966 0.0249996 0.129061 0.0619357
0 0.72036 0.466941 0.0191744 0.0718137 0.0603283
0 0.796969 0.509721 0.0373323 0.187887 0.0588164
0 0.837369 0.493251 0.0303179 0.150593 0.0576228
0 0.785136 0.436132 0.0229719 0.046002 0.0541353
0 0.49832 0.600871 0.0548161 0.279865 0.0531326
