0 0.127311 0.654805 0.123878 0.478458 0.906498
0 0.862981 0.671439 0.107717 0.435155 0.870236
0 0.248868 0.683449 0.10163 0.421057 0.857043
0 0.595696 0.689352 0.0955518 0.404953 0.83135
0 0.766261 0.670336 0.096611 0.36682 0.823497
0 0.681427 0.664743 0.0961746 0.375451 0.819574
0 0.34927 0.690389 0.0932358 0.403274 0.79113
0 0.43793 0.681066 0.0908553 0.418832 0.778325
0 0.511621 0.685413 0.083848 0.4136 0.569185
0 0.625146 0.54087 0.030449 0.0634252 0.183871
0 0.978695 0.723097 0.0420429 0.207705 0.156769
0 0.706046 0.533345 0.0333544 0.0647124 0.144862
0 0.544814 0.680083 0.0380563 0.367678 0.0847321
0 0.545491 0.56187 0.0367573 0.114421 0.0766469
0 0.03856 0.656547 0.076263 0.361447 0.0690201
