0 0.232661 0.706998 0.0746518 0.422781 0.568876
0 0.624624 0.731507 0.0608905 0.360435 0.489014
0 0.286504 0.723851 0.0594874 0.368839 0.473851
0 0.508383 0.732799 0.0765569 0.374562 0.461479
0 0.938675 0.776213 0.0768273 0.310254 0.442247
0 0.6794 0.725222 0.0547619 0.355211 0.440313
0 0.728085 0.713128 0.0613404 0.385063 0.43621
0 0.337037 0.736741 0.0560021 0.336506 0.428241
0 0.827257 0.729621 0.0587967 0.351754 0.41835
0 0.567279 0.731145 0.0546009 0.350418 0.405622
0 0.778586 0.744339 0.0539359 0.31103 0.402039
0 0.880395 0.760622 0.0641018 0.321433 0.38286
0 0.446908 0.729265 0.0665521 0.363944 0.354856
0 0.556514 0.506202 0.0485195 0.255239 0.304957
0 0.175634 0.647352 0.0673109 0.476998 0.281369
0 0.604527 0.504566 0.056661 0.256768 0.26507
0 0.805624 0.532055 0.0424046 0.216388 0.259128
0 0.706088 0.501331 0.051043 0.233568 0.25645
0 0.464251 0.522972 0.0556307 0.230809 0.228911
0 0.658426 0.505412 0.0501474 0.237636 0.220766
0 0.274667 0.503646 0.0475809 0.209379 0.215559
0 0.512551 0.50211 0.0560254 0.241412 0.210695
0 0.89914 0.54616 0.0679241 0.268172 0.173753
0 0.322658 0.510967 0.0541459 0.2416 0.159739
0 0.759176 0.522246 0.0508949 0.2026 0.155532
0 0.398239 0.810751 0.0676053 0.307284 0.15187
0 0.847683 0.540309 0.0480522 0.212614 0.145179
0 0.373182 0.596057 0.0505508 0.243634 0.137244
0 0.429683 0.515789 0.0439751 0.219272 0.129199
0 0.224694 0.486273 0.0623176 0.205124 0.0798768
0 0.390013 0.513283 0.0533813 0.211091 0.0658857
0 0.388392 0.47462 0.0475837 0.133838 0.0512191
