0 0.800241 0.686663 0.0600697 0.199025 0.824638
0 0.219585 0.630108 0.0267367 0.120737 0.754596
0 0.442811 0.607246 0.035606 0.0969922 0.673852
0 0.0900596 0.701277 0.0514003 0.146896 0.673464
0 0.289363 0.584078 0.0186477 0.0612672 0.606576
0 0.753994 0.669431 0.03752 0.157345 0.583686
0 0.69433 0.679616 0.035302 0.145807 0.538979
0 0.487022 0.59148 0.0297472 0.122123 0.536011
0 0.506493 0.59667 0.0201118 0.0916274 0.52723
0 0.486546 0.610189 0.032129 0.0820738 0.483217
0 0.635262 0.600163 0.0231779 0.0976925 0.469615
0 0.724645 0.678168 0.0521954 0.15997 0.448532
0 0.585941 0.458943 0.0354416 0.154155 0.441559
0 0.777411 0.686419 0.0312473 0.161638 0.346762
0 0.582284 0.581436 0.0154669 0.0442616 0.317657
0 0.45179 0.461767 0.0304811 0.144962 0.287152
0 0.93778 0.588833 0.0195129 0.0877596 0.236956
0 0.685729 0.597051 0.024554 0.0956107 0.214474
0 0.664092 0.603054 0.0263788 0.0877048 0.192304
0 0.555749 0.440267 0.0368613 0.145974 0.163687
0 0.42834 0.438014 0.0317302 0.0820204 0.138546
0 0.970164 0.587021 0.0228269 0.0931656 0.137922
0 0.661897 0.595662 0.0329685 0.100551 0.0964259
0 0.954169 0.589734 0.0167143 0.0881117 0.0884432
0 0.985406 0.6777 0.0282745 0.107535 0.0776656
0 0.703271 0.680174 0.0383858 0.15053 0.0756263
0 0.971824 0.574615 0.0193621 0.065619 0.0654715
0 0.454282 0.596277 0.0159328 0.0750146 0.0643585
0 0.538742 0.451094 0.029916 0.162796 0.0522651
