0 0.74262 0.619511 0.0945969 0.741083 0.841527
0 0.153998 0.640032 0.0936118 0.518129 0.840043
0 0.412521 0.647331 0.0715103 0.541617 0.773046
0 0.533856 0.632223 0.0857672 0.59858 0.772136
0 0.279375 0.634157 0.062483 0.518842 0.76323
0 0.227708 0.636669 0.0737717 0.511609 0.759237
0 0.463855 0.637328 0.0742271 0.567871 0.748382
0 0.610224 0.633815 0.0730616 0.641814 0.739026
0 0.675293 0.638378 0.0791331 0.679439 0.717041
0 0.357812 0.641742 0.0689808 0.511731 0.673877
0 0.322912 0.63255 0.0571999 0.491525 0.622884
0 0.00486014 0.488002 0.00960521 0.0355261 0.245232
0 0.687993 0.639616 0.113275 0.697594 0.0775898
0 0.318334 0.554982 0.0524687 0.316001 0.0548496
