0 0.0887944 0.459241 0.029653 0.103046 0.741535
0 0.883012 0.446093 0.0288982 0.139733 0.708096
0 0.21459 0.370041 0.0343119 0.148838 0.70652
0 0.979478 0.456445 0.0322349 0.138891 0.619623
0 0.402801 0.362481 0.0273149 0.151958 0.587452
0 0.256385 0.368604 0.0339972 0.146889 0.564541
0 0.0346109 0.464781 0.04518 0.0970817 0.544145
0 0.768247 0.401365 0.0283201 0.0926151 0.472764
0 0.666829 0.404659 0.0269489 0.0809496 0.45219
0 0.692612 0.402874 0.0291585 0.0872628 0.431227
0 0.732259 0.398524 0.0260626 0.0920876 0.423729
0 0.236333 0.362218 0.02273 0.147446 0.4023
0 0.800467 0.417739 0.0273873 0.0652212 0.374993
0 0.635834 0.407533 0.0326309 0.0764491 0.325222
0 0.60849 0.397071 0.0337005 0.0798229 0.260062
0 0.377206 0.322644 0.0310735 0.213186 0.203286
0 0.642685 0.404627 0.0236968 0.0813103 0.201876
0 0.837639 0.406935 0.0266014 0.0634469 0.200991
0 0.839197 0.445752 0.0324112 0.141789 0.199955
0 0.009465 0.475265 0.01893 0.0765012 0.17751
0 0.376142 0.353797 0.0271003 0.142552 0.172279
0 0.838644 0.428314 0.0286384 0.105386 0.133225
0 0.513615 0.530559 0.132361 0.473287 0.125205
0 0.805024 0.415586 0.0276119 0.0704554 0.101193
0 0.263201 0.366447 0.0177434 0.133484 0.0981887
0 0.0240092 0.465551 0.0475469 0.0981797 0.0911517
0 0.245853 0.366196 0.026236 0.144173 0.084511
0 0.955333 0.461071 0.0235009 0.0853004 0.0756686
0 0.99141 0.455212 0.015258 0.12416 0.0697788
0 0.815423 0.415654 0.0141362 0.067159 0.0696236
0 0.840691 0.465937 0.0292728 0.100062 0.0679888
0 0.760016 0.401958 0.0196668 0.0884072 0.0661475
0 0.00622403 0.414416 0.0123729 0.0644902 0.0642694
0 0.00589918 0.403633 0.0117509 0.062577 0.0609765
