0 0.0498594 0.651192 0.0997189 0.352605 0.868777
0 0.370777 0.623085 0.0660109 0.3674 0.791169
0 0.436459 0.645477 0.0697231 0.349707 0.788835
0 0.498873 0.635332 0.0605979 0.33978 0.779133
0 0.312813 0.6304 0.059164 0.338113 0.736989
0 0.549336 0.636475 0.0553148 0.329664 0.735556
0 0.250139 0.63495 0.0735206 0.330534 0.731266
0 0.644007 0.643619 0.0562357 0.306667 0.729522
0 0.814966 0.663715 0.0787567 0.373 0.72924
0 0.120523 0.644006 0.0785623 0.344963 0.717485
0 0.185672 0.64005 0.0696236 0.333629 0.709968
0 0.897688 0.693067 0.103512 0.402899 0.701609
0 0.596919 0.637331 0.0561802 0.32579 0.690332
0 0.683324 0.634494 0.0582596 0.296328 0.671158
0 0.960863 0.683977 0.0771689 0.414641 0.637163
0 0.733792 0.638848 0.0707794 0.291014 0.620465
0 0.770176 0.637348 0.0515668 0.308647 0.354188
0 0.9778 0.6953 0.0437861 0.453271 0.315775
0 0.760465 0.63574 0.0378349 0.295268 0.184718
0 0.1568 0.506256 0.0330239 0.0683379 0.131909
0 0.0105987 0.514564 0.0211975 0.10927 0.104572
0 0.854994 0.660259 0.0576208 0.37275 0.101242
0 0.783082 0.642989 0.0404322 0.327139 0.0826682
0 0.0175634 0.604154 0.0351267 0.275595 0.0794012
0 0.0924354 0.507365 0.0353248 0.0710685 0.0738826
0 0.855479 0.576354 0.0552277 0.214186 0.0679563
0 0.0175263 0.516779 0.0348154 0.115336 0.0679467
0 0.856134 0.517925 0.0535867 0.0944929 0.0607625
0 0.768206 0.541247 0.0474751 0.115015 0.0598508
0 0.00826594 0.523763 0.0165319 0.110887 0.0540812
0 0.00878081 0.504676 0.0175616 0.0911754 0.0536419
