0 0.456391 0.553275 0.153458 0.756784 0.90025
0 0.595391 0.544806 0.145644 0.735398 0.858474
0 0.352158 0.515391 0.164295 0.864798 0.839209
0 0.0311433 0.330716 0.0618531 0.584947 0.834843
0 0.700326 0.544484 0.145076 0.716097 0.811832
0 0.243014 0.268615 0.105752 0.536123 0.809296
0 0.893402 0.364414 0.117179 0.607515 0.78497
0 0.0834967 0.284833 0.102974 0.518778 0.776393
0 0.974251 0.424231 0.0505844 0.647358 0.658684
0 0.128324 0.162575 0.0951725 0.32359 0.603828
0 0.815084 0.372216 0.0812577 0.637505 0.600739
0 0.485274 0.176919 0.0932816 0.351177 0.442485
0 0.759569 0.39868 0.0941164 0.667489 0.440078
0 0.0408329 0.902743 0.0811881 0.179214 0.401338
0 0.588551 0.0904255 0.0635519 0.135134 0.184018
0 0.673371 0.177762 0.060533 0.134335 0.146576
0 0.558877 0.197874 0.0577147 0.172059 0.140099
0 0.415487 0.126268 0.0475209 0.228584 0.137239
0 0.758624 0.234364 0.0940956 0.33336 0.130435
0 0.184923 0.142735 0.0665608 0.284492 0.0998695
0 0.361668 0.115543 0.091478 0.227595 0.0910065
0 0.2857 0.153971 0.0697328 0.303337 0.0864795
0 0.785014 0.403356 0.123187 0.704143 0.0806971
0 0.968994 0.147109 0.0614509 0.211839 0.079926
0 0.358503 0.0653627 0.0839027 0.128735 0.0780814
0 0.620371 0.199635 0.0784149 0.173031 0.0725457
0 0.0456584 0.0807704 0.0808802 0.16094 0.0721876
0 0.643906 0.0934891 0.0593369 0.183061 0.0698207
0 0.620152 0.175938 0.0730297 0.12632 0.0653212
