0 0.797746 0.512421 0.154194 0.59218 0.854025
0 0.298033 0.669988 0.28998 0.64564 0.849843
0 0.613659 0.820221 0.266595 0.347926 0.733203
0 0.0939508 0.595089 0.167601 0.724684 0.715935
0 0.729375 0.419084 0.0918999 0.434885 0.707818
0 0.238526 0.343905 0.181339 0.425694 0.704263
0 0.934421 0.535168 0.131158 0.69682 0.617263
0 0.449409 0.490127 0.193806 0.676583 0.614087
0 0.308568 0.261842 0.0604291 0.302798 0.611488
0 0.530209 0.462052 0.310998 0.538751 0.584423
0 0.153565 0.0974418 0.0378991 0.0841091 0.568016
0 0.650888 0.270055 0.0904125 0.22596 0.522465
0 0.0287289 0.502908 0.0571401 0.536081 0.516224
0 0.386463 0.341475 0.104266 0.406225 0.412761
0 0.102645 0.297101 0.101086 0.253552 0.406355
0 0.369315 0.107587 0.019614 0.0761399 0.267719
0 0.651709 0.342217 0.09087 0.374988 0.266711
0 0.38815 0.278398 0.100157 0.277347 0.253905
0 0.0281985 0.403824 0.0563435 0.334712 0.230809
0 0.822197 0.254399 0.134264 0.361564 0.165304
0 0.959199 0.828815 0.0810593 0.330391 0.154956
0 0.824437 0.423762 0.135696 0.706626 0.143051
0 0.964915 0.670247 0.0698528 0.628731 0.119651
0 0.0787783 0.208196 0.0524888 0.0665311 0.115578
0 0.845608 0.322871 0.094927 0.481477 0.104756
0 0.948582 0.616157 0.102091 0.752066 0.086066
0 0.862323 0.499864 0.0729973 0.575189 0.081024
0 0.23051 0.294769 0.168521 0.323968 0.076176
0 0.455727 0.565295 0.147182 0.52251 0.0627815
0 0.0290475 0.310831 0.0573019 0.151639 0.0606114
0 0.647045 0.44059 0.088065 0.553509 0.0534463
0 0.380737 0.104376 0.0152072 0.0736749 0.0515802
0 0.443611 0.399962 0.19592 0.494984 0.0505076
