0 0.337735 0.441371 0.059489 0.0841291 0.812862
0 0.201342 0.435575 0.060171 0.0918852 0.747636
0 0.266244 0.442331 0.0618937 0.0813798 0.731811
0 0.881101 0.426543 0.0558838 0.0869719 0.727531
0 0.121029 0.436631 0.0619195 0.0803539 0.669283
0 0.825585 0.422387 0.0611066 0.0920315 0.630577
0 0.696384 0.422607 0.0662285 0.094594 0.565121
0 0.771405 0.426965 0.0550778 0.0843749 0.556558
0 0.0408789 0.444408 0.0528935 0.0752848 0.550506
0 0.613584 0.425257 0.0635996 0.10073 0.517306
0 0.422083 0.43319 0.0605371 0.0934674 0.507199
0 0.517265 0.436667 0.0844309 0.0893015 0.440085
0 0.941056 0.433617 0.0585656 0.0722312 0.41803
0 0.737307 0.435145 0.0338279 0.0730725 0.299343
0 0.197369 0.509488 0.0606723 0.25023 0.0874685
