0 0.687339 0.608116 0.250161 0.747824 0.901222
0 0.441229 0.644849 0.14446 0.500235 0.898194
0 0.319148 0.659093 0.121522 0.370264 0.821332
0 0.812886 0.63922 0.0504528 0.168629 0.784798
0 0.865261 0.623265 0.0600834 0.248784 0.779257
0 0.762577 0.629431 0.0491036 0.224024 0.770733
0 0.919414 0.625314 0.0441429 0.201054 0.748879
0 0.209075 0.683903 0.0621898 0.23702 0.742009
0 0.254299 0.668515 0.071407 0.295245 0.705996
0 0.569854 0.648631 0.0566756 0.236859 0.697346
0 0.949399 0.613328 0.0406799 0.186445 0.551801
0 0.71302 0.639143 0.0351127 0.185428 0.494549
0 0.889934 0.611608 0.0427349 0.222941 0.102997
0 0.890831 0.576738 0.0348437 0.14824 0.0952678
0 0.89497 0.585015 0.0263512 0.133033 0.0767386
0 0.970815 0.6414 0.0173065 0.0844669 0.0742645
