0 0.806836 0.658062 0.121851 0.472202 0.900916
0 0.961321 0.729875 0.0762913 0.290779 0.850299
0 0.457104 0.653628 0.0906059 0.389715 0.824921
0 0.0290616 0.639794 0.0581191 0.308479 0.78724
0 0.234383 0.640633 0.0727615 0.333937 0.7791
0 0.293212 0.622395 0.0648751 0.294701 0.770221
0 0.635172 0.586253 0.0577633 0.203128 0.742423
0 0.106235 0.609137 0.0863573 0.288543 0.711992
0 0.350945 0.613471 0.0666181 0.258844 0.708845
0 0.576521 0.580775 0.0654663 0.195769 0.697674
0 0.181143 0.606958 0.06568 0.245885 0.644157
0 0.741878 0.654505 0.0592506 0.356919 0.629052
0 0.698174 0.591267 0.0421101 0.239086 0.625675
0 0.891793 0.622119 0.0864347 0.280063 0.530272
0 0.061197 0.60348 0.0530038 0.281038 0.410456
0 0.957543 0.567765 0.0838428 0.272384 0.391927
0 0.393164 0.573959 0.0442183 0.175265 0.206095
0 0.872968 0.545108 0.0388268 0.106719 0.19162
0 0.871875 0.618766 0.0449333 0.264889 0.179503
0 0.958552 0.521971 0.0821184 0.179979 0.153139
0 0.331103 0.512228 0.0289246 0.0621606 0.100854
0 0.841564 0.494906 0.0257562 0.032036 0.0787883
0 0.873519 0.565852 0.0377214 0.151148 0.0767188
0 0.307199 0.513505 0.0256035 0.0475858 0.0696116
0 0.7158 0.59393 0.0293583 0.227419 0.0668643
0 0.0615276 0.530822 0.0504983 0.134111 0.054123
0 0.613687 0.573838 0.0252098 0.18299 0.0526366
