0 0.920426 0.735167 0.0644742 0.137487 0.839911
0 0.812007 0.728868 0.07099 0.15456 0.806708
0 0.138435 0.799191 0.0720934 0.268042 0.744823
0 0.674865 0.794047 0.0689503 0.276978 0.734134
0 0.211752 0.795805 0.0667735 0.275444 0.728925
0 0.402651 0.794971 0.076041 0.272994 0.66061
0 0.477289 0.792814 0.0685328 0.280603 0.653238
0 0.545269 0.786562 0.0738159 0.292864 0.634378
0 0.318694 0.79742 0.0710846 0.269446 0.605506
0 0.610306 0.799423 0.0746631 0.269101 0.57861
0 0.719288 0.733096 0.0519367 0.143215 0.57339
0 0.278633 0.735828 0.0452891 0.136509 0.262655
0 0.278123 0.798603 0.0464542 0.262326 0.195493
0 0.169464 0.761173 0.038241 0.193907 0.148518
0 0.168173 0.714734 0.0358206 0.102324 0.0929242
0 0.382472 0.734639 0.0374433 0.144481 0.0690788
0 0.167751 0.701964 0.0342793 0.0745119 0.0597104
0 0.168335 0.73586 0.0366888 0.144569 0.055308
