0 0.623704 0.582721 0.121883 0.586904 0.883005
0 0.0508297 0.56595 0.101102 0.613217 0.877477
0 0.17033 0.565267 0.147453 0.622132 0.874364
0 0.459333 0.566726 0.119121 0.598861 0.844922
0 0.820737 0.588023 0.180564 0.666841 0.84257
0 0.353768 0.560812 0.0973735 0.57781 0.792046
0 0.534415 0.563679 0.0924271 0.575497 0.760994
0 0.261927 0.658478 0.103974 0.410433 0.710571
0 0.691837 0.573349 0.0726637 0.539978 0.634222
0 0.966164 0.570165 0.0665292 0.632688 0.547549
0 0.748488 0.565934 0.105249 0.550938 0.529375
0 0.10648 0.561004 0.0664504 0.587482 0.414657
0 0.772009 0.339721 0.0611954 0.102039 0.407626
0 0.93243 0.582916 0.112121 0.624475 0.363757
0 0.268308 0.425697 0.098209 0.270271 0.337464
0 0.109532 0.332272 0.0541395 0.112154 0.234525
0 0.71702 0.351271 0.0474743 0.118851 0.186889
0 0.680154 0.575028 0.0578544 0.56938 0.148917
0 0.271058 0.371281 0.0726425 0.153468 0.146231
0 0.304537 0.352678 0.0286099 0.0593393 0.111606
0 0.967232 0.47892 0.0652641 0.468996 0.111004
0 0.00985442 0.324561 0.0196546 0.0705854 0.108419
0 0.758747 0.591685 0.0735426 0.56777 0.0821895
0 0.986147 0.634576 0.0270382 0.517675 0.0787888
0 0.728493 0.574113 0.0744688 0.541105 0.0781268
0 0.271057 0.564067 0.105369 0.547856 0.0750673
0 0.92794 0.367194 0.0552631 0.156932 0.0732129
0 0.692391 0.421605 0.0682322 0.233491 0.0688783
0 0.9105 0.577983 0.139205 0.574306 0.0619038
0 0.951636 0.584066 0.0958211 0.627227 0.0585338
0 0.306919 0.417075 0.0341625 0.208685 0.0581951
0 0.689073 0.630172 0.0555822 0.437751 0.0531707
0 0.307426 0.382589 0.0338171 0.118911 0.0510033
