0 0.509815 0.575529 0.140854 0.639364 0.888495
0 0.786647 0.584338 0.127638 0.611018 0.87367
0 0.315028 0.458645 0.0702545 0.311302 0.859587
0 0.610028 0.57078 0.13935 0.492861 0.851721
0 0.394165 0.574091 0.0935311 0.506802 0.832319
0 0.211023 0.468606 0.0430301 0.276818 0.82846
0 0.888578 0.435505 0.0871357 0.266726 0.828435
0 0.690043 0.463427 0.0672901 0.323979 0.784306
0 0.735425 0.447403 0.0734466 0.28202 0.764192
0 0.409642 0.392504 0.0385253 0.178685 0.206673
0 0.352034 0.369296 0.0315384 0.110873 0.200608
0 0.351536 0.394229 0.0321823 0.164542 0.195879
0 0.412471 0.441107 0.0453436 0.274574 0.0865285
0 0.351663 0.450508 0.0321936 0.278234 0.0786588
