0 0.942124 0.585072 0.114928 0.512636 0.903698
0 0.666313 0.610275 0.377696 0.759591 0.890838
0 0.174987 0.688892 0.187276 0.523992 0.880256
0 0.372349 0.674398 0.30306 0.634783 0.873022
0 0.903393 0.507814 0.0632645 0.292129 0.395195
0 0.0354044 0.610093 0.0708089 0.311664 0.382308
0 0.0956509 0.658557 0.0826992 0.411125 0.234826
0 0.762663 0.345007 0.0513932 0.133554 0.205726
0 0.0685547 0.641789 0.0818945 0.366047 0.162935
0 0.48579 0.569266 0.0815727 0.262854 0.16245
0 0.234685 0.527117 0.0505362 0.182847 0.151468
0 0.239946 0.419793 0.0485247 0.11341 0.149704
0 0.240775 0.45047 0.050762 0.173127 0.142267
0 0.856239 0.451501 0.053561 0.217969 0.125261
0 0.690799 0.389984 0.0455176 0.144115 0.122677
0 0.439494 0.425881 0.0531804 0.109366 0.115214
0 0.281611 0.457727 0.0398709 0.182093 0.111662
0 0.0141247 0.496422 0.028186 0.200887 0.0993884
0 0.122441 0.377205 0.0508932 0.106204 0.0987086
0 0.0141347 0.458789 0.0282695 0.124923 0.0869858
0 0.285742 0.360118 0.0429258 0.0900256 0.083628
0 0.0585364 0.430891 0.0387247 0.0779854 0.0813993
0 0.890744 0.27084 0.047686 0.10795 0.0752124
0 0.803335 0.424489 0.0611891 0.106844 0.0737241
0 0.76905 0.420215 0.0350541 0.0942079 0.0678563
0 0.443888 0.369831 0.0614355 0.115257 0.0632681
0 0.0141864 0.545008 0.0283727 0.302562 0.0626106
0 0.027209 0.388547 0.0487832 0.116641 0.0609821
0 0.724427 0.343721 0.0434071 0.111377 0.0609322
0 0.501762 0.377691 0.0427289 0.119657 0.0569001
0 0.858006 0.302576 0.041178 0.094487 0.0562588
0 0.171754 0.281766 0.0503063 0.145264 0.0538988
0 0.196897 0.49243 0.0387706 0.103887 0.0537029
0 0.739946 0.433404 0.0417966 0.0679533 0.0508366
