0 0.818119 0.557031 0.0968201 0.275219 0.696416
0 0.712133 0.561282 0.0723894 0.294611 0.665591
0 0.588027 0.553977 0.0725109 0.306645 0.603805
0 0.377748 0.563397 0.0894516 0.311962 0.579151
0 0.452869 0.559108 0.0710523 0.3071 0.569689
0 0.652563 0.565834 0.0701375 0.288974 0.560918
0 0.160495 0.5515 0.0842199 0.261814 0.539142
0 0.094517 0.562442 0.0652885 0.274932 0.5123
0 0.521097 0.563054 0.0697466 0.29888 0.507841
0 0.945666 0.419105 0.0653572 0.31213 0.460815
0 0.306166 0.564838 0.0808248 0.285526 0.385596
0 0.240919 0.564997 0.0762317 0.285523 0.359494
0 0.668052 0.433726 0.0384025 0.10407 0.246223
0 0.314248 0.408615 0.0815507 0.157186 0.242143
0 0.176891 0.422137 0.0721987 0.163315 0.240746
0 0.478339 0.407204 0.0648848 0.162359 0.228233
0 0.71824 0.441131 0.0797229 0.175634 0.21888
0 0.883334 0.440631 0.0531891 0.267089 0.181553
0 0.379696 0.409283 0.0579668 0.142163 0.180442
0 0.0928913 0.444607 0.0736228 0.130787 0.134504
0 0.610159 0.282026 0.0590161 0.0748794 0.134413
0 0.66908 0.283533 0.0552929 0.0726173 0.127545
0 0.229032 0.438962 0.0433413 0.127588 0.124441
0 0.839039 0.412966 0.0528785 0.268028 0.124216
0 0.891852 0.293745 0.0342186 0.0500178 0.120168
0 0.144603 0.367365 0.056518 0.245182 0.111825
0 0.716673 0.414451 0.0751469 0.121594 0.110485
0 0.42533 0.427045 0.0377676 0.132896 0.0958946
0 0.53828 0.426372 0.0415846 0.100054 0.0929043
0 0.832583 0.292463 0.0326748 0.0498506 0.0926358
0 0.0815546 0.445793 0.0505241 0.132538 0.0909166
0 0.734422 0.280474 0.058115 0.0715214 0.0891205
0 0.725713 0.284199 0.0767193 0.0800709 0.079773
0 0.89115 0.419511 0.0657383 0.304043 0.0618348
0 0.598574 0.420883 0.0517269 0.117944 0.0541727
