0 0.342809 0.772755 0.0582167 0.263006 0.805685
0 0.427264 0.769651 0.0523895 0.224922 0.647904
0 0.971038 0.771063 0.0549729 0.184934 0.64411
0 0.589007 0.758056 0.0344064 0.179157 0.625927
0 0.890429 0.760843 0.0367752 0.173616 0.623617
0 0.475208 0.736833 0.038823 0.14701 0.603559
0 0.753175 0.741174 0.0332448 0.133965 0.588869
0 0.619709 0.740703 0.0303539 0.151743 0.552396
0 0.81676 0.760418 0.038936 0.187473 0.540966
0 0.255497 0.712042 0.0339692 0.128795 0.538644
0 0.171074 0.697925 0.0259389 0.089265 0.444424
0 0.0926989 0.693004 0.0216189 0.0864317 0.415593
0 0.148047 0.688986 0.0202366 0.0737549 0.366252
0 0.86499 0.747464 0.0265225 0.136156 0.35615
0 0.0725589 0.687489 0.0185329 0.0797126 0.313703
0 0.935994 0.734644 0.0253467 0.114806 0.290749
0 0.38277 0.726324 0.0260155 0.129357 0.285838
0 0.11081 0.691606 0.0171607 0.0789302 0.282323
0 0.671213 0.736959 0.0404244 0.154748 0.250127
0 0.498022 0.726892 0.0260356 0.136117 0.211599
0 0.794864 0.76549 0.0219599 0.0876323 0.200248
0 0.686708 0.743856 0.0225342 0.109399 0.194164
0 0.512111 0.727912 0.0216785 0.130154 0.189908
0 0.239391 0.709835 0.0199142 0.125366 0.188663
0 0.646366 0.737197 0.0307549 0.145384 0.176333
0 0.777748 0.728619 0.0267323 0.115812 0.167438
0 0.73175 0.723458 0.0220956 0.104592 0.129119
0 0.0459627 0.714563 0.0254551 0.0510152 0.128206
0 0.668938 0.736074 0.0283588 0.154019 0.12411
0 0.508309 0.724354 0.0266979 0.132801 0.119145
0 0.0569494 0.679823 0.0166014 0.0687816 0.116141
0 0.0592733 0.681814 0.0133081 0.0657019 0.116118
0 0.309831 0.702952 0.01972 0.114235 0.10048
0 0.91009 0.725191 0.0186535 0.0954115 0.100437
0 0.658746 0.736338 0.0479874 0.149295 0.0941444
0 0.0678315 0.687772 0.0203835 0.0806304 0.0911734
0 0.503409 0.725257 0.0296301 0.132357 0.090097
0 0.00535894 0.694089 0.0107179 0.0697408 0.0890059
0 0.236966 0.713689 0.017804 0.103472 0.0887868
0 0.833257 0.742773 0.0210274 0.147014 0.0785683
0 0.290851 0.719103 0.0268882 0.0871993 0.0747973
0 0.682337 0.744191 0.0269013 0.129619 0.0701543
0 0.648707 0.745656 0.0236973 0.12883 0.0685913
0 0.838868 0.742916 0.0269121 0.138341 0.068559
0 0.792468 0.739289 0.0272206 0.143775 0.0679236
0 0.0431831 0.707518 0.0248064 0.0614735 0.0639755
0 0.0637179 0.686771 0.0151269 0.0796357 0.0597114
0 0.558958 0.713919 0.0167883 0.0923078 0.0525812
