0 0.949312 0.274865 0.100415 0.506921 0.799764
0 0.614079 0.374732 0.0845339 0.176361 0.728286
0 0.0624231 0.271523 0.070778 0.373568 0.675326
0 0.494187 0.268364 0.109126 0.36031 0.667019
0 0.727894 0.2833 0.078796 0.412002 0.649199
0 0.0238367 0.258777 0.0473432 0.349098 0.565541
0 0.594162 0.275981 0.0884954 0.275611 0.565083
0 0.887356 0.269269 0.0992809 0.432098 0.541469
0 0.681201 0.291885 0.0538414 0.326284 0.534295
0 0.292868 0.29889 0.0338152 0.138669 0.490335
0 0.460706 0.30298 0.0619925 0.225693 0.472067
0 0.777444 0.299387 0.0413451 0.23835 0.409276
0 0.351881 0.304983 0.0370369 0.14217 0.309183
0 0.389435 0.299852 0.0307043 0.17789 0.24283
0 0.103653 0.306789 0.0484734 0.254316 0.241472
0 0.437252 0.296317 0.042919 0.19942 0.239498
0 0.163931 0.291685 0.0382369 0.170316 0.197514
0 0.606161 0.226415 0.0651659 0.177634 0.157899
0 0.988012 0.325453 0.0235525 0.370773 0.150073
0 0.465288 0.561628 0.380966 0.148163 0.130033
0 0.449092 0.291973 0.0543011 0.201791 0.111505
0 0.131185 0.277247 0.0470874 0.197049 0.107528
0 0.379597 0.299873 0.0295639 0.172581 0.0883105
0 0.317195 0.316601 0.0248175 0.0880981 0.086396
0 0.987357 0.36644 0.0244743 0.254278 0.0861312
0 0.0236803 0.161764 0.0473606 0.147372 0.0745418
0 0.87356 0.393925 0.0817692 0.144066 0.0689719
0 0.575988 0.299218 0.0400881 0.23524 0.0663201
0 0.57427 0.293079 0.0293568 0.193998 0.0613138
0 0.902434 0.276139 0.0731781 0.43938 0.061132
0 0.580877 0.297795 0.0559549 0.24118 0.060464
0 0.0089424 0.113078 0.0178848 0.057139 0.0558623
0 0.464628 0.248166 0.170088 0.399415 0.054977
0 0.902645 0.190427 0.0726946 0.273724 0.0538229
0 0.886336 0.4005 0.0762522 0.199256 0.0529778
0 0.993733 0.265921 0.0118187 0.151698 0.0522699
0 0.140465 0.280947 0.0379312 0.194428 0.0522385
0 0.861138 0.396861 0.0600803 0.121412 0.051403
