0 0.645559 0.554865 0.184063 0.845554 0.890245
0 0.23571 0.6961 0.121705 0.553953 0.867496
0 0.0990429 0.749684 0.107093 0.4655 0.833601
0 0.437553 0.833537 0.0531513 0.249513 0.824873
0 0.504661 0.811641 0.0628129 0.291981 0.777577
0 0.939698 0.771161 0.0593075 0.30247 0.750737
0 0.565626 0.679356 0.132963 0.586157 0.668129
0 0.341637 0.860764 0.0433835 0.205439 0.550862
0 0.821243 0.720859 0.0502166 0.160858 0.542454
0 0.289304 0.800017 0.0618608 0.345258 0.540696
0 0.162283 0.838366 0.063753 0.28157 0.477058
0 0.895732 0.787497 0.0641079 0.261797 0.420842
0 0.851313 0.725133 0.0273208 0.145262 0.396789
0 0.0433602 0.868744 0.0570436 0.209781 0.306141
0 0.772396 0.762436 0.0275999 0.0669081 0.287778
0 0.983526 0.785374 0.0322991 0.265157 0.284188
0 0.793144 0.761891 0.030933 0.0751204 0.280024
0 0.468674 0.877459 0.0312653 0.133095 0.261387
0 0.748549 0.777097 0.0276175 0.0389699 0.203948
0 0.822685 0.778554 0.0543289 0.27343 0.170932
0 0.0524568 0.868034 0.0523128 0.217089 0.162071
0 0.778138 0.762507 0.0373243 0.0728433 0.14078
0 0.86923 0.723924 0.0315355 0.15112 0.127864
0 0.691118 0.728391 0.061453 0.16229 0.113101
0 0.86036 0.723766 0.0333204 0.149542 0.11013
0 0.856948 0.780338 0.0346308 0.263772 0.104381
0 0.885252 0.78415 0.046812 0.248681 0.103274
0 0.691374 0.778829 0.061277 0.258187 0.0992171
0 0.864103 0.780994 0.0351555 0.263444 0.08896
0 0.849789 0.707383 0.0259895 0.110549 0.0695157
0 0.0593386 0.870818 0.0374132 0.216921 0.0606332
0 0.909303 0.790497 0.0428268 0.251623 0.0550859
0 0.868782 0.678359 0.024308 0.0625668 0.0533107
0 0.0170073 0.881955 0.0316157 0.173054 0.0531072
