0 0.719109 0.767449 0.139226 0.454743 0.911569
0 0.380357 0.723079 0.0623723 0.249691 0.789662
0 0.800072 0.765729 0.0604721 0.301063 0.784777
0 0.477872 0.717051 0.0510416 0.204596 0.753738
0 0.014113 0.779828 0.0280146 0.306396 0.705027
0 0.832841 0.702239 0.0406014 0.188001 0.689916
0 0.601406 0.704276 0.0395081 0.178595 0.675969
0 0.985011 0.782977 0.0293601 0.419821 0.649242
0 0.211368 0.722702 0.0532685 0.216674 0.612957
0 0.433393 0.693436 0.0408098 0.142758 0.580871
0 0.528628 0.693355 0.0348085 0.153214 0.483073
0 0.56597 0.707021 0.040074 0.16931 0.451186
0 0.989667 0.790915 0.0201618 0.411422 0.418839
0 0.16796 0.713163 0.0499776 0.189836 0.411204
0 0.30342 0.686374 0.0348264 0.133948 0.348745
0 0.633682 0.682192 0.0272783 0.0894735 0.300265
0 0.502109 0.679949 0.0224981 0.120832 0.259382
0 0.249034 0.727518 0.0329368 0.14464 0.25186
0 0.764678 0.640821 0.0422276 0.0893567 0.235931
0 0.328479 0.748374 0.0441792 0.168634 0.228496
0 0.985413 0.743317 0.0282745 0.274755 0.165915
0 0.268484 0.711835 0.0295871 0.171499 0.139991
0 0.766732 0.649674 0.0497911 0.109873 0.125126
0 0.246066 0.743234 0.0391678 0.175347 0.112977
0 0.161459 0.714133 0.0434972 0.173078 0.11032
0 0.764676 0.630886 0.0381882 0.0679374 0.108468
0 0.00757578 0.717528 0.0151417 0.177975 0.108291
0 0.633823 0.711461 0.0287222 0.152589 0.0939747
0 0.247608 0.709099 0.037236 0.191509 0.0923791
0 0.285025 0.683197 0.0181515 0.121566 0.0870882
0 0.331755 0.659228 0.0261245 0.0652062 0.0870174
0 0.353786 0.685511 0.023076 0.110111 0.0847812
0 0.991694 0.903483 0.0158638 0.189422 0.083584
0 0.51917 0.694214 0.0211336 0.149368 0.0824049
0 0.76978 0.634551 0.0321138 0.0725006 0.080815
0 0.175214 0.723312 0.0470777 0.214191 0.0785051
0 0.248516 0.647669 0.0315404 0.0712958 0.0593599
0 0.505446 0.687712 0.0235376 0.135731 0.0575974
0 0.247762 0.683106 0.0346312 0.141924 0.056386
0 0.761469 0.667985 0.0519273 0.147339 0.0537579
0 0.626729 0.714898 0.034172 0.140573 0.0525688
0 0.175642 0.715865 0.0320707 0.187822 0.0512991
