0 0.141855 0.471273 0.0601125 0.240762 0.815424
0 0.0801324 0.447766 0.0512621 0.217775 0.744439
0 0.294948 0.452992 0.0552727 0.209681 0.731523
0 0.207137 0.430738 0.0419229 0.203527 0.65596
0 0.579682 0.496014 0.0473306 0.120941 0.655366
0 0.353081 0.541368 0.0675902 0.195703 0.643871
0 0.423441 0.517803 0.057898 0.17012 0.56577
0 0.511133 0.50094 0.0541387 0.144132 0.563338
0 0.684995 0.469794 0.0378837 0.102374 0.435289
0 0.637278 0.484201 0.0417786 0.108073 0.429465
0 0.991206 0.422026 0.0173151 0.0801325 0.353321
0 0.477714 0.444801 0.0385075 0.165083 0.321611
0 0.953124 0.422388 0.0180944 0.0761434 0.165111
0 0.717096 0.45907 0.0344529 0.0757225 0.154548
0 0.38311 0.415395 0.038023 0.153261 0.145426
0 0.941738 0.422622 0.018584 0.0787895 0.13985
0 0.00540176 0.45818 0.0108035 0.0383717 0.131265
0 0.527247 0.425719 0.0337391 0.112637 0.129016
0 0.749374 0.460103 0.0351293 0.073465 0.104732
0 0.621434 0.419861 0.0280741 0.104403 0.0873484
0 0.415339 0.398037 0.0452935 0.0792352 0.081806
0 0.410379 0.430782 0.0547533 0.139928 0.0796268
0 0.880012 0.438144 0.0387456 0.062704 0.0705839
0 0.576852 0.40659 0.0322496 0.0884456 0.0679127
0 0.800203 0.451701 0.0293274 0.0677161 0.0666256
0 0.707441 0.406801 0.0242561 0.0705797 0.0644972
0 0.379513 0.392025 0.0313428 0.0998627 0.055018
0 0.372222 0.387785 0.0175239 0.0906197 0.0532749
