0 0.310571 0.665429 0.120058 0.544793 0.851753
0 0.797079 0.666128 0.106625 0.560672 0.840275
0 0.715207 0.599587 0.0968489 0.547448 0.838078
0 0.116607 0.65017 0.105902 0.583526 0.784677
0 0.894041 0.713201 0.110703 0.460009 0.773101
0 0.459073 0.708284 0.0972675 0.471658 0.747016
0 0.200324 0.664622 0.106961 0.553114 0.731167
0 0.555983 0.681216 0.102256 0.527104 0.667821
0 0.0587857 0.564915 0.0906587 0.479768 0.613388
0 0.399737 0.609438 0.110695 0.531103 0.593203
0 0.624221 0.582246 0.109653 0.554769 0.540221
0 0.40871 0.335043 0.120311 0.184793 0.397415
0 0.320598 0.384475 0.0605778 0.203733 0.345999
0 0.9119 0.463162 0.0910734 0.27891 0.340943
0 0.504413 0.423055 0.107511 0.268291 0.255173
0 0.236766 0.345864 0.0466189 0.120781 0.241784
0 0.842398 0.451384 0.0804958 0.221865 0.219786
0 0.19356 0.393719 0.0809266 0.16407 0.218735
0 0.26158 0.4441 0.0697238 0.251244 0.21412
0 0.848584 0.340361 0.0725334 0.174545 0.204027
0 0.138541 0.329797 0.0812131 0.176362 0.20154
0 0.591957 0.344523 0.0723197 0.148164 0.164525
0 0.691791 0.332635 0.0645218 0.142148 0.156592
0 0.790504 0.289156 0.0815843 0.160432 0.145717
0 0.626501 0.651746 0.0770819 0.447728 0.128928
0 0.763877 0.35538 0.0637669 0.137518 0.126135
0 0.139319 0.312245 0.0709281 0.141403 0.120396
0 0.512253 0.317793 0.0952838 0.146481 0.108776
0 0.624292 0.477272 0.110823 0.340819 0.0906955
0 0.83837 0.423733 0.0764458 0.168953 0.0619773
0 0.26184 0.512236 0.0705842 0.393943 0.0514795
