0 0.346418 0.608763 0.129152 0.626524 0.91313
0 0.543738 0.554816 0.194678 0.864021 0.905779
0 0.767995 0.565624 0.154003 0.608815 0.904802
0 0.173992 0.622855 0.131432 0.526672 0.869158
0 0.892032 0.530568 0.170727 0.735984 0.813278
0 0.661299 0.609421 0.0867729 0.421199 0.808091
0 0.446094 0.646654 0.0755934 0.325107 0.795994
0 0.0526158 0.691044 0.0728043 0.301837 0.769688
0 0.256479 0.680694 0.0698719 0.309606 0.713657
0 0.11692 0.66444 0.0765056 0.42087 0.656932
0 0.49007 0.652674 0.0473484 0.300517 0.608381
0 0.015757 0.735041 0.0313146 0.206824 0.603273
0 0.561218 0.713516 0.0471142 0.156798 0.249266
0 0.926931 0.603874 0.102172 0.492463 0.248036
0 0.108919 0.692353 0.0634809 0.367739 0.188278
0 0.119921 0.707702 0.0506085 0.313139 0.0742269
0 0.294991 0.691257 0.036687 0.260561 0.0723994
0 0.087596 0.776875 0.0359311 0.104549 0.0635088
0 0.721946 0.650966 0.0632083 0.238806 0.0531262
