0 0.860403 0.53761 0.278801 0.546986 0.934724
0 0.55769 0.540033 0.154933 0.549128 0.884463
0 0.656697 0.4702 0.0724333 0.381208 0.783122
0 0.222413 0.392864 0.0556268 0.261606 0.720862
0 0.374326 0.493244 0.122549 0.492121 0.715329
0 0.800972 0.42057 0.156258 0.284501 0.711454
0 0.29431 0.418974 0.0600663 0.30344 0.707321
0 0.0132327 0.48122 0.0261796 0.157971 0.621478
0 0.339464 0.440535 0.0763771 0.407886 0.553736
0 0.473491 0.394897 0.0745579 0.280867 0.479582
0 0.981353 0.336122 0.0367851 0.148072 0.417832
0 0.132769 0.349392 0.0431701 0.16024 0.32008
0 0.523421 0.316413 0.0441484 0.140169 0.235512
0 0.254412 0.341463 0.0343022 0.151183 0.209963
0 0.801527 0.486881 0.156869 0.419538 0.19085
0 0.760538 0.332785 0.0447909 0.150243 0.171921
0 0.179373 0.358972 0.0471718 0.201649 0.117355
0 0.696784 0.37212 0.0351547 0.199308 0.110394
0 0.175167 0.34995 0.0320632 0.181003 0.0971238
0 0.514666 0.398356 0.0606911 0.305848 0.0822716
0 0.760676 0.318323 0.0373044 0.120082 0.0713529
0 0.0294946 0.787646 0.0586604 0.372342 0.061307
0 0.865215 0.314392 0.0383793 0.106468 0.0601234
0 0.618291 0.322515 0.0413877 0.128371 0.0578831
0 0.0289669 0.657643 0.0575892 0.109955 0.0576475
