0 0.706046 0.616007 0.0976572 0.545154 0.869673
0 0.246291 0.614242 0.112628 0.57532 0.847062
0 0.938097 0.617111 0.122868 0.517395 0.839596
0 0.340177 0.640461 0.0982254 0.529009 0.827947
0 0.854228 0.594758 0.112634 0.577648 0.827769
0 0.128806 0.594107 0.140421 0.648694 0.795598
0 0.418478 0.62704 0.0974181 0.524764 0.790388
0 0.496415 0.653228 0.0943621 0.471933 0.763705
0 0.568318 0.632257 0.086969 0.498278 0.75442
0 0.790332 0.63224 0.0855444 0.484658 0.753907
0 0.632043 0.627944 0.0743919 0.510142 0.744692
