0 0.652968 0.5992 0.0822285 0.49212 0.661408
0 0.56605 0.556931 0.0840137 0.471278 0.65177
0 0.475341 0.499558 0.0872158 0.522292 0.571101
0 0.261636 0.440987 0.0938859 0.483245 0.517916
0 0.783136 0.58242 0.102718 0.414747 0.481562
0 0.388839 0.470746 0.106277 0.520698 0.475755
0 0.896877 0.531674 0.0982356 0.467737 0.474139
0 0.175834 0.413066 0.0700675 0.474282 0.411222
0 0.323128 0.394166 0.0641105 0.498885 0.383982
0 0.844185 0.55642 0.0519932 0.45046 0.355805
0 0.960971 0.516391 0.0605331 0.42494 0.298057
0 0.225163 0.337042 0.0838577 0.469903 0.276523
0 0.367061 0.367763 0.0578738 0.481326 0.177432
0 0.740118 0.513691 0.0573713 0.467469 0.141348
0 0.814884 0.577711 0.048751 0.401214 0.136409
0 0.702964 0.552064 0.0469731 0.436115 0.124253
0 0.644795 0.342164 0.0624712 0.251323 0.103961
0 0.209557 0.367931 0.0926964 0.521521 0.103197
0 0.718009 0.549933 0.0599117 0.449066 0.101603
0 0.872907 0.382694 0.0479263 0.307857 0.0957531
0 0.729443 0.53188 0.0510763 0.465017 0.0921228
0 0.980816 0.484241 0.0375057 0.438834 0.0863092
0 0.524278 0.457777 0.0449373 0.533624 0.0834775
0 0.788093 0.333031 0.0529175 0.133483 0.0751854
0 0.872797 0.448102 0.0473991 0.437428 0.0646794
0 0.872348 0.340791 0.0456906 0.222135 0.0581705
