0 0.289524 0.556253 0.270557 0.86274 0.887866
0 0.745722 0.570144 0.295698 0.845695 0.810206
0 0.890301 0.373476 0.0957046 0.301823 0.538941
0 0.519829 0.422726 0.0959438 0.217981 0.501205
0 0.965913 0.301461 0.0676334 0.167256 0.462006
0 0.441379 0.393622 0.0759999 0.266745 0.356313
0 0.562258 0.317413 0.0647947 0.20452 0.302152
0 0.97144 0.171713 0.0562481 0.16011 0.296286
0 0.956492 0.386567 0.0863243 0.154729 0.291029
0 0.0502875 0.365278 0.0686002 0.306357 0.268919
0 0.954843 0.420909 0.0892677 0.225317 0.258696
0 0.0930767 0.14899 0.0595687 0.128009 0.221901
0 0.389427 0.305229 0.0677048 0.181389 0.214901
0 0.0382131 0.372379 0.0759268 0.293273 0.184817
0 0.783069 0.167594 0.0859142 0.134625 0.178135
0 0.609327 0.316496 0.0631947 0.202641 0.176958
0 0.151534 0.159478 0.0616629 0.128652 0.169684
0 0.0167407 0.383658 0.0334682 0.267824 0.169411
0 0.103401 0.383301 0.0723721 0.291715 0.166946
0 0.105753 0.425453 0.0756011 0.208056 0.15427
0 0.140915 0.378575 0.0719134 0.290234 0.150634
0 0.124432 0.381916 0.105238 0.298334 0.137162
0 0.894728 0.152322 0.0627941 0.120191 0.134631
0 0.488408 0.315437 0.0678991 0.165307 0.119072
0 0.206879 0.179659 0.0571822 0.10387 0.11451
0 0.143855 0.310493 0.0667817 0.148963 0.113809
0 0.0951817 0.36066 0.0605391 0.312468 0.108152
0 0.810803 0.3128 0.0525203 0.228772 0.100233
0 0.523627 0.253943 0.0456019 0.127447 0.0848391
0 0.48716 0.177012 0.0679932 0.132151 0.0814383
0 0.845849 0.345638 0.0402889 0.196911 0.0802098
0 0.48801 0.377477 0.0645155 0.287233 0.0674149
0 0.12323 0.425413 0.104798 0.214515 0.0633337
0 0.022164 0.185735 0.0442083 0.161016 0.0614906
0 0.0978549 0.27625 0.0533905 0.145529 0.0578198
0 0.371047 0.167485 0.0549772 0.10701 0.0574601
0 0.389599 0.343867 0.0683132 0.25982 0.0539216
0 0.430871 0.173571 0.0410914 0.110425 0.0526373
0 0.932807 0.163259 0.0412708 0.10772 0.0525383
0 0.408132 0.182653 0.0514108 0.11382 0.0524036
