0 0.0802694 0.708034 0.100258 0.458712 0.727573
0 0.650565 0.706609 0.0879141 0.42736 0.720303
0 0.524596 0.73198 0.0963272 0.433499 0.62989
0 0.595695 0.706191 0.0702513 0.428502 0.549285
0 0.408626 0.707722 0.100368 0.397248 0.524803
0 0.142515 0.736284 0.099276 0.417327 0.515125
0 0.828547 0.772739 0.0827519 0.306827 0.477006
0 0.957212 0.741575 0.073657 0.365557 0.475877
0 0.344661 0.741091 0.103613 0.426535 0.371741
0 0.0172794 0.718637 0.0339895 0.390479 0.367991
0 0.467251 0.677205 0.0574177 0.379862 0.335891
0 0.712231 0.701109 0.0565031 0.311753 0.298396
0 0.139757 0.602171 0.0744982 0.150827 0.288681
0 0.213796 0.720175 0.0772373 0.405235 0.28286
0 0.285164 0.695639 0.0983303 0.435454 0.251757
0 0.765256 0.759415 0.0660583 0.319383 0.205456
0 0.335354 0.602033 0.0780795 0.164918 0.2025
0 0.525716 0.603638 0.0790825 0.164579 0.176951
0 0.908879 0.776017 0.0425873 0.254467 0.174974
0 0.879582 0.770666 0.0339325 0.232569 0.120463
0 0.032017 0.548931 0.0333598 0.114547 0.113181
0 0.230836 0.722261 0.0720819 0.398326 0.111271
0 0.993438 0.763465 0.0126602 0.206839 0.0873291
0 0.989246 0.720046 0.0207672 0.318186 0.0871642
0 0.0114254 0.512198 0.0227681 0.0485219 0.0845463
0 0.967082 0.72883 0.0616062 0.338822 0.0743657
0 0.982943 0.739155 0.0335812 0.287163 0.0721602
0 0.379052 0.558751 0.05175 0.113037 0.0688763
0 0.467171 0.545094 0.0591074 0.119122 0.0672334
0 0.0246541 0.70745 0.0490173 0.40395 0.0654254
0 0.269793 0.703638 0.0706278 0.358924 0.0607884
0 0.320695 0.596102 0.0500089 0.181669 0.0603818
0 0.378205 0.595102 0.0574082 0.184856 0.0560787
0 0.0242299 0.549733 0.0476478 0.120558 0.0549046
