0 0.742323 0.561003 0.14258 0.441414 0.783545
0 0.253487 0.583116 0.120603 0.407846 0.768551
0 0.613571 0.597557 0.165818 0.360217 0.696386
0 0.422752 0.560485 0.151117 0.450575 0.661899
0 0.036991 0.582617 0.0735209 0.403647 0.541304
0 0.955282 0.527153 0.0887241 0.515154 0.513089
0 0.312871 0.618641 0.0861593 0.319777 0.375671
0 0.885905 0.644239 0.0581146 0.211575 0.36336
0 0.819923 0.61928 0.0827736 0.254159 0.257926
0 0.287412 0.621744 0.135475 0.317621 0.234047
0 0.839861 0.588891 0.0445364 0.110322 0.227696
0 0.504376 0.648681 0.0392371 0.154262 0.182898
0 0.460488 0.582146 0.081097 0.364297 0.171879
0 0.343236 0.299719 0.0267277 0.0708986 0.163258
0 0.812909 0.593872 0.0695141 0.207453 0.120251
0 0.391177 0.307423 0.027411 0.0754091 0.114889
0 0.955929 0.43579 0.0875355 0.327994 0.11393
0 0.801782 0.577519 0.0490687 0.179782 0.113075
0 0.669231 0.632232 0.0497847 0.12094 0.106488
0 0.802233 0.62363 0.112446 0.271314 0.0663962
0 0.30516 0.284046 0.0301351 0.0523869 0.0654067
0 0.373435 0.541117 0.248176 0.487599 0.057694
0 0.243071 0.327633 0.0238363 0.10105 0.0572977
0 0.83984 0.64108 0.0465309 0.212866 0.0552564
0 0.773826 0.563196 0.0620762 0.204835 0.0527613
