0 0.299268 0.754096 0.121059 0.321586 0.673988
0 0.853349 0.726658 0.144624 0.398498 0.663225
0 0.439633 0.754212 0.0972181 0.332067 0.649405
0 0.54577 0.721326 0.100816 0.40765 0.639657
0 0.642843 0.748174 0.112324 0.361038 0.560124
0 0.744936 0.746655 0.123507 0.338767 0.546642
0 0.180142 0.739004 0.0695444 0.334813 0.400105
0 0.963595 0.775717 0.0720795 0.432119 0.33696
0 0.0782601 0.738624 0.0800426 0.349152 0.313971
0 0.947178 0.499648 0.10516 0.171057 0.296536
0 0.329333 0.694002 0.0550819 0.325509 0.277371
0 0.977441 0.388349 0.0445274 0.12909 0.249178
0 0.371649 0.693974 0.0616223 0.336231 0.21859
0 0.0938778 0.677454 0.111484 0.471798 0.216894
0 0.322706 0.60137 0.0420029 0.140714 0.142933
0 0.959666 0.685755 0.0794914 0.250424 0.13766
0 0.867165 0.458024 0.0746765 0.137458 0.135434
0 0.170263 0.714444 0.0918471 0.371558 0.134033
0 0.220536 0.699048 0.0692807 0.333634 0.113693
0 0.385323 0.693115 0.0866394 0.334921 0.0836862
0 0.758649 0.684433 0.0809452 0.361721 0.0721192
0 0.408622 0.595266 0.0458002 0.12756 0.0717282
0 0.756861 0.576527 0.0469705 0.143449 0.0682625
0 0.740149 0.575684 0.105339 0.14819 0.0609202
0 0.947798 0.56705 0.103943 0.309204 0.0608664
0 0.933059 0.687069 0.0497601 0.24752 0.0548397
0 0.938306 0.626517 0.11916 0.411527 0.0531402
