0 0.372328 0.664829 0.265683 0.661394 0.866737
0 0.524048 0.754468 0.165165 0.480249 0.847296
0 0.522841 0.49131 0.120808 0.27633 0.771271
0 0.673195 0.630202 0.0844015 0.375446 0.675823
0 0.781109 0.598406 0.076994 0.333682 0.642117
0 0.610376 0.654574 0.0896283 0.365001 0.638333
0 0.730284 0.612311 0.0883444 0.341567 0.583651
0 0.598843 0.470156 0.0867229 0.231016 0.483644
0 0.967904 0.52867 0.0557648 0.238192 0.466142
0 0.836742 0.577455 0.0686525 0.276198 0.429233
0 0.908668 0.535867 0.052368 0.226512 0.373657
0 0.706396 0.396987 0.0853574 0.139778 0.347396
0 0.870919 0.53861 0.0519291 0.244812 0.314835
0 0.936935 0.526423 0.0407756 0.23445 0.233095
0 0.842319 0.3827 0.0577866 0.120275 0.230477
0 0.80985 0.411243 0.0691141 0.170296 0.218886
0 0.649303 0.4166 0.085721 0.153755 0.217119
0 0.933618 0.376587 0.0670021 0.122334 0.197838
0 0.706747 0.424956 0.0876352 0.194926 0.191809
0 0.757727 0.402668 0.062866 0.154046 0.174919
0 0.890762 0.407537 0.0533124 0.157087 0.145291
0 0.87064 0.503168 0.0533642 0.176303 0.0970935
0 0.610389 0.734571 0.0969467 0.507731 0.0913637
0 0.937404 0.482836 0.0433404 0.151764 0.0780293
0 0.642602 0.385681 0.0654721 0.0895201 0.069664
0 0.645484 0.398017 0.0763645 0.112037 0.0661995
0 0.993234 0.539544 0.0128044 0.21414 0.052673
