0 0.0799046 0.664114 0.126848 0.558156 0.898995
0 0.471449 0.635269 0.148579 0.506371 0.869014
0 0.943752 0.621291 0.112175 0.528313 0.867252
0 0.560749 0.614938 0.09709 0.503407 0.83062
0 0.366758 0.636698 0.107354 0.466065 0.825593
0 0.169141 0.583742 0.0760594 0.311064 0.738683
0 0.804595 0.597042 0.0985638 0.435787 0.696165
0 0.654558 0.580434 0.0560398 0.250623 0.658438
0 0.0217133 0.61934 0.0431844 0.402203 0.6132
0 0.704103 0.570392 0.0597642 0.303429 0.56773
0 0.619575 0.560619 0.0423718 0.279177 0.542184
0 0.739184 0.574105 0.0651179 0.327896 0.440997
0 0.245883 0.576847 0.0945434 0.239521 0.414502
0 0.289887 0.560779 0.0456415 0.223981 0.249894
0 0.20099 0.494003 0.0336958 0.0927512 0.102465
0 0.854263 0.578765 0.0582779 0.330685 0.101809
0 0.321808 0.546795 0.0346087 0.249543 0.0809968
0 0.200025 0.522103 0.0344423 0.151653 0.071717
0 0.215207 0.475815 0.0268644 0.0770055 0.0625723
0 0.245163 0.499996 0.0607926 0.0912193 0.0602905
0 0.894582 0.592338 0.0401657 0.330484 0.0593069
0 0.241962 0.530701 0.0737648 0.151071 0.0583411
0 0.865617 0.576911 0.059511 0.323036 0.0576119
