0 0.67352 0.528082 0.173459 0.436177 0.875172
0 0.264671 0.513346 0.181513 0.470931 0.729811
0 0.83863 0.69916 0.207595 0.423937 0.710012
0 0.425422 0.650817 0.100349 0.41805 0.670688
0 0.528967 0.684775 0.0588171 0.401969 0.630237
0 0.490609 0.663294 0.0667277 0.419715 0.593751
0 0.564159 0.270802 0.112655 0.335468 0.589362
0 0.771704 0.462564 0.119918 0.378195 0.570534
0 0.0403501 0.358666 0.0803515 0.356013 0.541497
0 0.611635 0.425221 0.109224 0.427987 0.483663
0 0.464336 0.365266 0.106048 0.304354 0.344962
0 0.438546 0.673136 0.0688725 0.380392 0.304105
0 0.437841 0.570085 0.12927 0.381885 0.290323
0 0.883298 0.57967 0.140369 0.42199 0.281539
0 0.884792 0.454841 0.143637 0.670003 0.279112
0 0.181761 0.398037 0.104799 0.354589 0.25725
0 0.467238 0.318872 0.0984093 0.20763 0.252404
0 0.946689 0.434325 0.0967339 0.335764 0.202201
0 0.513563 0.68654 0.0916677 0.404225 0.201567
0 0.938363 0.362855 0.0632671 0.183044 0.199845
0 0.871684 0.257345 0.0988478 0.33374 0.150341
0 0.438137 0.486018 0.12825 0.228795 0.144514
0 0.110234 0.499522 0.169136 0.389054 0.114126
0 0.629217 0.339749 0.0755881 0.251844 0.0941396
0 0.876278 0.475963 0.123662 0.19223 0.0862673
0 0.450739 0.438516 0.133435 0.178823 0.0764606
0 0.284047 0.333613 0.0778337 0.155101 0.0736824
0 0.457069 0.33983 0.080031 0.142069 0.0724116
0 0.936714 0.419209 0.0680656 0.299686 0.0620714
0 0.844145 0.578214 0.173592 0.182925 0.0604237
0 0.016722 0.23294 0.0327959 0.0901937 0.0533507
0 0.87283 0.344688 0.117907 0.458753 0.0504965
