0 0.489059 0.344071 0.0996131 0.218185 0.850558
0 0.39984 0.353941 0.092644 0.201085 0.807855
0 0.196783 0.454079 0.0878673 0.464745 0.79886
0 0.691211 0.592158 0.134986 0.326723 0.794977
0 0.283028 0.56576 0.123739 0.309844 0.788277
0 0.326413 0.369 0.0785564 0.241249 0.76376
0 0.915683 0.383266 0.0503334 0.109094 0.719038
0 0.852885 0.384333 0.0324369 0.118685 0.706798
0 0.55596 0.358492 0.0531074 0.167455 0.657724
0 0.944015 0.37331 0.0236935 0.0839142 0.626036
0 0.677274 0.461564 0.100447 0.286914 0.587268
0 0.597426 0.358665 0.0812611 0.159075 0.587077
0 0.778194 0.351226 0.021587 0.0673196 0.586402
0 0.0948707 0.337872 0.015792 0.0721524 0.572529
0 0.261232 0.40592 0.0978268 0.240594 0.538436
0 0.0636834 0.3418 0.0159811 0.062521 0.356403
0 0.260547 0.482461 0.102692 0.391404 0.291751
0 0.00458389 0.342147 0.00916778 0.0578158 0.105712
0 0.148799 0.335252 0.0160332 0.068953 0.103229
0 0.097709 0.33733 0.0223606 0.0713155 0.0586087
0 0.655227 0.5787 0.180299 0.314927 0.0547557
0 0.921691 0.354907 0.020625 0.0504134 0.0517161
