0 0.0516928 0.453913 0.103003 0.566097 0.917486
0 0.154597 0.411803 0.121185 0.560221 0.894509
0 0.301876 0.424051 0.101625 0.467135 0.890949
0 0.73803 0.573676 0.19496 0.819032 0.886805
0 0.468711 0.414963 0.0839784 0.443415 0.875873
0 0.865442 0.491531 0.119728 0.538595 0.844943
0 0.361233 0.399916 0.0773279 0.395039 0.842585
0 0.637113 0.427354 0.118604 0.52715 0.836585
0 0.939434 0.515783 0.121133 0.694325 0.755836
0 0.531998 0.416334 0.0620232 0.381805 0.636843
0 0.595497 0.421267 0.0716616 0.444263 0.549533
0 0.570699 0.408564 0.0928616 0.414659 0.510676
0 0.847198 0.280985 0.0597369 0.141742 0.497268
0 0.935782 0.435725 0.0805634 0.546296 0.468248
0 0.0108298 0.232752 0.0216273 0.0837102 0.464097
0 0.540764 0.413811 0.0877418 0.382397 0.404472
0 0.602245 0.451536 0.0580148 0.380805 0.276214
0 0.943219 0.496695 0.0809677 0.676181 0.202322
0 0.970291 0.598614 0.0594032 0.521935 0.0970322
0 0.978327 0.518453 0.0428326 0.700663 0.0694097
0 0.435526 0.481089 0.0224883 0.207281 0.0692874
0 0.0956504 0.389185 0.031903 0.254634 0.0659373
0 0.431254 0.484238 0.0274965 0.204284 0.0626746
0 0.847657 0.366389 0.0621059 0.313175 0.0585688
0 0.968145 0.511639 0.0630539 0.634646 0.0537345
