0 0.540635 0.502571 0.541943 0.740371 0.92261
0 0.177147 0.525456 0.0412295 0.198574 0.769149
0 0.309865 0.536193 0.044086 0.144723 0.742023
0 0.0461783 0.548622 0.0866858 0.185055 0.739018
0 0.759267 0.525868 0.051681 0.17227 0.697462
0 0.345801 0.542339 0.0268158 0.12707 0.672974
0 0.960475 0.551578 0.0363934 0.103925 0.649545
0 0.892521 0.548002 0.0333431 0.0952367 0.616074
0 0.807804 0.528668 0.0476903 0.157977 0.602618
0 0.861297 0.488032 0.0332714 0.139651 0.572525
0 0.113985 0.548889 0.0489178 0.117831 0.469478
0 0.0752531 0.519 0.0355828 0.128908 0.463777
0 0.536327 0.598262 0.272452 0.353199 0.41851
0 0.578145 0.597239 0.204035 0.344835 0.400143
0 0.657779 0.520712 0.0515809 0.166223 0.354735
0 0.702098 0.540958 0.0277108 0.111996 0.345881
0 0.0347697 0.762481 0.0691792 0.147601 0.328435
0 0.783941 0.534035 0.0230448 0.127839 0.30737
0 0.316606 0.535781 0.0323014 0.141524 0.305043
0 0.718654 0.538311 0.0208029 0.11874 0.250171
0 0.0744338 0.501005 0.0326916 0.0919551 0.24321
0 0.709195 0.539982 0.0348027 0.115271 0.168764
0 0.90198 0.456002 0.0374928 0.0736646 0.126655
0 0.493102 0.570249 0.176945 0.406467 0.105685
0 0.838779 0.541755 0.029594 0.116135 0.0859795
0 0.00483216 0.497705 0.00966431 0.0565027 0.0734895
0 0.303023 0.535714 0.0325252 0.144542 0.0701542
0 0.903316 0.47213 0.0413237 0.108042 0.0663391
0 0.00500883 0.516193 0.0100177 0.0935753 0.0589867
0 0.611316 0.41457 0.0506252 0.122067 0.054056
0 0.600474 0.415673 0.0707409 0.123278 0.0518248
