0 0.102759 0.826748 0.0583509 0.172792 0.765076
0 0.264392 0.831507 0.069947 0.19292 0.753215
0 0.170685 0.830905 0.0595241 0.174336 0.747745
0 0.684802 0.833018 0.0551048 0.205787 0.739781
0 0.745767 0.824836 0.047673 0.185616 0.653898
0 0.590545 0.82771 0.0426813 0.181437 0.645752
0 0.640902 0.816687 0.0430094 0.173293 0.572322
0 0.453041 0.829521 0.0466347 0.18185 0.545784
0 0.395662 0.840461 0.0487488 0.20599 0.509644
0 0.559077 0.812189 0.0401413 0.165844 0.504522
0 0.220251 0.820975 0.0523604 0.148212 0.479318
0 0.527569 0.839458 0.0441521 0.201143 0.438651
0 0.800464 0.80789 0.033326 0.169554 0.424467
0 0.774491 0.815215 0.0384647 0.168459 0.406071
0 0.365453 0.822845 0.0457991 0.17464 0.402764
0 0.501508 0.819079 0.0371728 0.181515 0.335288
0 0.429771 0.813579 0.0331082 0.165771 0.261546
0 0.681062 0.714261 0.048544 0.0701183 0.19114
0 0.373421 0.70971 0.0817849 0.134478 0.185597
0 0.241547 0.819511 0.0285644 0.138498 0.127756
0 0.360284 0.708845 0.0554573 0.133323 0.115732
0 0.463573 0.683761 0.0468699 0.13465 0.0978319
0 0.614631 0.805034 0.0284715 0.139196 0.0821929
0 0.476214 0.756333 0.074545 0.272887 0.0819732
0 0.375259 0.730092 0.079429 0.097478 0.0728502
0 0.613956 0.756631 0.0253331 0.0499052 0.0546588
0 0.47459 0.717117 0.0707051 0.174123 0.05108
