0 0.664092 0.298796 0.125314 0.250098 0.879432
0 0.336602 0.517461 0.250136 0.619963 0.753486
0 0.894544 0.2904 0.106919 0.231206 0.728046
0 0.205263 0.292403 0.106124 0.294761 0.697684
0 0.0413473 0.333484 0.0823982 0.38382 0.662684
0 0.442926 0.373565 0.0933099 0.381456 0.516602
0 0.091379 0.251405 0.0690158 0.182544 0.429359
0 0.968685 0.186272 0.061756 0.109588 0.37677
0 0.489816 0.293296 0.0845654 0.300181 0.332446
0 0.966807 0.242572 0.0654736 0.224573 0.323255
0 0.876596 0.673217 0.245129 0.649159 0.28329
0 0.28876 0.245766 0.078823 0.184343 0.244917
0 0.969108 0.291695 0.0612037 0.130395 0.192484
0 0.0335422 0.260328 0.0666028 0.221693 0.160059
0 0.512044 0.265813 0.0517519 0.242624 0.159961
0 0.43826 0.317292 0.0877462 0.280679 0.122627
0 0.525422 0.273815 0.0411167 0.221756 0.0826901
0 0.485791 0.202972 0.0679761 0.151558 0.0724269
0 0.0808423 0.164464 0.0522927 0.073412 0.0684239
0 0.026374 0.183572 0.0526873 0.101326 0.0636574
0 0.0963557 0.235459 0.0841607 0.213622 0.0571962
0 0.0388959 0.280125 0.0452209 0.177062 0.0570333
0 0.474973 0.306502 0.106807 0.271389 0.0542426
0 0.514341 0.217831 0.045805 0.141785 0.0535749
0 0.0116666 0.477562 0.0232034 0.155238 0.0524995
0 0.287515 0.221113 0.0761673 0.132647 0.0520685
0 0.483718 0.318283 0.0708697 0.248816 0.0518735
0 0.981016 0.266208 0.0370826 0.0765689 0.0503728
