0 0.414555 0.57818 0.064419 0.441559 0.601818
0 0.348956 0.603894 0.0511028 0.203013 0.543871
0 0.893408 0.510292 0.109886 0.55361 0.542733
0 0.276086 0.606989 0.0731388 0.239919 0.510623
0 0.0725625 0.541723 0.101516 0.523808 0.47429
0 0.893262 0.352413 0.0729393 0.238329 0.452545
0 0.0889702 0.549065 0.0675168 0.527342 0.446362
0 0.208849 0.515658 0.0428123 0.135895 0.339754
0 0.814469 0.436571 0.0488746 0.149294 0.334143
0 0.492395 0.508858 0.0310212 0.0764558 0.241843
0 0.971396 0.55806 0.0557714 0.266741 0.22838
0 0.419773 0.657869 0.0549433 0.283078 0.155975
0 0.456846 0.473185 0.0406343 0.0979109 0.147946
0 0.807745 0.539475 0.0900158 0.370947 0.143296
0 0.724077 0.573132 0.0314591 0.192784 0.132503
0 0.0860155 0.678878 0.061718 0.26259 0.1302
0 0.888855 0.65559 0.0885514 0.267932 0.129329
0 0.974627 0.48172 0.0432577 0.116349 0.118083
0 0.463785 0.601237 0.0621414 0.304003 0.117934
0 0.894088 0.522327 0.0794411 0.581192 0.10883
0 0.414023 0.532718 0.126434 0.522798 0.106667
0 0.754853 0.492396 0.0340056 0.0717874 0.102614
0 0.848246 0.541427 0.147399 0.462113 0.0916516
0 0.456171 0.587003 0.0464579 0.325946 0.0891994
0 0.204713 0.529486 0.0495219 0.139036 0.0858698
0 0.0319587 0.541012 0.0386132 0.0886293 0.08172
0 0.464222 0.648024 0.0607086 0.208312 0.081462
0 0.935224 0.63733 0.0438023 0.286174 0.0724768
0 0.725854 0.53479 0.0263121 0.109851 0.0713034
0 0.744606 0.575875 0.0701424 0.233707 0.064392
0 0.0735907 0.66869 0.0942726 0.278711 0.0621778
0 0.288719 0.599054 0.0480292 0.232421 0.0609111
0 0.490227 0.604747 0.055364 0.269015 0.0520401
