0 0.125574 0.602047 0.137668 0.508941 0.893984
0 0.273148 0.58764 0.111029 0.431205 0.846243
0 0.595119 0.665749 0.10188 0.331317 0.804839
0 0.482565 0.679348 0.106385 0.327826 0.781782
0 0.390458 0.692494 0.0964805 0.308341 0.780123
0 0.815104 0.666779 0.121214 0.308931 0.773751
0 0.701385 0.665646 0.102469 0.311493 0.77148
0 0.404433 0.437228 0.099925 0.167586 0.659646
0 0.793773 0.501974 0.135103 0.292333 0.607587
0 0.645345 0.458783 0.107972 0.268583 0.437108
0 0.51513 0.485228 0.114441 0.268349 0.275987
0 0.646059 0.522845 0.108146 0.393948 0.24656
0 0.521972 0.44736 0.103606 0.186307 0.22822
0 0.645968 0.423557 0.108247 0.180793 0.180208
0 0.273646 0.4535 0.113286 0.15405 0.176649
0 0.17059 0.445539 0.060097 0.141913 0.156647
0 0.171626 0.478282 0.0595849 0.204629 0.108006
0 0.545276 0.582591 0.0350106 0.10077 0.0850927
0 0.346043 0.456027 0.0438871 0.107096 0.0801482
0 0.171385 0.604056 0.0644532 0.476838 0.0758741
0 0.563646 0.412014 0.0320034 0.0948789 0.072844
0 0.283444 0.59806 0.0660599 0.403223 0.0721292
0 0.338902 0.457561 0.0596619 0.112644 0.0685786
0 0.404493 0.53336 0.105496 0.361053 0.065063
0 0.153753 0.406391 0.028676 0.0677727 0.0623549
