0 0.408253 0.51021 0.204474 0.957578 0.865772
0 0.886813 0.675663 0.0960319 0.420226 0.826241
0 0.960016 0.704717 0.0794651 0.49154 0.811345
0 0.0764382 0.666766 0.0995613 0.597417 0.807481
0 0.543872 0.582233 0.190228 0.818104 0.801796
0 0.665694 0.702197 0.0928965 0.571739 0.778024
0 0.124136 0.643223 0.0833828 0.525832 0.766446
0 0.809747 0.653472 0.0571517 0.341742 0.745203
0 0.194179 0.628181 0.0670402 0.364657 0.718712
0 0.763867 0.640709 0.035879 0.273786 0.629462
0 0.25814 0.627048 0.0454429 0.292698 0.620919
0 0.0215241 0.643077 0.0427827 0.506043 0.594951
0 0.294409 0.624811 0.0342313 0.237405 0.396003
0 0.738351 0.643098 0.0323984 0.201634 0.322162
0 0.16918 0.621993 0.0462192 0.336675 0.195308
0 0.839419 0.650636 0.0369786 0.276103 0.181729
0 0.711238 0.598303 0.0331623 0.142137 0.162554
0 0.162644 0.508344 0.0261927 0.105421 0.120182
0 0.685087 0.585161 0.0462633 0.188781 0.116981
0 0.713881 0.627362 0.0390055 0.207954 0.103894
0 0.689845 0.604075 0.055101 0.223887 0.0972848
0 0.833683 0.64811 0.0308907 0.276499 0.0704171
0 0.166644 0.539781 0.0395664 0.169977 0.0630957
0 0.00557421 0.426765 0.0110583 0.0924121 0.0622712
0 0.837788 0.557802 0.0272034 0.0879786 0.0559076
0 0.738319 0.612308 0.0303291 0.14249 0.0548392
0 0.681748 0.553124 0.0358578 0.12313 0.0543892
0 0.733746 0.597051 0.0266398 0.11239 0.0538092
