0 0.33027 0.578853 0.16545 0.691202 0.874054
0 0.124298 0.564401 0.152935 0.622254 0.874011
0 0.548552 0.54307 0.145743 0.602807 0.872599
0 0.738183 0.520767 0.11398 0.526592 0.871305
0 0.92987 0.493961 0.126116 0.472206 0.865327
0 0.228108 0.470039 0.118109 0.42639 0.837788
0 0.823977 0.483316 0.0997478 0.458724 0.694346
0 0.401548 0.506517 0.0865976 0.530859 0.504938
0 0.674016 0.438656 0.0640957 0.363926 0.477226
0 0.45698 0.45929 0.0807034 0.409931 0.435317
0 0.620078 0.412423 0.0656586 0.330861 0.322523
0 0.0623519 0.49127 0.0717429 0.401104 0.279358
0 0.972542 0.327482 0.0537949 0.157487 0.251041
0 0.456925 0.382892 0.078373 0.25302 0.22329
0 0.0511844 0.504155 0.101715 0.423699 0.19234
0 0.972805 0.428452 0.0536896 0.35895 0.18158
0 0.300145 0.308495 0.0322795 0.0773237 0.156324
0 0.864108 0.322853 0.050177 0.13154 0.15565
0 0.0633541 0.382165 0.0672445 0.182482 0.144966
0 0.0229167 0.491706 0.0458277 0.36554 0.135513
0 0.863785 0.439605 0.0591603 0.369368 0.110268
0 0.40009 0.600148 0.0643287 0.36671 0.0957146
0 0.401932 0.348988 0.0872083 0.219504 0.0801057
0 0.702597 0.29701 0.0342514 0.0931434 0.0794761
0 0.0225111 0.425965 0.044886 0.224794 0.0762915
0 0.96887 0.487694 0.0583202 0.467531 0.0589318
0 0.863927 0.387617 0.0540169 0.259732 0.0561153
0 0.610984 0.406974 0.0551314 0.301133 0.0549303
0 0.620093 0.333474 0.0565449 0.174122 0.0501819
