0 0.260308 0.490433 0.123181 0.664299 0.881685
0 0.388995 0.528647 0.111173 0.771598 0.881503
0 0.192159 0.471794 0.0538032 0.472489 0.848478
0 0.89332 0.508569 0.0941829 0.708341 0.843609
0 0.702104 0.471124 0.0726055 0.538884 0.809307
0 0.014332 0.457451 0.0285278 0.218139 0.789035
0 0.493232 0.507534 0.104153 0.489865 0.785069
0 0.827683 0.519403 0.100244 0.640207 0.749521
0 0.760959 0.468572 0.0606237 0.191353 0.731786
0 0.148682 0.455585 0.0468539 0.208509 0.694771
0 0.985784 0.453587 0.0277908 0.185568 0.526346
0 0.939164 0.464791 0.0321707 0.189056 0.476177
0 0.516321 0.469341 0.0534708 0.426411 0.475914
0 0.970498 0.454635 0.0343414 0.179401 0.320379
0 0.526907 0.485029 0.0542181 0.356313 0.127711
0 0.986704 0.474715 0.024913 0.13871 0.115858
0 0.232012 0.472129 0.0629761 0.493962 0.0750911
0 0.671134 0.52725 0.033112 0.246994 0.067286
0 0.514374 0.313066 0.0497812 0.112307 0.065204
0 0.217031 0.472395 0.0596929 0.483974 0.0634108
0 0.98624 0.404304 0.0268419 0.0883095 0.0584862
0 0.970103 0.459511 0.0478573 0.186879 0.057351
