0 0.298988 0.529621 0.196002 0.644046 0.893013
0 0.87549 0.442605 0.0753929 0.313103 0.69174
0 0.438876 0.39435 0.111173 0.332811 0.66294
0 0.179137 0.385092 0.0796161 0.330621 0.655581
0 0.688641 0.443951 0.0878186 0.423118 0.634983
0 0.61242 0.412063 0.0800104 0.320926 0.632361
0 0.0569197 0.376375 0.0710088 0.325671 0.612408
0 0.49572 0.410229 0.0732493 0.31582 0.567987
0 0.109321 0.379428 0.0630189 0.313216 0.431269
0 0.0180894 0.376362 0.036035 0.313174 0.378207
0 0.540908 0.399735 0.0556385 0.300327 0.334889
0 0.834273 0.424978 0.0492981 0.301401 0.31648
0 0.774548 0.384434 0.0610621 0.237448 0.3041
0 0.739097 0.369925 0.0439326 0.2522 0.187252
0 0.391646 0.276493 0.0561709 0.116157 0.170322
0 0.988549 0.438191 0.0220894 0.28028 0.137109
0 0.128181 0.382599 0.0403461 0.309554 0.116889
0 0.239873 0.282222 0.0519623 0.0989666 0.100452
0 0.361745 0.277261 0.0372023 0.082091 0.081017
0 0.391691 0.386052 0.0574432 0.334765 0.0741948
0 0.950397 0.444428 0.0772423 0.227308 0.0686619
0 0.141631 0.38225 0.0377263 0.299501 0.0669352
0 0.801837 0.403299 0.0376479 0.255802 0.0653621
0 0.377685 0.395592 0.0659076 0.321718 0.0532298
0 0.895218 0.30979 0.0442009 0.123054 0.0525697
0 0.527909 0.386668 0.0372704 0.316886 0.0524474
0 0.935167 0.419718 0.0754134 0.27668 0.0523498
0 0.939657 0.327758 0.0497498 0.121604 0.0509716
