0 0.970612 0.643906 0.0579544 0.390803 0.787315
0 0.727005 0.571346 0.0449737 0.136044 0.729011
0 0.607585 0.559265 0.0298443 0.103318 0.699016
0 0.553161 0.5601 0.0264965 0.0973442 0.680001
0 0.858984 0.565337 0.0360405 0.107506 0.671516
0 0.668604 0.567271 0.0339774 0.115289 0.651071
0 0.369238 0.552736 0.0395088 0.0941661 0.558726
0 0.079386 0.564541 0.0354286 0.143031 0.544802
0 0.451401 0.553239 0.0493144 0.11539 0.479798
0 0.0395234 0.5585 0.0422994 0.1219 0.450487
0 0.110376 0.559287 0.0356762 0.145152 0.449171
0 0.137543 0.554121 0.0265263 0.141309 0.356084
0 0.195887 0.550527 0.034001 0.130797 0.32618
0 0.142929 0.552619 0.0374027 0.139323 0.203264
0 0.890988 0.518086 0.0163006 0.0488155 0.184198
0 0.355971 0.450868 0.0203909 0.049485 0.178601
0 0.310647 0.508422 0.026317 0.0693198 0.171344
0 0.154828 0.553713 0.0239086 0.135429 0.131853
0 0.31093 0.562932 0.0254911 0.0618761 0.127886
0 0.240826 0.518303 0.0241983 0.0789317 0.125976
0 0.291268 0.566807 0.0308483 0.0634677 0.11559
0 0.246812 0.576121 0.0473365 0.0615527 0.107339
0 0.254809 0.518886 0.0216933 0.0737665 0.0989678
0 0.156921 0.539693 0.0230449 0.108915 0.0984394
0 0.281147 0.518439 0.0284339 0.0646973 0.0925295
0 0.432658 0.558145 0.0216293 0.0869625 0.0871349
0 0.838479 0.519963 0.0125088 0.0432855 0.0786211
0 0.829162 0.521909 0.0116777 0.0381445 0.07755
0 0.435401 0.567095 0.024041 0.0770319 0.0753399
0 0.830387 0.520583 0.0177006 0.0425684 0.0679436
0 0.337359 0.53748 0.0312413 0.0990732 0.0629109
0 0.457229 0.549791 0.0357939 0.107389 0.0622328
0 0.948493 0.58482 0.0235493 0.0926584 0.0618576
0 0.271194 0.572138 0.026072 0.0607623 0.0614343
0 0.340902 0.518413 0.0257557 0.0604872 0.0600928
0 0.0329078 0.560706 0.0256282 0.120454 0.0600156
0 0.246447 0.563202 0.0470226 0.0842562 0.0598407
0 0.336106 0.555005 0.0331125 0.071153 0.0500936
