0 0.781778 0.653891 0.214096 0.666634 0.892017
0 0.518036 0.543876 0.130688 0.453977 0.887601
0 0.306067 0.453689 0.0916257 0.373602 0.844639
0 0.0888814 0.350285 0.0572986 0.264045 0.815569
0 0.366377 0.347798 0.0597289 0.267533 0.779099
0 0.686815 0.442508 0.0939243 0.377587 0.777787
0 0.201167 0.399221 0.0590749 0.313762 0.742503
0 0.0443215 0.320632 0.0397438 0.21434 0.715857
0 0.88369 0.30116 0.071233 0.280214 0.547684
0 0.290022 0.262998 0.0702851 0.152521 0.524554
0 0.506312 0.318115 0.105512 0.230939 0.503378
0 0.965848 0.358687 0.0673745 0.329346 0.498452
0 0.411003 0.290849 0.0484815 0.205727 0.48835
0 0.824733 0.399875 0.092836 0.356398 0.483848
0 0.6183 0.261675 0.0429574 0.199065 0.452557
0 0.195639 0.226934 0.0456495 0.121144 0.296137
0 0.532176 0.261634 0.0435428 0.187248 0.292703
0 0.657484 0.26629 0.0421686 0.16354 0.213856
0 0.131514 0.259143 0.0281778 0.146214 0.205335
0 0.976102 0.380032 0.0475452 0.390413 0.160884
0 0.457224 0.231804 0.0369043 0.134617 0.160402
0 0.757285 0.230496 0.0455576 0.151596 0.140466
0 0.966844 0.488162 0.0656163 0.578347 0.131467
0 0.72211 0.211941 0.0296144 0.0981857 0.127109
0 0.984163 0.664502 0.0311409 0.214818 0.123262
0 0.984265 0.738146 0.0306556 0.0660121 0.107704
0 0.789505 0.304926 0.0350687 0.16763 0.105909
0 0.546777 0.314837 0.0647682 0.261301 0.102253
0 0.985968 0.414914 0.0275129 0.410554 0.100233
0 0.82752 0.362 0.0716508 0.364511 0.0924977
0 0.9105 0.1888 0.0299507 0.0656722 0.0845012
0 0.791792 0.210853 0.0291252 0.100659 0.0826278
0 0.984939 0.581483 0.029673 0.38257 0.080759
0 0.688609 0.257212 0.0424237 0.165396 0.0745872
0 0.983242 0.493313 0.032737 0.565314 0.0735946
0 0.104293 0.219836 0.0307053 0.0717068 0.0688921
0 0.553962 0.279074 0.0502945 0.160499 0.0657252
0 0.767659 0.442222 0.251681 0.382415 0.0647651
0 0.130979 0.220265 0.0257515 0.0688486 0.0603456
0 0.962361 0.188173 0.0394836 0.083578 0.0585905
0 0.458716 0.213596 0.0352413 0.0990206 0.0572665
