0 0.110052 0.816914 0.220103 0.364928 0.938057
0 0.291935 0.732281 0.331542 0.533707 0.917827
0 0.563561 0.797007 0.301378 0.404577 0.905435
0 0.100465 0.284361 0.20065 0.357326 0.860736
0 0.733277 0.677727 0.251587 0.609922 0.768246
0 0.813667 0.785777 0.271027 0.42686 0.765745
0 0.538324 0.71027 0.283164 0.56967 0.72546
0 0.30693 0.370042 0.235518 0.274987 0.641271
0 0.919121 0.681245 0.161131 0.630345 0.580471
0 0.627213 0.19542 0.224547 0.287931 0.526525
0 0.0798575 0.592555 0.159715 0.282638 0.505274
0 0.532006 0.472078 0.258393 0.447702 0.409001
0 0.0797158 0.671094 0.159432 0.437369 0.372222
0 0.888211 0.211935 0.184041 0.25598 0.358872
0 0.475829 0.320496 0.195588 0.442545 0.337187
0 0.0928636 0.720123 0.185637 0.542512 0.325891
0 0.306801 0.422382 0.243739 0.377634 0.306879
0 0.303982 0.548625 0.247049 0.339169 0.297826
0 0.271002 0.188762 0.228241 0.252755 0.294845
0 0.888014 0.569368 0.220828 0.75519 0.286532
0 0.313556 0.496028 0.272504 0.249516 0.272472
0 0.52652 0.410493 0.258581 0.320268 0.267838
0 0.728857 0.410486 0.230036 0.223472 0.263511
0 0.15024 0.53647 0.139229 0.373937 0.243375
0 0.521612 0.359149 0.233498 0.217336 0.239345
0 0.922655 0.559483 0.154197 0.783472 0.23649
0 0.942678 0.526841 0.114194 0.883508 0.232699
0 0.972031 0.133343 0.0548214 0.145294 0.2208
0 0.298963 0.281759 0.234023 0.436723 0.191579
0 0.270801 0.151122 0.224783 0.181341 0.176206
0 0.869543 0.426357 0.136075 0.386336 0.17611
0 0.627366 0.271341 0.224592 0.441185 0.171737
0 0.7453 0.27498 0.155141 0.215196 0.167038
0 0.884985 0.33013 0.180613 0.487387 0.164608
0 0.478606 0.17874 0.203137 0.181119 0.154654
0 0.535515 0.565938 0.261648 0.632453 0.137818
0 0.154267 0.600139 0.144017 0.522901 0.121065
0 0.484442 0.185016 0.216257 0.244456 0.114141
0 0.671595 0.300493 0.30175 0.432982 0.112718
0 0.110236 0.189302 0.0568121 0.109544 0.11203
0 0.960139 0.370662 0.0796275 0.590492 0.111118
0 0.155767 0.432067 0.14138 0.181655 0.110958
0 0.707564 0.340812 0.189953 0.361454 0.110017
0 0.109663 0.421849 0.213312 0.237369 0.0981501
0 0.311321 0.623617 0.255119 0.518003 0.0936197
0 0.899022 0.43555 0.201956 0.387897 0.0911233
0 0.547301 0.579465 0.258837 0.30177 0.0888587
0 0.328676 0.229607 0.169826 0.187672 0.0862088
0 0.446635 0.185721 0.137351 0.159927 0.0819521
0 0.736139 0.524274 0.240263 0.29246 0.0813776
0 0.742871 0.34169 0.160966 0.358435 0.0761134
0 0.721707 0.590297 0.22052 0.686919 0.0751431
0 0.131879 0.569249 0.172424 0.458685 0.0710876
0 0.0190023 0.393738 0.0380046 0.0759242 0.0701985
0 0.977279 0.152048 0.0448709 0.119982 0.0672046
0 0.477375 0.793081 0.119431 0.413837 0.063918
0 0.541781 0.433945 0.244858 0.2436 0.0622203
0 0.257857 0.333004 0.108918 0.329622 0.0606082
0 0.107219 0.604513 0.214438 0.541062 0.0575673
0 0.157595 0.479752 0.138903 0.272509 0.0531926
0 0.281023 0.242994 0.0657583 0.146458 0.0505065
