0 0.514875 0.548914 0.464472 0.71082 0.896413
0 0.031639 0.566823 0.0617034 0.159409 0.738502
0 0.885135 0.524788 0.0382359 0.179277 0.7279
0 0.179932 0.534929 0.0519834 0.189216 0.668568
0 0.263239 0.546618 0.0502667 0.238089 0.659112
0 0.821934 0.487576 0.019648 0.0991635 0.441017
0 0.709515 0.514376 0.0300566 0.144448 0.353844
0 0.139775 0.546392 0.0310952 0.190878 0.296233
0 0.23186 0.511615 0.0236446 0.127166 0.276485
0 0.682047 0.506797 0.0304333 0.12122 0.249542
0 0.802789 0.503885 0.0205058 0.117613 0.23619
0 0.963182 0.538756 0.030196 0.142087 0.210137
0 0.851657 0.477562 0.0161018 0.0777298 0.202821
0 0.987607 0.508689 0.0240231 0.199181 0.189404
0 0.171201 0.536006 0.0384666 0.185977 0.145539
0 0.745701 0.512615 0.0478061 0.180988 0.14398
0 0.927962 0.484726 0.0153343 0.0695579 0.135855
0 0.848342 0.476752 0.0166668 0.0751019 0.119367
0 0.161736 0.532449 0.028766 0.168327 0.107948
0 0.70748 0.506072 0.0224766 0.126353 0.0970499
0 0.837754 0.475598 0.0137894 0.0680953 0.0931366
0 0.792396 0.496507 0.0147892 0.0934455 0.0918928
0 0.134646 0.542617 0.0213306 0.180697 0.0910644
0 0.215245 0.492262 0.0223952 0.103832 0.0888332
0 0.763695 0.498634 0.0241843 0.113284 0.0845162
0 0.924459 0.48275 0.0159205 0.0731511 0.0753523
0 0.98435 0.526819 0.028392 0.164495 0.0712023
0 0.835231 0.480838 0.0157011 0.0828414 0.070592
0 0.673847 0.501191 0.021347 0.110115 0.0694078
0 0.982106 0.534696 0.0214237 0.154024 0.0642735
0 0.145069 0.540326 0.0249731 0.176127 0.0627865
0 0.679939 0.504212 0.0218681 0.115727 0.0621938
0 0.481251 0.598168 0.124344 0.617468 0.0592764
0 0.93758 0.486039 0.0116241 0.0629146 0.058467
0 0.797786 0.503302 0.0220161 0.110812 0.058343
0 0.2117 0.488889 0.0197633 0.0863771 0.0567456
0 0.668789 0.479755 0.0148751 0.0683046 0.0560347
0 0.69269 0.509949 0.0142382 0.116695 0.051594
0 0.239061 0.511784 0.0315391 0.126691 0.0508626
