0 0.739344 0.749487 0.174721 0.43222 0.863744
0 0.0882094 0.574112 0.133235 0.662688 0.853965
0 0.589178 0.575066 0.167706 0.731016 0.84315
0 0.34023 0.596485 0.131065 0.706427 0.83822
0 0.202505 0.603141 0.149237 0.732383 0.816769
0 0.477234 0.552328 0.10895 0.623048 0.761637
0 0.725566 0.434855 0.121855 0.381126 0.730268
0 0.402952 0.53469 0.0951451 0.602846 0.661366
0 0.881902 0.581305 0.109303 0.658393 0.644897
0 0.0252468 0.526428 0.0504935 0.57424 0.630929
0 0.963971 0.586524 0.0712173 0.660423 0.608253
0 0.138652 0.294209 0.0891 0.167851 0.484702
0 0.820781 0.574525 0.0892092 0.67061 0.430971
0 0.664041 0.328573 0.0586493 0.142996 0.342844
0 0.963112 0.334896 0.0728344 0.150725 0.292342
0 0.272185 0.322496 0.0792403 0.175459 0.242511
0 0.451795 0.299863 0.0457014 0.123124 0.203362
0 0.0211757 0.304905 0.0423514 0.154423 0.187192
0 0.956922 0.303493 0.0603506 0.118348 0.175982
0 0.616917 0.305148 0.0432619 0.0949841 0.146759
0 0.248906 0.295635 0.0444694 0.134436 0.145003
0 0.885781 0.337022 0.0895249 0.156132 0.131542
0 0.272661 0.363753 0.0806141 0.255065 0.113998
0 0.989424 0.824908 0.0205429 0.19337 0.113432
0 0.977544 0.742655 0.0442932 0.358382 0.0961851
0 0.665652 0.482592 0.062202 0.455386 0.0949713
0 0.819607 0.467952 0.0913796 0.462939 0.0930716
0 0.264811 0.578496 0.0926158 0.688334 0.0928826
0 0.770277 0.315401 0.0381476 0.0773647 0.0857131
0 0.281711 0.314373 0.060811 0.151872 0.0671006
0 0.196074 0.332313 0.139084 0.19909 0.0665151
0 0.176073 0.274566 0.0412576 0.111474 0.0618101
0 0.694217 0.291625 0.034989 0.0816951 0.0557173
0 0.427799 0.299598 0.0393395 0.133963 0.0511385
0 0.526839 0.295604 0.0299629 0.0714285 0.0511089
