0 0.164267 0.71457 0.0512234 0.230568 0.759147
0 0.759438 0.750046 0.061803 0.244188 0.724093
0 0.5726 0.768862 0.0533644 0.229204 0.70171
0 0.949365 0.7372 0.0489594 0.217267 0.698257
0 0.280353 0.751058 0.0475303 0.232672 0.689023
0 0.663001 0.756723 0.0580173 0.241774 0.677165
0 0.422931 0.746116 0.0505946 0.227545 0.670681
0 0.358643 0.749361 0.0507828 0.219096 0.621153
0 0.222969 0.745612 0.0524361 0.229122 0.614911
0 0.514675 0.700905 0.0483625 0.213964 0.600339
0 0.467 0.710671 0.0465927 0.22889 0.587478
0 0.0641566 0.751432 0.0468169 0.215105 0.568719
0 0.891701 0.682634 0.0493216 0.205744 0.531433
0 0.0315086 0.728637 0.0406169 0.203828 0.528676
0 0.0943369 0.72636 0.0430886 0.20937 0.520212
0 0.792059 0.68021 0.0442354 0.194567 0.492171
0 0.12221 0.709173 0.0382228 0.193267 0.315304
0 0.190321 0.701975 0.0369066 0.216227 0.232028
0 0.30765 0.724964 0.0408508 0.209303 0.226618
0 0.864487 0.677033 0.0376499 0.187125 0.203651
0 0.70857 0.696133 0.0546863 0.204744 0.198549
0 0.63218 0.709596 0.0426484 0.240753 0.170091
0 0.569025 0.643758 0.046661 0.105267 0.161449
0 0.927597 0.725015 0.0399653 0.208109 0.14894
0 0.101392 0.72246 0.0350704 0.207265 0.143662
0 0.874824 0.555088 0.0284622 0.0788281 0.131382
0 0.859061 0.672618 0.0364032 0.174171 0.126663
0 0.264596 0.51185 0.0318602 0.134717 0.125565
0 0.0112424 0.376287 0.0224847 0.0840052 0.120968
0 0.771814 0.601769 0.0310187 0.0824571 0.115024
0 0.92177 0.726427 0.0283085 0.194804 0.089519
0 0.853426 0.667522 0.0276943 0.172602 0.0829308
0 0.62587 0.480391 0.0314822 0.0784553 0.0827215
0 0.429312 0.504812 0.0327502 0.0370854 0.0807656
0 0.052069 0.374535 0.0260194 0.0853241 0.0792679
0 0.347135 0.50483 0.0310775 0.0420989 0.0777348
0 0.247621 0.732563 0.0347639 0.227105 0.0741453
0 0.466928 0.501477 0.0308176 0.0425819 0.0691481
0 0.990279 0.583029 0.0190701 0.0625445 0.0617085
0 0.378927 0.696098 0.0331786 0.199752 0.0586162
0 0.513179 0.501251 0.0349592 0.042548 0.055335
0 0.386273 0.504684 0.0302478 0.0378606 0.0549605
0 0.316225 0.713515 0.0450997 0.219831 0.0540864
