0 0.0978733 0.719543 0.0670189 0.269642 0.812257
0 0.857986 0.752232 0.0887583 0.297134 0.789665
0 0.605856 0.713429 0.0681368 0.267862 0.78135
0 0.357225 0.663399 0.05437 0.243624 0.759036
0 0.193617 0.711143 0.0587049 0.252454 0.738978
0 0.702413 0.706267 0.0579151 0.32701 0.728644
0 0.555834 0.691814 0.0427983 0.205677 0.685263
0 0.280718 0.704068 0.0538377 0.232521 0.64735
0 0.783429 0.664928 0.0269893 0.182239 0.592858
0 0.743279 0.67147 0.0304971 0.179603 0.528894
0 0.817923 0.642619 0.0235062 0.142754 0.390603
0 0.235169 0.64369 0.0348132 0.207482 0.318626
0 0.667503 0.655805 0.0449636 0.237037 0.264681
0 0.975614 0.778902 0.0482089 0.287722 0.236653
0 0.868652 0.654068 0.0296706 0.179703 0.208259
0 0.86712 0.636753 0.0251047 0.146211 0.178468
0 0.592887 0.710231 0.0488928 0.264797 0.121072
0 0.989308 0.782118 0.0208876 0.282675 0.100113
0 0.916883 0.612524 0.0241059 0.0553238 0.0937656
0 0.668972 0.617697 0.0549737 0.307618 0.0920776
0 0.801056 0.67059 0.0162606 0.0775107 0.0732361
0 0.573158 0.662394 0.0182034 0.137446 0.0670423
0 0.991199 0.800612 0.0168875 0.239821 0.0632271
0 0.812222 0.646664 0.028304 0.148547 0.0550616
0 0.566571 0.687989 0.0299281 0.202893 0.0513497
0 0.181252 0.584405 0.0153275 0.0349614 0.0504372
