0 0.896754 0.659909 0.114011 0.372234 0.873646
0 0.565476 0.603995 0.0610182 0.219652 0.809774
0 0.322683 0.570401 0.0399016 0.193675 0.709673
0 0.669483 0.568669 0.0368253 0.181095 0.701072
0 0.772 0.541902 0.0397491 0.12442 0.683392
0 0.803003 0.532304 0.0246077 0.103307 0.41319
0 0.954555 0.386122 0.0299213 0.106656 0.382084
0 0.0465382 0.570497 0.024956 0.084136 0.349706
0 0.0162851 0.578653 0.0284572 0.0810493 0.332829
0 0.356181 0.559849 0.0301853 0.135418 0.307069
0 0.180605 0.533029 0.0345444 0.108912 0.286565
0 0.106462 0.541488 0.0324571 0.125975 0.273775
0 0.347927 0.557307 0.0459923 0.141587 0.252637
0 0.529368 0.563595 0.0279264 0.143583 0.239042
0 0.528692 0.548282 0.0249807 0.112129 0.203592
0 0.223318 0.510321 0.0259681 0.0540841 0.19213
0 0.95605 0.404418 0.0325376 0.144223 0.163414
0 0.591244 0.554504 0.0295087 0.115242 0.143421
0 0.0105657 0.58262 0.0210571 0.0758452 0.131002
0 0.114485 0.541108 0.0239666 0.123895 0.130991
0 0.10073 0.54195 0.0222123 0.121883 0.118197
0 0.0292754 0.572272 0.016173 0.0800156 0.118002
0 0.360106 0.530772 0.0216565 0.0758653 0.0894915
0 0.11734 0.526577 0.0173185 0.0909504 0.0885339
0 0.589884 0.540753 0.029707 0.0864035 0.0825529
0 0.341503 0.547203 0.0336181 0.105384 0.0812233
0 0.224692 0.548497 0.0272208 0.0849298 0.0803978
0 0.179751 0.518624 0.0316675 0.0803244 0.0794375
0 0.70447 0.54388 0.024384 0.0898882 0.0778531
0 0.484205 0.536927 0.0140371 0.0443794 0.077643
0 0.321229 0.553124 0.0334589 0.156361 0.0776239
0 0.0680761 0.556028 0.0305853 0.0919789 0.0775542
0 0.336231 0.55045 0.0254007 0.109234 0.0696489
0 0.586098 0.567495 0.0335331 0.133123 0.0673152
0 0.20252 0.509037 0.0181498 0.0517645 0.0663907
0 0.0509023 0.56859 0.0286654 0.0834095 0.0643851
0 0.0636567 0.558143 0.0245944 0.0930823 0.0547738
0 0.697119 0.551354 0.0346792 0.114098 0.0542349
