0 0.530868 0.797044 0.0689708 0.294599 0.835928
0 0.369773 0.891788 0.0841634 0.207667 0.79319
0 0.886228 0.860638 0.0684858 0.266945 0.776662
0 0.606854 0.684093 0.0411911 0.208253 0.610325
0 0.926262 0.637664 0.0440262 0.174606 0.597134
0 0.399916 0.711872 0.0732956 0.252888 0.593538
0 0.736616 0.714161 0.0455019 0.202158 0.589024
0 0.210165 0.741254 0.0627469 0.215261 0.575214
0 0.641999 0.679822 0.0373015 0.155475 0.549057
0 0.827611 0.974209 0.0435932 0.0430754 0.490953
0 0.273938 0.663513 0.0402436 0.112392 0.445117
0 0.268727 0.775064 0.058169 0.207654 0.430703
0 0.523723 0.580745 0.0322849 0.126317 0.400083
0 0.250337 0.932043 0.0984617 0.128759 0.352916
0 0.693105 0.630981 0.042322 0.0850231 0.315075
0 0.427909 0.948259 0.0476391 0.0949161 0.269402
0 0.69337 0.665824 0.0431676 0.154251 0.25143
0 0.865039 0.589736 0.0357567 0.123823 0.24975
0 0.709659 0.711902 0.0324863 0.130919 0.234164
0 0.202603 0.810887 0.0787598 0.355875 0.224886
0 0.135158 0.587414 0.023846 0.0966113 0.193038
0 0.114324 0.608757 0.0295477 0.137276 0.187798
0 0.324796 0.586038 0.0178692 0.094331 0.18664
0 0.278868 0.581433 0.0285143 0.101372 0.156198
0 0.893393 0.633566 0.0478577 0.197324 0.1163
0 0.377015 0.590845 0.0336082 0.122239 0.115195
0 0.375974 0.572896 0.03349 0.087305 0.108164
0 0.892666 0.597545 0.0453201 0.126809 0.106322
0 0.241857 0.931104 0.0672755 0.129865 0.102704
0 0.401466 0.704874 0.0455097 0.21666 0.100742
0 0.254958 0.822626 0.0902414 0.312607 0.100683
0 0.730234 0.612965 0.0337978 0.0779462 0.0833595
0 0.698048 0.677992 0.0534344 0.178664 0.0724028
0 0.376648 0.695846 0.0269467 0.216367 0.060734
0 0.133324 0.605302 0.0273769 0.129232 0.0552535
0 0.480464 0.585253 0.02239 0.0865113 0.052096
0 0.353117 0.598241 0.0246584 0.112935 0.0517021
0 0.733693 0.751271 0.0432062 0.126586 0.0505902
