0 0.645253 0.79268 0.0770367 0.407377 0.761855
0 0.515021 0.779214 0.0630365 0.42508 0.727435
0 0.938869 0.74338 0.0410237 0.259972 0.654935
0 0.447503 0.784731 0.0746854 0.421428 0.651791
0 0.839237 0.80346 0.0571209 0.382572 0.642261
0 0.758033 0.787546 0.0572096 0.33837 0.634636
0 0.306138 0.803679 0.0691765 0.270769 0.55526
0 0.809814 0.800851 0.057028 0.388231 0.484185
0 0.879883 0.778658 0.0405848 0.351937 0.392724
0 0.980269 0.796412 0.0335302 0.189414 0.3878
0 0.219982 0.840115 0.0813602 0.303511 0.353496
0 0.887894 0.775848 0.0457092 0.350278 0.351978
0 0.379258 0.802849 0.0678658 0.310588 0.338598
0 0.894597 0.778413 0.0330115 0.359003 0.309175
0 0.134034 0.780098 0.0647525 0.229774 0.293976
0 0.601869 0.770255 0.0463026 0.306334 0.290164
0 0.730142 0.768296 0.0436052 0.321901 0.288861
0 0.544615 0.833979 0.0301642 0.191933 0.25609
0 0.199654 0.727432 0.0472658 0.108959 0.198122
0 0.108044 0.7756 0.0494107 0.203924 0.17819
0 0.870501 0.795884 0.0360294 0.368036 0.168074
0 0.180143 0.720761 0.0351015 0.107017 0.14344
0 0.347562 0.716419 0.0392666 0.110997 0.1402
0 0.261211 0.632722 0.0319797 0.0932387 0.134516
0 0.0814868 0.751282 0.0601246 0.185059 0.107726
0 0.148408 0.717082 0.0361185 0.10482 0.104392
0 0.232854 0.771138 0.0548483 0.16149 0.101326
0 0.824498 0.804383 0.0754137 0.388019 0.100848
0 0.981354 0.844584 0.0359005 0.289871 0.095465
0 0.0277104 0.671764 0.0255251 0.0864691 0.0932725
0 0.187758 0.848058 0.0731723 0.265397 0.0910749
0 0.372567 0.814925 0.0562849 0.259576 0.0894148
0 0.895354 0.721827 0.0344029 0.240342 0.0881599
0 0.318031 0.634774 0.0327071 0.0925444 0.0775464
0 0.193818 0.874655 0.0640696 0.238914 0.0733613
0 0.29385 0.638993 0.0342618 0.077189 0.0691027
0 0.992864 0.861464 0.0135479 0.25372 0.0685311
0 0.231352 0.821324 0.0586018 0.245805 0.0682423
0 0.0214689 0.670932 0.0372963 0.0875873 0.0682221
0 0.875291 0.731147 0.0350494 0.209732 0.0678241
0 0.990054 0.843639 0.0193508 0.288999 0.065033
0 0.188772 0.893605 0.0484323 0.201767 0.0648364
0 0.269188 0.722994 0.0371988 0.0908169 0.0638336
0 0.236585 0.75788 0.0460162 0.133543 0.063597
0 0.414826 0.808453 0.0422357 0.314381 0.0594292
0 0.711313 0.67153 0.0294067 0.115698 0.0588707
0 0.0710423 0.750983 0.0742172 0.170616 0.051463
0 0.403405 0.834121 0.0370966 0.304982 0.0511258
0 0.0497596 0.744146 0.0461874 0.131286 0.0501466
0 0.0502957 0.606188 0.0307873 0.0691117 0.0501207
