0 0.392639 0.745289 0.0682954 0.284878
0 0.457612 0.805688 0.0546594 0.16825
0 0.24873 0.793217 0.067166 0.246024
0 0.182023 0.753251 0.0607253 0.226901
0 0.739031 0.765901 0.0355932 0.156478
0 0.545915 0.746701 0.0454219 0.159807
0 0.306189 0.748284 0.0583625 0.223672
0 0.93762 0.89663 0.0348889 0.132091
0 0.685143 0.769315 0.0186001 0.0856968
0 0.652844 0.765297 0.0205075 0.0898257
0 0.611863 0.76049 0.0249632 0.0958466
0 0.776568 0.772311 0.0201073 0.0871573
0 0.715191 0.759912 0.0182836 0.111345
0 0.981003 0.870549 0.0369862 0.0691851
0 0.915324 0.772561 0.0168987 0.0767845
0 0.70273 0.766534 0.0166643 0.0943236
0 0.942179 0.762996 0.022166 0.0955393
0 0.0244185 0.744648 0.0285949 0.053877
0 0.840238 0.749668 0.0244713 0.0904924
0 0.708135 0.766119 0.0220255 0.0963401
0 0.959338 0.762753 0.0187992 0.0979505
0 0.976116 0.761099 0.0247339 0.111725
