0 0.514955 0.54193 0.210771 0.75161
0 0.144922 0.566684 0.128185 0.467295
0 0.778984 0.52087 0.140093 0.522585
0 0.702476 0.584093 0.274391 0.691819
0 0.939993 0.43321 0.0553143 0.211724
0 0.260524 0.483756 0.0427559 0.193232
0 0.895854 0.442626 0.0375562 0.197514
0 0.0196222 0.450952 0.0392444 0.185657
0 0.867956 0.444383 0.0383299 0.189241
0 0.0803892 0.481378 0.0484783 0.267407
0 0.0294336 0.534371 0.0456974 0.125381
0 0.199906 0.472684 0.042825 0.210146
0 0.338587 0.464245 0.0443159 0.21399
0 0.840314 0.432427 0.0426094 0.179722
0 0.988077 0.43955 0.0231657 0.188465
0 0.81079 0.379976 0.0334274 0.0832188
0 0.315211 0.46963 0.0375913 0.204381
0 0.839745 0.402136 0.0390183 0.118423
0 0.985228 0.425554 0.0289688 0.221897
0 0.978171 0.447195 0.0358787 0.180236
0 0.400415 0.471484 0.0331908 0.243867
