0 0.875229 0.656122 0.182866 0.549881 0.903274
0 0.0807839 0.602946 0.117625 0.426296 0.894229
0 0.296533 0.658174 0.15599 0.477625 0.893963
0 0.391117 0.76408 0.14824 0.465285 0.884422
0 0.550598 0.676319 0.099362 0.256239 0.800738
0 0.196421 0.594156 0.0817461 0.398198 0.768463
0 0.835106 0.44926 0.057345 0.13352 0.642903
0 0.773321 0.526159 0.0441979 0.232627 0.622755
0 0.570471 0.512313 0.0621283 0.192214 0.542365
0 0.608393 0.52354 0.0395475 0.211974 0.526442
0 0.155307 0.569601 0.0455777 0.270882 0.469623
0 0.642357 0.511949 0.0427216 0.192441 0.465691
0 0.350867 0.557276 0.0464158 0.229113 0.464891
0 0.906213 0.526192 0.0651526 0.29456 0.303089
0 0.457776 0.546609 0.0581713 0.246874 0.266173
0 0.123263 0.516563 0.0380917 0.1589 0.257596
0 0.918551 0.541557 0.0650352 0.313162 0.227233
