0 0.0589642 0.63928 0.113751 0.585049
0 0.668796 0.61403 0.117925 0.624645
0 0.247004 0.635296 0.106563 0.623649
0 0.848884 0.618987 0.123036 0.668822
0 0.421866 0.622598 0.122946 0.682147
0 0.974923 0.579662 0.0496544 0.32269
0 0.13459 0.620167 0.064898 0.431621
0 0.593864 0.522942 0.0588238 0.24013
0 0.924222 0.566654 0.048835 0.334986
0 0.187689 0.552749 0.0489713 0.270597
0 0.350856 0.535968 0.0452299 0.218929
0 0.746484 0.590205 0.0647122 0.371801
0 0.498686 0.527526 0.0494537 0.20275
0 0.924492 0.509074 0.0475948 0.21731
0 0.0171377 0.540847 0.0337039 0.236613
0 0.309943 0.542439 0.0487833 0.240776
0 0.746502 0.520009 0.0629601 0.230533
0 0.30825 0.613175 0.0570916 0.387574
