0 0.555175 0.569034 0.0227952 0.102918
0 0.639058 0.580945 0.0225399 0.0999044
0 0.591804 0.576355 0.024573 0.0930566
0 0.621532 0.580831 0.0179566 0.0970875
0 0.575469 0.567656 0.0224319 0.106387
0 0.657149 0.583328 0.0211527 0.0962272
0 0.523093 0.556073 0.0208485 0.0891719
0 0.705014 0.574071 0.0244872 0.0777037
0 0.685105 0.585575 0.0187229 0.0929817
0 0.61749 0.579449 0.0223788 0.098206
0 0.89912 0.553443 0.0258938 0.0469731
0 0.925072 0.557142 0.0238468 0.0447715
0 0.102169 0.576049 0.0160351 0.0364508
0 0.544716 0.557287 0.0175319 0.0926595
0 0.873345 0.547181 0.0208255 0.0541913
0 0.672219 0.583975 0.0187304 0.0948988
0 0.507518 0.453713 0.0226807 0.117963
0 0.497947 0.553107 0.017133 0.0901834
