0 0.155033 0.603932 0.0764955 0.3924 0.900326
0 0.831402 0.624754 0.0751011 0.375649 0.853605
0 0.698345 0.623532 0.0723427 0.375697 0.848982
0 0.612466 0.623 0.0854466 0.372425 0.841211
0 0.76186 0.612851 0.0761434 0.392805 0.838289
0 0.408298 0.599052 0.0783999 0.380798 0.804467
0 0.542119 0.609464 0.064852 0.353008 0.642094
0 0.482303 0.601268 0.0641098 0.301654 0.625858
0 0.329538 0.618106 0.0697626 0.333863 0.485889
0 0.26544 0.613361 0.0751526 0.35105 0.364903
0 0.277133 0.472234 0.036214 0.0770676 0.282062
