0 0.158153 0.699769 0.106323 0.292278 0.887912
0 0.954555 0.752647 0.0907227 0.320555 0.864708
0 0.0748018 0.67712 0.0673648 0.283722 0.842308
0 0.880433 0.709163 0.0604751 0.251258 0.79439
0 0.0274598 0.736919 0.0548312 0.359098 0.694806
0 0.33814 0.61806 0.0606178 0.0916236 0.574743
0 0.291169 0.613892 0.0474792 0.0765222 0.437189
0 0.492451 0.587684 0.0356804 0.038889 0.383798
0 0.66117 0.682109 0.0607292 0.217358 0.375037
0 0.387821 0.636663 0.031125 0.066701 0.372286
0 0.425882 0.629374 0.0286739 0.0916603 0.350927
0 0.545796 0.634242 0.0264256 0.0883435 0.334671
0 0.58934 0.685227 0.0454941 0.201187 0.256734
0 0.919256 0.647603 0.0192794 0.0729786 0.24684
0 0.339221 0.643705 0.0585626 0.14195 0.234689
