0 0.803701 0.656629 0.340969 0.672157 0.922187
0 0.422742 0.666313 0.114356 0.495179 0.868205
0 0.26643 0.67322 0.118756 0.500203 0.857241
0 0.561487 0.665093 0.12127 0.533457 0.802984
0 0.358189 0.600677 0.0655044 0.342187 0.759241
0 0.648552 0.566124 0.069217 0.323995 0.621204
0 0.852176 0.520184 0.0414223 0.132831 0.593307
0 0.922522 0.628113 0.116597 0.407898 0.528481
0 0.98653 0.566004 0.0266056 0.184 0.431213
0 0.911595 0.630783 0.0743275 0.398054 0.418774
0 0.960202 0.606223 0.0721392 0.256604 0.376653
0 0.392789 0.470247 0.0216966 0.0369317 0.338531
0 0.972677 0.572786 0.0494774 0.194011 0.269276
0 0.511935 0.53276 0.0501158 0.172202 0.264528
0 0.515691 0.600608 0.0553082 0.310795 0.229509
0 0.918075 0.553376 0.0655579 0.243172 0.22498
0 0.487944 0.531532 0.0324896 0.171352 0.210567
