0 0.254685 0.675765 0.108665 0.368922
0 0.355288 0.708147 0.103309 0.404554
0 0.497009 0.72216 0.157813 0.410428
0 0.587041 0.705983 0.0817484 0.340867
0 0.655452 0.664222 0.0499552 0.251083
0 0.740912 0.653824 0.0499801 0.158555
0 0.415321 0.677518 0.0711181 0.321998
0 0.776719 0.650798 0.0302619 0.120306
0 0.598045 0.692426 0.0644191 0.311624
0 0.806043 0.660074 0.0280218 0.110369
0 0.645473 0.68342 0.0668033 0.290421
0 0.520099 0.721809 0.109744 0.412546
0 0.693198 0.664258 0.0324449 0.205564
0 0.854904 0.651513 0.02085 0.0939332
0 0.630397 0.672846 0.0412245 0.275808
0 0.775562 0.663863 0.0253247 0.0937529
