0 0.94942 0.516625 0.100528 0.508947 0.902685
0 0.809647 0.482185 0.114743 0.4768 0.895914
0 0.366929 0.445193 0.0751056 0.311916 0.855324
0 0.177453 0.469032 0.0889138 0.368542 0.84471
0 0.709995 0.470817 0.0730211 0.37991 0.830611
0 0.552164 0.572192 0.245956 0.595831 0.809132
0 0.225794 0.630037 0.11508 0.308214 0.737713
0 0.43179 0.446275 0.0560679 0.312275 0.705089
0 0.476693 0.455001 0.075383 0.373599 0.676816
0 0.0179473 0.506284 0.0355875 0.180545 0.642156
0 0.646558 0.489398 0.0414581 0.232822 0.531382
0 0.894198 0.433105 0.0489984 0.218884 0.528423
0 0.51733 0.304053 0.0465497 0.0952539 0.462679
0 0.242315 0.596037 0.0758837 0.36097 0.402796
0 0.76967 0.43083 0.0437172 0.253316 0.241175
0 0.868438 0.472701 0.0405609 0.143665 0.210878
