0 0.14379 0.580434 0.0691094 0.101221 0.564489
0 0.527894 0.605756 0.0597277 0.0850261 0.53793
0 0.097068 0.491924 0.0729902 0.231407 0.495162
0 0.225866 0.589524 0.0660537 0.0849305 0.48472
0 0.92961 0.687779 0.0902184 0.175245 0.460183
0 0.0762433 0.648879 0.0678693 0.193983 0.426645
0 0.680629 0.60858 0.0578451 0.111145 0.424437
0 0.313294 0.587341 0.0626953 0.0876223 0.417783
0 0.854455 0.668487 0.0714813 0.20472 0.416313
0 0.370309 0.589443 0.0513935 0.100306 0.372943
0 0.768909 0.524346 0.0704133 0.18459 0.370719
0 0.194614 0.526761 0.0571684 0.168411 0.350373
0 0.792691 0.65875 0.0637407 0.204743 0.345161
0 0.475729 0.589331 0.061459 0.107128 0.318109
0 0.421911 0.598568 0.0532659 0.0857647 0.304379
0 0.905626 0.571084 0.0651257 0.279106 0.289847
0 0.571146 0.594463 0.053623 0.117735 0.285975
0 0.252811 0.537936 0.0679426 0.170941 0.270439
0 0.497469 0.529686 0.0551164 0.138313 0.266495
0 0.842809 0.527643 0.0724896 0.19242 0.253143
0 0.620818 0.596068 0.0625759 0.129924 0.241079
0 0.700637 0.53616 0.0630331 0.210498 0.240582
0 0.15514 0.510901 0.0566496 0.183899 0.210648
