0 0.571949 0.539684 0.12552 0.484644 0.894157
0 0.193867 0.537375 0.14498 0.452123 0.843686
0 0.250868 0.512476 0.0838359 0.438246 0.759814
0 0.382723 0.554958 0.0993373 0.48263 0.74829
0 0.42774 0.546953 0.0781482 0.480203 0.716608
0 0.0221255 0.276566 0.0294917 0.117252 0.68701
0 0.319941 0.296605 0.0442692 0.152241 0.659077
0 0.512484 0.222849 0.0129032 0.0522135 0.488777
0 0.0510346 0.265145 0.0259421 0.10984 0.469678
0 0.0855169 0.264281 0.0258946 0.11064 0.463613
0 0.714605 0.25298 0.0219084 0.0752514 0.380828
0 0.870895 0.251111 0.0248387 0.0835578 0.341678
0 0.226252 0.255674 0.0228218 0.0810193 0.316555
0 0.730422 0.254628 0.0173666 0.0720539 0.25938
0 0.39946 0.240809 0.0189735 0.0689993 0.244379
