0 0.324881 0.481808 0.14536 0.683398
0 0.941291 0.545209 0.116322 0.87099
0 0.681252 0.444647 0.107448 0.67767
0 0.116229 0.472716 0.0936029 0.361239
0 0.434508 0.412426 0.0938248 0.259612
0 0.511853 0.356188 0.074621 0.146802
0 0.249382 0.301179 0.045677 0.175249
0 0.180259 0.495181 0.185678 0.334424
0 0.464607 0.26429 0.0474426 0.103461
0 0.0349965 0.266939 0.0424585 0.173969
0 0.790648 0.361975 0.0934667 0.136449
0 0.212993 0.304762 0.0583641 0.134832
0 0.0614436 0.270055 0.0362821 0.161669
0 0.00754053 0.275765 0.015065 0.186119
0 0.127078 0.260204 0.0596698 0.167958
0 0.494349 0.229573 0.017927 0.0690524
0 0.29277 0.206214 0.0156032 0.0475413
