0 0.875597 0.559656 0.0972591 0.446162
0 0.224695 0.53053 0.107692 0.438906
0 0.0993853 0.546465 0.134315 0.500079
0 0.775268 0.59291 0.102075 0.532234
0 0.372919 0.552841 0.100819 0.496516
0 0.601285 0.560374 0.0963514 0.492518
0 0.31471 0.540816 0.0825057 0.422348
0 0.509516 0.540912 0.0758116 0.425044
0 0.691293 0.576239 0.093959 0.499461
0 0.426079 0.537593 0.0629324 0.437399
0 0.15765 0.504232 0.0594028 0.43282
0 0.287286 0.385211 0.0430224 0.105195
0 0.156791 0.373401 0.0563668 0.174644
0 0.287475 0.475048 0.0435029 0.286704
