0 0.0913442 0.761976 0.18232 0.463926
0 0.944843 0.768011 0.109498 0.450136
0 0.731194 0.73826 0.128519 0.514496
0 0.869102 0.864389 0.102858 0.265362
0 0.297559 0.784625 0.0931499 0.427801
0 0.475304 0.772716 0.0700338 0.396334
0 0.800487 0.766218 0.0771683 0.436319
0 0.362521 0.770982 0.0879511 0.394781
0 0.642939 0.845361 0.0675977 0.3014
0 0.434778 0.715241 0.0630727 0.327594
0 0.181295 0.805073 0.0768908 0.382843
0 0.217234 0.73883 0.0606782 0.351884
0 0.867245 0.733338 0.0676892 0.17035
0 0.58612 0.813643 0.0874976 0.366171
0 0.863202 0.625666 0.0546546 0.14027
