0 0.87127 0.467626 0.0647709 0.266592
0 0.468711 0.517757 0.0620605 0.308007
0 0.575604 0.499978 0.119616 0.381368
0 0.746001 0.507068 0.13811 0.365184
0 0.227493 0.513733 0.0622459 0.308363
0 0.411047 0.515505 0.0572027 0.278134
0 0.32141 0.528071 0.0657322 0.375341
0 0.0216031 0.533273 0.0430086 0.406387
0 0.518102 0.507548 0.0483006 0.24243
0 0.368208 0.505942 0.045997 0.273947
0 0.796968 0.49728 0.0627523 0.222345
0 0.637527 0.500204 0.0436616 0.225099
0 0.185461 0.511135 0.0586094 0.283987
0 0.271082 0.501199 0.0426236 0.245544
0 0.11498 0.599158 0.099156 0.306041
0 0.784431 0.499437 0.0386428 0.219623
0 0.0463554 0.52736 0.0546719 0.369723
0 0.184469 0.540866 0.0510651 0.231372
