0 0.256738 0.671495 0.152417 0.324544 0.890718
0 0.383865 0.522555 0.101645 0.235436 0.855485
0 0.779928 0.581085 0.0782704 0.380645 0.728252
0 0.65888 0.268516 0.0394122 0.192625 0.682028
0 0.589413 0.266126 0.0320281 0.140515 0.561031
0 0.633494 0.253554 0.0299763 0.146704 0.549254
0 0.050435 0.875288 0.0727359 0.209423 0.544101
0 0.490164 0.361149 0.0503353 0.101403 0.521641
0 0.45397 0.47663 0.0779888 0.176389 0.513675
0 0.679333 0.259614 0.0263729 0.183934 0.506159
0 0.566241 0.267417 0.0286301 0.149175 0.500984
0 0.541041 0.279406 0.0345984 0.155319 0.467345
0 0.612267 0.247898 0.0242603 0.139112 0.417146
0 0.362037 0.408487 0.041381 0.134279 0.276305
0 0.530471 0.359094 0.0241732 0.102652 0.271989
0 0.502357 0.355898 0.02803 0.0864475 0.250337
0 0.444877 0.459178 0.0615183 0.13333 0.225556
0 0.380655 0.41375 0.0787509 0.14403 0.20849
