0 0.236531 0.621123 0.167052 0.74161
0 0.387084 0.581936 0.189279 0.657317
0 0.495439 0.54076 0.112286 0.569265
0 0.913321 0.410454 0.0828947 0.329325
0 0.975798 0.364736 0.0481222 0.219144
0 0.71396 0.504558 0.103357 0.498517
0 0.641667 0.511159 0.118091 0.564566
0 0.0867059 0.474362 0.0786459 0.331002
0 0.134093 0.480082 0.0455638 0.307685
0 0.0124093 0.343035 0.0248187 0.134086
0 0.565088 0.387065 0.0492428 0.233799
0 0.0450999 0.344676 0.0311756 0.131949
0 0.102847 0.331946 0.0342965 0.100569
0 0.530595 0.389296 0.0399898 0.252435
