0 0.124734 0.668034 0.209244 0.449774 0.90912
0 0.598781 0.664581 0.1471 0.441986 0.859236
0 0.371671 0.641911 0.312718 0.706743 0.858973
0 0.727343 0.634309 0.0747029 0.335761 0.79973
0 0.874815 0.645683 0.0437222 0.208355 0.656791
0 0.95349 0.640124 0.0369133 0.168937 0.604856
0 0.980637 0.635557 0.0343429 0.14538 0.59061
0 0.496483 0.618921 0.0667215 0.290057 0.582268
0 0.805986 0.636422 0.0690403 0.264742 0.581895
0 0.922611 0.635796 0.0432647 0.197899 0.492697
0 0.174944 0.631029 0.116336 0.232296 0.398805
0 0.403875 0.651642 0.0667728 0.279414 0.256362
0 0.422321 0.59561 0.0471128 0.166733 0.237527
0 0.549371 0.577552 0.0474626 0.234175 0.200833
