0 0.0920443 0.64753 0.101457 0.62352 0.871427
0 0.265628 0.627779 0.0959679 0.611912 0.868797
0 0.433151 0.634475 0.0981748 0.58251 0.8598
0 0.350003 0.624552 0.0865844 0.584944 0.849758
0 0.745677 0.620885 0.0849756 0.58243 0.848636
0 0.175074 0.633558 0.0986724 0.605919 0.846594
0 0.525247 0.629793 0.0994468 0.601366 0.822056
0 0.602451 0.639594 0.0816219 0.541038 0.808689
0 0.664752 0.61313 0.093131 0.584983 0.780904
0 0.876788 0.627286 0.0971249 0.540456 0.733118
0 0.80942 0.629622 0.0826202 0.579636 0.718322
