0 0.0991111 0.737734 0.124376 0.247987 0.856423
0 0.260728 0.663868 0.118606 0.293028 0.753182
0 0.868376 0.726004 0.129583 0.231737 0.717222
0 0.707726 0.717602 0.151463 0.341624 0.704222
0 0.38598 0.666959 0.0630784 0.247596 0.599597
0 0.466092 0.668557 0.0794323 0.248659 0.57553
0 0.959541 0.599858 0.0781381 0.15316 0.459655
0 0.651702 0.631194 0.0710427 0.25776 0.368345
0 0.544212 0.64131 0.068851 0.194715 0.352766
0 0.826455 0.692044 0.0990391 0.188656 0.316251
0 0.155414 0.653552 0.143326 0.255869 0.310015
0 0.0836848 0.584598 0.0433937 0.101422 0.30988
0 0.200737 0.661419 0.0735069 0.245277 0.265858
0 0.324782 0.667115 0.0530221 0.195645 0.265274
0 0.410207 0.474344 0.0347562 0.0721265 0.245219
0 0.131688 0.622877 0.0987238 0.194928 0.242659
0 0.651425 0.591552 0.0720217 0.177756 0.224974
0 0.36665 0.651102 0.0615192 0.222273 0.217182
