0 0.711654 0.827154 0.231367 0.344665 0.844513
0 0.866241 0.755888 0.136235 0.377536 0.809526
0 0.892468 0.488895 0.164967 0.562261 0.797004
0 0.577431 0.824295 0.217989 0.345062 0.762878
0 0.689575 0.430489 0.102585 0.426032 0.749835
0 0.761942 0.478698 0.103408 0.402928 0.700004
0 0.0907567 0.664749 0.100339 0.270251 0.63301
0 0.316575 0.712228 0.177797 0.281951 0.505885
0 0.503758 0.763142 0.117989 0.329712 0.468059
0 0.18683 0.660314 0.109013 0.24937 0.390814
0 0.639195 0.63725 0.1094 0.232483 0.385752
0 0.472467 0.761324 0.187221 0.331063 0.2705
0 0.510872 0.377513 0.137663 0.334947 0.257795
0 0.25014 0.67772 0.119285 0.21733 0.235649
0 0.591088 0.399526 0.112894 0.271544 0.22347
