0 0.800784 0.600992 0.0944189 0.32961 0.809736
0 0.127249 0.603645 0.093634 0.429219 0.804464
0 0.387822 0.610615 0.0725516 0.369209 0.735463
0 0.565784 0.610179 0.0765296 0.346554 0.713665
0 0.898463 0.618819 0.064637 0.279897 0.654994
0 0.270214 0.541205 0.0351315 0.124797 0.639881
0 0.0548298 0.524209 0.0538259 0.160716 0.56306
0 0.294245 0.541751 0.029109 0.124063 0.528956
0 0.214147 0.528379 0.0314342 0.148906 0.523219
0 0.515502 0.533897 0.0305935 0.144319 0.308681
0 0.0133006 0.514683 0.0265362 0.100944 0.307335
0 0.19217 0.540705 0.0275833 0.127505 0.290244
0 0.315471 0.54038 0.0291599 0.125539 0.259724
0 0.183247 0.568273 0.0421326 0.191164 0.253628
0 0.492945 0.532178 0.0352052 0.146978 0.208426
