0 0.416965 0.492091 0.188427 0.531256 0.855885
0 0.546517 0.498838 0.147384 0.463499 0.843075
0 0.126132 0.468218 0.251474 0.76497 0.789851
0 0.279676 0.364875 0.182253 0.728099 0.78821
0 0.637696 0.516463 0.102909 0.401119 0.77869
0 0.237188 0.50492 0.117158 0.399091 0.724663
0 0.568116 0.245025 0.121719 0.235355 0.620621
0 0.664388 0.288757 0.111793 0.367983 0.551591
0 0.118968 0.176124 0.173128 0.352249 0.437253
0 0.899808 0.368452 0.0513832 0.11933 0.412795
0 0.782643 0.343137 0.0595017 0.168447 0.375612
0 0.73036 0.34579 0.0621325 0.216521 0.29845
0 0.937997 0.34579 0.0346641 0.066203 0.268711
0 0.960544 0.414454 0.066151 0.152437 0.225644
