0 0.0435838 0.616356 0.0868459 0.479789 0.862925
0 0.1178 0.596771 0.093804 0.502842 0.862302
0 0.198678 0.598048 0.103276 0.485136 0.862283
0 0.868627 0.58201 0.108788 0.486986 0.846175
0 0.774853 0.570974 0.0875536 0.480275 0.8321
0 0.951068 0.571123 0.0970886 0.518123 0.830825
0 0.702033 0.58743 0.0947591 0.461248 0.821244
0 0.444169 0.596755 0.0871922 0.459816 0.809929
0 0.520406 0.587475 0.0887091 0.46191 0.803156
0 0.357294 0.605919 0.0960643 0.453362 0.77252
0 0.285578 0.59697 0.0862452 0.474555 0.771348
0 0.611159 0.579239 0.0790238 0.476964 0.759716
0 0.561986 0.582399 0.04842 0.450738 0.549347
0 0.722088 0.394682 0.0392891 0.098689 0.481139
0 0.651825 0.406033 0.0414307 0.102182 0.34526
0 0.651958 0.49404 0.0431278 0.280038 0.288826
