0 0.779694 0.515344 0.246025 0.958937 0.923322
0 0.526489 0.522922 0.153168 0.94224 0.851379
0 0.333366 0.54268 0.168649 0.89924 0.844559
0 0.945596 0.526217 0.108136 0.792827 0.794892
0 0.156496 0.514278 0.0884856 0.716824 0.729533
0 0.240711 0.559906 0.0959158 0.769318 0.687929
0 0.418226 0.506611 0.0808254 0.606291 0.625425
0 0.655313 0.616499 0.105467 0.649472 0.605786
0 0.0998097 0.524567 0.0628327 0.55532 0.57701
0 0.0570046 0.525926 0.0774715 0.486677 0.559721
0 0.653636 0.390659 0.079444 0.1692 0.267171
