0 0.648598 0.655284 0.0940651 0.464309 0.862386
0 0.804251 0.729167 0.127987 0.532806 0.80832
0 0.205915 0.569628 0.0731959 0.335372 0.736181
0 0.334263 0.557862 0.0738918 0.334435 0.634124
0 0.477044 0.547676 0.0595769 0.325877 0.563183
0 0.16377 0.533203 0.0515986 0.296322 0.412346
0 0.0298045 0.343644 0.0172374 0.0880488 0.390444
0 0.429889 0.529862 0.0568375 0.298894 0.380817
0 0.390371 0.511749 0.0514888 0.275348 0.337824
0 0.855464 0.437614 0.0399912 0.150747 0.331548
0 0.784881 0.421984 0.0304417 0.145421 0.329206
0 0.269899 0.524022 0.0627838 0.294833 0.312305
0 0.0671917 0.481045 0.0346547 0.228272 0.238215
0 0.595941 0.537379 0.0559694 0.30217 0.234793
0 0.116023 0.51049 0.0382964 0.250266 0.219891
0 0.233065 0.434671 0.0369111 0.112452 0.219698
