0 0.584161 0.73899 0.0841724 0.426084 0.8467
0 0.803876 0.751233 0.0532677 0.34756 0.833315
0 0.637059 0.751644 0.0529106 0.330796 0.804685
0 0.360201 0.743711 0.0691328 0.429514 0.757221
0 0.472454 0.74982 0.053469 0.307724 0.671821
0 0.254896 0.745897 0.0683893 0.360696 0.669459
0 0.312406 0.75489 0.0563433 0.328178 0.458334
0 0.426994 0.749889 0.0586032 0.3116 0.443333
0 0.32361 0.611231 0.0304317 0.0694099 0.293003
0 0.214696 0.757416 0.04796 0.325039 0.267606
0 0.184614 0.760693 0.0544308 0.298367 0.220451
0 0.284882 0.759 0.0540853 0.323696 0.212057
