0 0.858213 0.567166 0.124709 0.617241 0.872232
0 0.411268 0.610455 0.136293 0.623892 0.844596
0 0.331627 0.527885 0.105115 0.485055 0.821446
0 0.933346 0.655403 0.133037 0.670601 0.807627
0 0.0999472 0.418154 0.0599556 0.236219 0.765023
0 0.514332 0.673562 0.117883 0.32478 0.655066
0 0.72991 0.504235 0.0664833 0.33691 0.621852
0 0.0384667 0.462339 0.059163 0.188419 0.616535
0 0.555159 0.485102 0.0850527 0.276341 0.606417
0 0.190988 0.387522 0.0425728 0.140954 0.597682
0 0.600181 0.466953 0.0689258 0.322548 0.570991
0 0.785812 0.490031 0.0674163 0.346256 0.542286
0 0.138306 0.440793 0.0398075 0.168789 0.446906
0 0.670048 0.49365 0.060018 0.22452 0.347648
0 0.243403 0.471417 0.0562759 0.214921 0.329248
0 0.161469 0.405847 0.0345867 0.134535 0.316082
0 0.0143212 0.454608 0.0282427 0.183598 0.274951
0 0.643844 0.439005 0.0489552 0.237352 0.240326
0 0.0106402 0.403206 0.0211892 0.083803 0.210001
