0 0.549081 0.716283 0.161245 0.326319 0.850415
0 0.216722 0.657306 0.0968123 0.235581 0.802908
0 0.0870539 0.687012 0.098385 0.31888 0.794561
0 0.877718 0.649752 0.0614632 0.179741 0.782083
0 0.335958 0.655957 0.0882403 0.235122 0.704293
0 0.145628 0.692287 0.11573 0.302041 0.693954
0 0.799693 0.704842 0.0727372 0.287331 0.623585
0 0.76405 0.6938 0.0591968 0.313165 0.612597
0 0.0224442 0.619633 0.0415334 0.162002 0.56754
0 0.477757 0.646624 0.0483858 0.218565 0.50872
0 0.280033 0.645382 0.0514632 0.199729 0.397817
0 0.40008 0.600086 0.0395065 0.108485 0.362714
0 0.436683 0.635746 0.0420951 0.185808 0.35363
0 0.670367 0.614903 0.0366539 0.125079 0.291697
0 0.692309 0.616824 0.0325517 0.125309 0.232995
