0 0.710452 0.762288 0.0658648 0.296254 0.837093
0 0.762916 0.832243 0.053281 0.333751 0.825856
0 0.632181 0.763768 0.0648991 0.345908 0.81813
0 0.448819 0.761811 0.0719419 0.293263 0.799677
0 0.180461 0.661166 0.0527761 0.259299 0.568102
0 0.269188 0.662789 0.0418833 0.253059 0.464969
0 0.528262 0.666704 0.0454945 0.245926 0.443142
0 0.590677 0.666133 0.0589603 0.242294 0.424601
0 0.0559328 0.597061 0.044115 0.276229 0.365011
0 0.336867 0.667469 0.0515273 0.245481 0.341615
0 0.137088 0.645408 0.0447088 0.254248 0.316949
0 0.217016 0.649193 0.0338447 0.249249 0.306443
0 0.990559 0.355832 0.0180914 0.0852401 0.278444
0 0.241029 0.652405 0.0358633 0.25059 0.276952
0 0.468667 0.664842 0.0657433 0.221422 0.25399
0 0.101362 0.630395 0.0470191 0.250712 0.245305
0 0.415733 0.660768 0.049198 0.244607 0.241147
0 0.377807 0.649898 0.0494027 0.246445 0.232107
