0 0.238395 0.710526 0.102471 0.511016
0 0.796522 0.677437 0.0922906 0.44309
0 0.716309 0.695401 0.096291 0.43731
0 0.313801 0.704765 0.0855203 0.482198
0 0.639815 0.534151 0.0796728 0.127081
0 0.442363 0.492587 0.0691186 0.168216
0 0.395825 0.519942 0.0915685 0.119403
0 0.569307 0.538428 0.0740957 0.121735
0 0.708218 0.48401 0.0878145 0.161124
0 0.489578 0.542444 0.0811027 0.099863
0 0.605809 0.497578 0.0514038 0.133159
0 0.562177 0.44716 0.0655709 0.130618
0 0.521644 0.505156 0.0611126 0.152398
0 0.631961 0.431804 0.0747602 0.146844
0 0.112347 0.561049 0.0252065 0.0677394
0 0.088897 0.574166 0.0298549 0.0500586
