0 0.48773 0.562694 0.0426971 0.257276
0 0.961563 0.575906 0.063069 0.301696
0 0.528358 0.558116 0.0514154 0.280146
0 0.573468 0.555394 0.0499828 0.254957
0 0.742012 0.540527 0.0434861 0.209914
0 0.826282 0.525966 0.0408622 0.20688
0 0.692146 0.555937 0.0483492 0.248545
0 0.612177 0.533289 0.036715 0.199913
0 0.918272 0.527065 0.0436272 0.216591
0 0.875323 0.523857 0.0401115 0.216386
0 0.781287 0.520629 0.0392124 0.201497
0 0.648359 0.540105 0.0324943 0.18197
0 0.581245 0.557943 0.0377064 0.245058
