0 0.0320638 0.551642 0.0641276 0.246932 0.845263
0 0.707932 0.658138 0.0493798 0.277766 0.734589
0 0.116213 0.57772 0.0591878 0.235971 0.72447
0 0.832566 0.676833 0.0678298 0.279936 0.721789
0 0.244618 0.592045 0.0439523 0.228284 0.704153
0 0.208577 0.576658 0.0447649 0.217179 0.689642
0 0.57338 0.634309 0.0831599 0.277166 0.650245
0 0.643763 0.640116 0.0575041 0.258491 0.615015
0 0.750122 0.647161 0.0463489 0.251108 0.611544
0 0.177192 0.575288 0.038634 0.203007 0.567945
0 0.345419 0.608229 0.0529172 0.256578 0.565034
0 0.303474 0.577833 0.0555529 0.228087 0.541227
0 0.398266 0.602923 0.0485527 0.246407 0.5398
0 0.457266 0.620252 0.0486167 0.252862 0.500509
0 0.787684 0.633317 0.0484597 0.222825 0.477554
0 0.511478 0.620761 0.055706 0.246665 0.474242
0 0.882824 0.654495 0.0405518 0.232886 0.451241
0 0.678666 0.629152 0.0353455 0.212404 0.313972
0 0.98848 0.660298 0.022403 0.245567 0.295922
0 0.275538 0.57747 0.0391598 0.194038 0.290091
0 0.928434 0.626732 0.0277111 0.172231 0.243312
0 0.993209 0.659611 0.0129871 0.245331 0.215154
0 0.964433 0.624119 0.0342211 0.151256 0.204888
