0 0.686553 0.631329 0.1183 0.320335 0.886275
0 0.775761 0.614 0.0929518 0.307238 0.791213
0 0.85725 0.588967 0.0689842 0.25077 0.787718
0 0.457359 0.632851 0.0878758 0.378763 0.783731
0 0.29038 0.650571 0.0815671 0.359652 0.780288
0 0.202499 0.631705 0.0645545 0.307415 0.767066
0 0.400483 0.593355 0.0444184 0.22108 0.741539
0 0.159456 0.605037 0.0519455 0.242106 0.627258
0 0.240237 0.597805 0.0352127 0.186256 0.558564
0 0.622649 0.551995 0.0421036 0.167709 0.549511
0 0.341772 0.572089 0.048802 0.16877 0.428912
0 0.821727 0.590436 0.0483635 0.251475 0.415442
0 0.56024 0.554046 0.0346926 0.141024 0.319858
0 0.118211 0.540161 0.0485544 0.196173 0.304712
0 0.473131 0.531251 0.0246995 0.0858841 0.259943
0 0.798279 0.589785 0.0941891 0.252499 0.215057
