0 0.85161 0.729882 0.0550606 0.148416
0 0.258856 0.738192 0.0464962 0.139044
0 0.164392 0.732673 0.0518786 0.14693
0 0.210764 0.734841 0.0487198 0.155371
0 0.163142 0.651466 0.0516917 0.136839
0 0.794518 0.727785 0.0588993 0.159188
0 0.316251 0.729404 0.0526603 0.169059
0 0.541199 0.647124 0.0435836 0.155506
0 0.735819 0.733949 0.0572353 0.154759
0 0.832169 0.65603 0.0489257 0.178304
0 0.251052 0.653636 0.0495744 0.153598
0 0.677677 0.724994 0.0504221 0.152173
0 0.291151 0.681711 0.0380011 0.198573
0 0.359178 0.735913 0.0482462 0.154835
0 0.584517 0.639285 0.0460657 0.149582
0 0.458403 0.733899 0.05716 0.163671
0 0.414003 0.634154 0.045498 0.14708
0 0.408814 0.733307 0.052526 0.161644
0 0.454567 0.639517 0.0482815 0.131428
0 0.366422 0.635377 0.0441838 0.140833
0 0.701739 0.662849 0.0455487 0.199401
0 0.783382 0.633041 0.0540447 0.146683
0 0.496168 0.736469 0.0371495 0.156478
0 0.498811 0.636368 0.0441481 0.141618
0 0.625247 0.738696 0.0616035 0.15522
0 0.628241 0.640497 0.0494136 0.1389
