0 0.52765 0.662714 0.191342 0.589548 0.887646
0 0.303014 0.649585 0.0788547 0.390622 0.731059
0 0.945059 0.57847 0.0605313 0.243625 0.703776
0 0.674193 0.666848 0.0973496 0.354679 0.694823
0 0.112867 0.647777 0.0707798 0.332937 0.694053
0 0.0477199 0.610516 0.0757603 0.329366 0.646248
0 0.752711 0.592258 0.0595115 0.239064 0.587139
0 0.810947 0.630581 0.0812998 0.289711 0.578312
0 0.431576 0.601311 0.0645338 0.382565 0.495467
0 0.867021 0.612952 0.0629317 0.27611 0.465035
0 0.238515 0.610097 0.0413549 0.18632 0.446174
0 0.201165 0.624127 0.0493361 0.24827 0.427279
0 0.97971 0.576892 0.0399086 0.223927 0.380604
0 0.365896 0.605244 0.0318747 0.16525 0.371551
0 0.919759 0.578129 0.0360477 0.152407 0.344729
0 0.140616 0.616622 0.0313351 0.1866 0.287403
0 0.98611 0.574049 0.0270922 0.217533 0.256512
0 0.610767 0.636018 0.0580446 0.245177 0.248657
0 0.829102 0.577101 0.0308914 0.145992 0.22436
0 0.173381 0.601397 0.0351182 0.182122 0.222487
0 0.894413 0.601989 0.0342024 0.226687 0.206696
