0 0.857561 0.685518 0.206705 0.535386
0 0.677136 0.692235 0.166027 0.4585
0 0.122719 0.502873 0.156913 0.427692
0 0.532237 0.758033 0.204408 0.371323
0 0.334948 0.526343 0.129282 0.347794
0 0.344887 0.759226 0.172739 0.361247
0 0.182784 0.600566 0.0963696 0.162768
0 0.558324 0.513371 0.100476 0.412063
0 0.6717 0.452143 0.100693 0.202311
0 0.226103 0.523433 0.106375 0.390325
0 0.953683 0.433918 0.0538925 0.158208
0 0.439307 0.424336 0.104238 0.198777
0 0.441272 0.596271 0.126497 0.313715
0 0.853498 0.415632 0.114834 0.301743
0 0.202198 0.868879 0.0789399 0.160035
