0 0.196023 0.603518 0.0637661 0.315994
0 0.329849 0.609892 0.0623173 0.299623
0 0.834468 0.603634 0.069294 0.294654
0 0.400537 0.611277 0.0593953 0.298346
0 0.9058 0.586246 0.0677375 0.321095
0 0.762916 0.586112 0.0682953 0.342867
0 0.499458 0.630692 0.0847696 0.410037
0 0.68908 0.601328 0.0656456 0.314105
0 0.612199 0.598293 0.0709402 0.327901
0 0.54651 0.607112 0.047826 0.306229
0 0.135634 0.575085 0.0550541 0.227661
0 0.0902134 0.517614 0.0734321 0.102468
0 0.138771 0.614857 0.0596655 0.307111
0 0.44922 0.603961 0.0698162 0.306226
