0 0.408255 0.672055 0.597624 0.64678 0.895552
0 0.697212 0.642714 0.0461851 0.225692 0.797835
0 0.653621 0.651695 0.0509879 0.215632 0.789427
0 0.0797828 0.629902 0.0541999 0.17049 0.706399
0 0.833993 0.625526 0.0519039 0.220408 0.705406
0 0.760836 0.598653 0.0320808 0.1272 0.629517
0 0.871235 0.60584 0.0646073 0.18786 0.600223
0 0.927232 0.583104 0.054975 0.10612 0.575805
0 0.956087 0.686244 0.0869251 0.447059 0.502113
0 0.592262 0.657751 0.0603352 0.190974 0.466705
0 0.165352 0.635578 0.0360121 0.162348 0.45901
0 0.201107 0.714488 0.0660321 0.28929 0.443961
0 0.0358978 0.763731 0.0713175 0.464457 0.425052
0 0.135482 0.63355 0.0337295 0.15302 0.425035
0 0.11718 0.604236 0.0249722 0.095035 0.418962
0 0.0358988 0.613795 0.0357774 0.135238 0.253012
0 0.562103 0.685108 0.0360161 0.124973 0.25212
