0 0.244863 0.638471 0.214682 0.640964 0.909743
0 0.742803 0.646937 0.094102 0.393628 0.677576
0 0.637077 0.645922 0.098858 0.397855 0.640102
0 0.839167 0.648542 0.0983864 0.400853 0.605361
0 0.787244 0.463296 0.0635896 0.14671 0.573245
0 0.543829 0.64765 0.104989 0.405435 0.496615
0 0.116877 0.660219 0.0920149 0.388029 0.463874
0 0.898388 0.576098 0.091395 0.375548 0.43101
0 0.534735 0.453732 0.0831831 0.162437 0.327523
0 0.446331 0.645796 0.108313 0.401332 0.314916
0 0.692497 0.603022 0.0741787 0.444041 0.278388
0 0.113516 0.489312 0.078343 0.109055 0.247052
0 0.353436 0.64694 0.088826 0.396771 0.237744
