0 0.612254 0.69072 0.130331 0.421527 0.915624
0 0.0373696 0.663747 0.0743186 0.297765 0.886214
0 0.43088 0.662051 0.0861344 0.339539 0.878262
0 0.919783 0.726209 0.136019 0.50785 0.864406
0 0.188661 0.674089 0.105178 0.320677 0.846157
0 0.343878 0.670283 0.0803197 0.367761 0.820477
0 0.288809 0.66884 0.0762837 0.297786 0.807648
0 0.755323 0.591269 0.0398306 0.223497 0.712933
0 0.698236 0.588533 0.0365831 0.223019 0.657096
0 0.643095 0.588847 0.0418331 0.208943 0.626726
0 0.534049 0.594258 0.0367776 0.189084 0.61739
0 0.828697 0.58731 0.0696518 0.242756 0.615911
0 0.485326 0.597202 0.0388698 0.179441 0.589929
0 0.146362 0.652921 0.0398667 0.270564 0.51051
0 0.505597 0.594068 0.0295744 0.17 0.377727
0 0.143624 0.602065 0.0433585 0.171722 0.208783
