0 0.247788 0.829498 0.0627418 0.199894 0.725759
0 0.52276 0.781243 0.109174 0.202232 0.718512
0 0.399532 0.501562 0.0651364 0.138798 0.58263
0 0.528286 0.532627 0.0813913 0.142711 0.578426
0 0.424969 0.774424 0.100561 0.198918 0.570982
0 0.34844 0.479913 0.0533495 0.136312 0.557472
0 0.344317 0.820172 0.0767862 0.194574 0.548814
0 0.10391 0.762495 0.0779136 0.192668 0.547942
0 0.605701 0.790417 0.0796303 0.179668 0.545763
0 0.815004 0.758316 0.0571752 0.185283 0.481238
0 0.307915 0.447142 0.0347503 0.13324 0.474117
0 0.176397 0.341907 0.0256495 0.102596 0.434136
0 0.44021 0.336553 0.0202556 0.110207 0.408445
0 0.658646 0.525146 0.0615601 0.146935 0.408215
0 0.0777809 0.428187 0.0318985 0.117896 0.407119
0 0.731473 0.782035 0.0722346 0.172177 0.400619
0 0.460389 0.528878 0.0728168 0.132115 0.398438
0 0.721023 0.515699 0.0455372 0.143825 0.396957
0 0.878969 0.711864 0.0635944 0.192437 0.394656
0 0.770837 0.494497 0.0552791 0.147528 0.377315
0 0.593585 0.524692 0.0663742 0.151155 0.372051
0 0.200131 0.318761 0.0234022 0.102046 0.357349
0 0.0345352 0.517593 0.0361831 0.137601 0.354616
0 0.164057 0.799253 0.0639537 0.194687 0.354051
0 0.105152 0.394126 0.0292861 0.115448 0.343058
0 0.663015 0.34537 0.0211689 0.112954 0.326633
0 0.232521 0.289984 0.0227843 0.0957522 0.292492
0 0.726775 0.519798 0.0333151 0.134998 0.280752
0 0.0169587 0.684669 0.0338997 0.14038 0.264968
0 0.929021 0.676661 0.0538311 0.178821 0.264811
0 0.466767 0.251768 0.0209751 0.0834649 0.261198
0 0.144133 0.362662 0.0354137 0.100116 0.253517
0 0.276689 0.421422 0.0341852 0.115874 0.253028
0 0.264618 0.266365 0.0209987 0.10025 0.252151
0 0.621479 0.417259 0.0436871 0.120283 0.252135
0 0.279355 0.34471 0.0232069 0.0929195 0.22359
0 0.601133 0.252448 0.0273186 0.0925835 0.223455
0 0.316091 0.301745 0.0206024 0.0922953 0.222297
0 0.753101 0.123082 0.0127674 0.0559924 0.219572
0 0.300507 0.316679 0.0217821 0.100872 0.216642
0 0.0477018 0.713407 0.0554492 0.177386 0.215874
0 0.807713 0.45714 0.0306093 0.15109 0.212567
0 0.367371 0.264683 0.0208637 0.0941363 0.200432
