0 0.202413 0.525951 0.212577 0.812595 0.9245
0 0.743797 0.511142 0.199107 0.811533 0.909497
0 0.480974 0.495971 0.145194 0.756497 0.898183
0 0.869118 0.407184 0.135634 0.599775 0.875177
0 0.364625 0.383547 0.111444 0.568064 0.873785
0 0.0920256 0.37527 0.0996451 0.565675 0.86208
0 0.691745 0.347047 0.108758 0.53535 0.799854
0 0.291835 0.347871 0.0915443 0.526911 0.75827
0 0.599144 0.28156 0.0711447 0.43304 0.696
0 0.533152 0.275727 0.062611 0.411512 0.606784
0 0.645042 0.299675 0.0708208 0.445121 0.60212
0 0.430543 0.178984 0.0685297 0.207267 0.525464
0 0.829545 0.170089 0.0592316 0.155409 0.500708
0 0.533072 0.210201 0.0613926 0.279865 0.343143
0 0.228417 0.202361 0.0637881 0.239484 0.283724
