0 0.358223 0.768057 0.273232 0.450316 0.906542
0 0.613005 0.798444 0.130942 0.393546 0.862002
0 0.0683688 0.799235 0.0967281 0.398798 0.811141
0 0.53246 0.805503 0.0752092 0.38318 0.770731
0 0.186175 0.784375 0.0950051 0.407689 0.729462
0 0.131436 0.75016 0.0580299 0.32026 0.725555
0 0.781104 0.806883 0.235173 0.375207 0.684631
0 0.0169385 0.779815 0.0338255 0.272656 0.617657
0 0.4575 0.729017 0.0371782 0.242981 0.613312
0 0.422817 0.723904 0.0569994 0.189443 0.551897
0 0.904385 0.757333 0.0371802 0.182896 0.549519
0 0.274154 0.724629 0.0718513 0.247633 0.510127
0 0.942383 0.793233 0.114478 0.396568 0.447406
0 0.0399559 0.63623 0.0506933 0.14114 0.437136
0 0.963669 0.802732 0.0715659 0.380267 0.408211
0 0.680746 0.340759 0.0313387 0.171418 0.354957
0 0.874883 0.818571 0.0383606 0.197145 0.331427
0 0.236637 0.701234 0.0443009 0.23084 0.330238
0 0.932439 0.764044 0.0319881 0.159127 0.262152
0 0.593362 0.363151 0.0788565 0.140072 0.240654
