0 0.816938 0.766629 0.0689942 0.40852
0 0.177376 0.7461 0.0622472 0.307012
0 0.749432 0.749096 0.0766556 0.427485
0 0.640688 0.750483 0.0683624 0.377756
0 0.274193 0.736636 0.0679404 0.323374
0 0.508183 0.741953 0.0710156 0.382975
0 0.237226 0.726933 0.0678778 0.338903
0 0.696978 0.759245 0.0549313 0.382037
0 0.572526 0.746195 0.0725987 0.365727
0 0.323596 0.739755 0.0644491 0.327866
0 0.433525 0.739813 0.0684153 0.349338
0 0.834586 0.694231 0.0464268 0.298955
0 0.382657 0.753588 0.0653897 0.329396
0 0.459959 0.735046 0.0561625 0.346072
