0 0.605846 0.745824 0.0824468 0.35984 0.866427
0 0.544039 0.757302 0.0494234 0.212538 0.812173
0 0.861131 0.743136 0.0251442 0.114527 0.750548
0 0.770955 0.751016 0.0254043 0.0915062 0.73252
0 0.740538 0.74724 0.037447 0.162686 0.701494
0 0.879684 0.747797 0.0209732 0.108386 0.697518
0 0.250889 0.759758 0.0302989 0.113186 0.69479
0 0.467364 0.801562 0.0434397 0.176712 0.687005
0 0.0719449 0.764468 0.0500672 0.161225 0.654076
0 0.0146392 0.758954 0.0292783 0.134666 0.648334
0 0.651883 0.757166 0.0201136 0.0714572 0.611539
0 0.487238 0.754522 0.0722046 0.240111 0.599584
0 0.691274 0.736279 0.0470975 0.175541 0.591386
0 0.277401 0.75491 0.0279478 0.118825 0.585109
0 0.299783 0.753496 0.0253201 0.119722 0.542009
0 0.173838 0.754088 0.0243033 0.110746 0.520215
0 0.146114 0.754841 0.0244461 0.10769 0.490357
0 0.122901 0.758003 0.024011 0.107182 0.478356
0 0.212859 0.751235 0.0354694 0.128441 0.441731
0 0.0317315 0.773828 0.0323735 0.104195 0.428354
0 0.695877 0.742896 0.0330172 0.161192 0.336032
0 0.716938 0.731704 0.020617 0.108343 0.304122
0 0.720018 0.730855 0.021442 0.118873 0.286746
0 0.483694 0.785263 0.0690695 0.196034 0.240782
0 0.192555 0.763714 0.0191901 0.0925064 0.201197
