0 0.750934 0.24391 0.102902 0.284035
0 0.909739 0.244677 0.117137 0.277638
0 0.829265 0.250847 0.0915752 0.268882
0 0.741857 0.593162 0.086556 0.256308
0 0.902355 0.588189 0.185543 0.268936
0 0.841956 0.576466 0.132072 0.271869
0 0.380242 0.848694 0.078681 0.288138
0 0.649187 0.240319 0.126723 0.285725
0 0.615167 0.595322 0.176169 0.255161
0 0.204431 0.841531 0.0623292 0.306349
0 0.842306 0.890366 0.0291063 0.0847924
0 0.257715 0.840006 0.0525168 0.28416
0 0.0910106 0.827432 0.0728574 0.293859
0 0.221156 0.292136 0.0309676 0.144442
0 0.656216 0.573044 0.117386 0.276114
0 0.964708 0.897195 0.025555 0.0869156
0 0.147448 0.839665 0.0607148 0.297693
0 0.196071 0.294508 0.031048 0.155228
0 0.302368 0.840129 0.0535319 0.261136
0 0.117642 0.36846 0.0633579 0.333144
0 0.943753 0.892104 0.021267 0.0862763
0 0.052484 0.373639 0.0698619 0.364196
0 0.55029 0.889167 0.041345 0.166302
0 0.664904 0.890262 0.0302409 0.0945863
0 0.167318 0.328497 0.0386934 0.233552
0 0.889696 0.554441 0.109494 0.213134
0 0.439174 0.803165 0.0438643 0.18751
0 0.809877 0.891147 0.0265877 0.0786749
0 0.347321 0.830531 0.0456737 0.239295
0 0.0786415 0.365348 0.0412329 0.305675
0 0.0163864 0.360448 0.0266493 0.333149
0 0.263812 0.288755 0.0324385 0.137788
0 0.650791 0.532322 0.111154 0.195459
0 0.392868 0.329876 0.039091 0.137812
0 0.87928 0.574731 0.130466 0.258381
