0 0.871321 0.536688 0.0794527 0.105295
0 0.795905 0.534172 0.065055 0.101297
0 0.961621 0.550846 0.0757484 0.090066
0 0.492878 0.531287 0.0783077 0.0919223
0 0.0910751 0.538895 0.116779 0.111889
0 0.371312 0.511794 0.061027 0.0787594
0 0.332352 0.509421 0.0516835 0.0713305
0 0.72001 0.532201 0.0686569 0.0942583
0 0.209793 0.524934 0.077553 0.092881
0 0.145524 0.531714 0.0723332 0.0870577
0 0.644703 0.522465 0.0750854 0.0963765
0 0.266689 0.51992 0.063844 0.0780052
0 0.718928 0.58933 0.0719345 0.209071
0 0.640984 0.58428 0.0863907 0.219697
