0 0.113692 0.609512 0.20454 0.65047 0.924218
0 0.883027 0.562932 0.136282 0.504886 0.912403
0 0.561209 0.528693 0.10968 0.481459 0.903543
0 0.344927 0.554766 0.113943 0.509058 0.900355
0 0.200959 0.557976 0.109894 0.551464 0.871461
0 0.676453 0.504917 0.0985717 0.426048 0.860232
0 0.795683 0.514411 0.0810871 0.418017 0.843917
0 0.620235 0.467608 0.0565168 0.281136 0.752199
0 0.0298891 0.566004 0.0594874 0.463407 0.680698
0 0.982979 0.39401 0.0292156 0.113779 0.609381
0 0.959663 0.392164 0.0315573 0.122322 0.558316
0 0.933303 0.38922 0.0360347 0.117833 0.218312
