0 0.843362 0.613807 0.161394 0.755305 0.885495
0 0.940964 0.617302 0.116236 0.209101 0.849161
0 0.567198 0.65357 0.118777 0.657855 0.836032
0 0.687831 0.64336 0.146166 0.686028 0.830392
0 0.160606 0.633144 0.063052 0.338715 0.730005
0 0.227978 0.601072 0.0744281 0.424269 0.715242
0 0.433062 0.655069 0.0847726 0.56898 0.67939
0 0.312104 0.610711 0.0695422 0.44566 0.637825
0 0.363041 0.63326 0.0834561 0.466831 0.542204
0 0.496048 0.659855 0.0920568 0.578735 0.449475
0 0.26847 0.611095 0.0597758 0.400655 0.389208
0 0.296475 0.614595 0.0983097 0.432572 0.204066
