0 0.876825 0.62427 0.24569 0.662268
0 0.35283 0.632574 0.208933 0.588638
0 0.12 0.651284 0.144688 0.3838
0 0.493067 0.639169 0.135816 0.413802
0 0.829226 0.628388 0.145643 0.425145
0 0.233152 0.655603 0.0678124 0.22857
0 0.791297 0.616043 0.0798137 0.350831
0 0.610998 0.63634 0.0433435 0.207625
0 0.0797004 0.679578 0.0567294 0.186119
0 0.0082708 0.660958 0.0164755 0.266097
0 0.544557 0.63118 0.0502125 0.322625
0 0.321138 0.661724 0.053637 0.275364
0 0.211918 0.657541 0.0378294 0.177684
0 0.576298 0.627618 0.0439942 0.278865
0 0.306219 0.659676 0.0844966 0.274239
0 0.0507839 0.670525 0.0401346 0.172949
