0 0.750067 0.524664 0.308496 0.938685 0.911613
0 0.161976 0.599568 0.17416 0.584728 0.881715
0 0.949218 0.585392 0.100737 0.558077 0.861804
0 0.0465897 0.52876 0.091474 0.518952 0.830796
0 0.365101 0.599541 0.293531 0.777486 0.824066
0 0.868321 0.48791 0.0965023 0.668052 0.63709
0 0.555322 0.580159 0.0841631 0.428137 0.618287
0 0.495037 0.506125 0.114546 0.512901 0.450272
0 0.606909 0.504798 0.11535 0.560931 0.409411
0 0.239373 0.479949 0.0925834 0.492 0.354342
0 0.980084 0.270839 0.0388813 0.122078 0.350917
0 0.951683 0.262882 0.0491621 0.115017 0.328613
0 0.0955217 0.365493 0.0409836 0.120994 0.2981
0 0.455098 0.360719 0.0511631 0.154582 0.283404
0 0.586016 0.329069 0.0734632 0.210438 0.282106
0 0.270798 0.477167 0.112113 0.498779 0.266555
0 0.52962 0.294298 0.0652527 0.143608 0.242147
0 0.980261 0.318123 0.0390552 0.218395 0.221821
0 0.253659 0.323698 0.0620502 0.182392 0.212956
0 0.445011 0.301686 0.0736536 0.159565 0.21245
0 0.312913 0.600863 0.194545 0.763665 0.204228
