0 0.298988 0.529621 0.196002 0.644046 0.893013
0 0.87549 0.442605 0.0753929 0.313103 0.69174
0 0.438876 0.39435 0.111173 0.332811 0.66294
0 0.179137 0.385092 0.0796161 0.330621 0.655581
0 0.688641 0.443951 0.0878186 0.423118 0.634983
0 0.61242 0.412063 0.0800104 0.320926 0.632361
0 0.0569197 0.376375 0.0710088 0.325671 0.612408
0 0.49572 0.410229 0.0732493 0.31582 0.567987
0 0.109321 0.379428 0.0630189 0.313216 0.431269
0 0.0180894 0.376362 0.036035 0.313174 0.378207
0 0.540908 0.399735 0.0556385 0.300327 0.334889
0 0.834273 0.424978 0.0492981 0.301401 0.31648
0 0.774548 0.384434 0.0610621 0.237448 0.3041
