0 0.659158 0.561399 0.0272702 0.143383
0 0.479659 0.615029 0.041608 0.173064
0 0.568621 0.65487 0.0450445 0.186084
0 0.367724 0.551725 0.0334648 0.142566
0 0.415744 0.576613 0.0363229 0.155123
0 0.748745 0.590044 0.0314035 0.157941
0 0.184888 0.440058 0.0186332 0.0768447
0 0.272733 0.434935 0.0184937 0.0694101
0 0.248768 0.446252 0.0158462 0.0804904
0 0.593156 0.49034 0.0203986 0.0352786
0 0.536029 0.47318 0.0200586 0.0369995
0 0.924154 0.466411 0.0145638 0.0755707
0 0.320322 0.391133 0.0108067 0.0404413
0 0.152115 0.406335 0.0144045 0.0558871
