0 0.062385 0.639064 0.102579 0.300418
0 0.25642 0.666775 0.0920118 0.345857
0 0.773048 0.548101 0.0842743 0.485516
0 0.49255 0.708232 0.0990164 0.34165
0 0.118283 0.492729 0.0692767 0.417945
0 0.406865 0.519455 0.0700807 0.436742
0 0.928224 0.586865 0.0874046 0.458794
0 0.316329 0.520903 0.0757522 0.413773
0 0.195726 0.516258 0.0648816 0.392784
0 0.525411 0.510311 0.0803377 0.443332
0 0.649383 0.548778 0.0696356 0.430568
0 0.580548 0.489382 0.0727435 0.450319
0 0.979065 0.517468 0.0414394 0.279282
0 0.4666 0.475966 0.0606696 0.413375
0 0.732298 0.739098 0.0849566 0.378342
0 0.688097 0.492577 0.0573429 0.452202
0 0.0486394 0.491979 0.0783336 0.290989
0 0.969037 0.344154 0.0614342 0.205951
0 0.279985 0.434857 0.0513381 0.341097
0 0.376707 0.477365 0.0473182 0.427829
0 0.901962 0.503 0.0608099 0.471922
