0 0.514875 0.548914 0.464472 0.71082 0.896413
0 0.031639 0.566823 0.0617034 0.159409 0.738502
0 0.885135 0.524788 0.0382359 0.179277 0.7279
0 0.179932 0.534929 0.0519834 0.189216 0.668568
0 0.263239 0.546618 0.0502667 0.238089 0.659112
0 0.821934 0.487576 0.019648 0.0991635 0.441017
0 0.709515 0.514376 0.0300566 0.144448 0.353844
0 0.139775 0.546392 0.0310952 0.190878 0.296233
0 0.23186 0.511615 0.0236446 0.127166 0.276485
0 0.682047 0.506797 0.0304333 0.12122 0.249542
0 0.802789 0.503885 0.0205058 0.117613 0.23619
0 0.963182 0.538756 0.030196 0.142087 0.210137
0 0.851657 0.477562 0.0161018 0.0777298 0.202821
