0 0.489818 0.483056 0.0852602 0.373489
0 0.319425 0.484173 0.0957243 0.375158
0 0.251699 0.480445 0.0655289 0.364644
0 0.154521 0.512006 0.0833466 0.388913
0 0.855449 0.452969 0.038076 0.130486
0 0.411538 0.498334 0.0851254 0.375208
0 0.799399 0.459467 0.0272192 0.115652
0 0.571622 0.458149 0.0244425 0.108093
0 0.652442 0.456977 0.023731 0.129313
0 0.913333 0.427686 0.0234176 0.062143
0 0.936702 0.428634 0.0277561 0.0467853
0 0.636923 0.466425 0.0216223 0.111512
0 0.195814 0.477689 0.0565926 0.38174
0 0.765284 0.457737 0.0337725 0.125281
0 0.19599 0.399156 0.0560603 0.223239
0 0.192884 0.486989 0.0417107 0.342268
