0 0.0665125 0.693352 0.0966078 0.436955 0.812189
0 0.153725 0.706709 0.0981311 0.402822 0.809332
0 0.25128 0.708554 0.0796946 0.397636 0.781498
0 0.33297 0.710189 0.0943921 0.39241 0.752086
0 0.431317 0.700487 0.0904192 0.411582 0.714014
0 0.975459 0.720608 0.048594 0.36942 0.689414
0 0.673953 0.697768 0.0882684 0.409194 0.608222
0 0.512666 0.711369 0.0781491 0.384672 0.607162
0 0.585789 0.703815 0.0820109 0.40184 0.570421
0 0.835709 0.683244 0.0597267 0.206835 0.565768
0 0.88718 0.711477 0.0700733 0.386188 0.520397
0 0.778984 0.655105 0.0742461 0.273044 0.50734
0 0.931589 0.741982 0.0597511 0.332807 0.328386
0 0.202704 0.722862 0.0360965 0.340925 0.295824
0 0.378127 0.724815 0.0391898 0.346979 0.201342
