0 0.736447 0.395163 0.0662502 0.336988
0 0.0576094 0.348661 0.0496204 0.265315
0 0.238034 0.682346 0.0886575 0.397582
0 0.599038 0.625748 0.173153 0.366308
0 0.465602 0.720222 0.0894751 0.413968
0 0.883486 0.380022 0.057573 0.285042
0 0.386798 0.579048 0.0784828 0.496813
0 0.178418 0.341097 0.0501275 0.244359
0 0.933998 0.385211 0.0474106 0.263786
0 0.977282 0.387296 0.0422543 0.265064
0 0.122246 0.336323 0.0467942 0.25237
0 0.1559 0.60919 0.0924133 0.293185
0 0.646648 0.338682 0.0533958 0.249213
0 0.836011 0.370653 0.0512199 0.285326
0 0.523674 0.315578 0.0483223 0.203128
0 0.291012 0.561928 0.0766531 0.469909
0 0.269532 0.228989 0.0493034 0.217136
0 0.622016 0.297434 0.0240945 0.183576
0 0.143325 0.560441 0.0639306 0.192716
0 0.339382 0.56967 0.0463522 0.351564
0 0.471868 0.26628 0.0392842 0.128059
0 0.43428 0.306057 0.0523304 0.191532
