0 0.0822605 0.789719 0.0856481 0.279306 0.616032
0 0.166215 0.788527 0.0724673 0.274961 0.528843
0 0.30889 0.7742 0.0723827 0.303797 0.527699
0 0.236058 0.793213 0.0666307 0.263806 0.505897
0 0.94351 0.774091 0.105331 0.326095 0.482188
0 0.447998 0.468843 0.0663269 0.189376 0.464295
0 0.170445 0.698423 0.06436 0.0952498 0.449781
0 0.80295 0.698424 0.0732702 0.102603 0.439116
0 0.723985 0.69058 0.0696225 0.118293 0.398138
0 0.236506 0.705658 0.0661559 0.0904217 0.389106
0 0.0852036 0.691233 0.0770829 0.0822696 0.38859
0 0.434532 0.696636 0.0651529 0.098921 0.369902
0 0.662826 0.69147 0.0587904 0.114941 0.343652
0 0.218188 0.661855 0.0319587 0.130832 0.332543
0 0.572474 0.694864 0.0654394 0.105159 0.315755
0 0.943564 0.683236 0.106671 0.143124 0.313882
