0 0.643499 0.507196 0.115628 0.402198 0.774226
0 0.899536 0.571689 0.15031 0.452953 0.730566
0 0.269317 0.457657 0.0625649 0.281976 0.694603
0 0.467237 0.48555 0.0821526 0.364506 0.641399
0 0.365481 0.475375 0.0923707 0.310573 0.590073
0 0.205627 0.42157 0.0352928 0.175573 0.574257
0 0.0897537 0.437245 0.0425796 0.197909 0.528969
0 0.140593 0.443461 0.0530694 0.224179 0.522692
0 0.537464 0.430825 0.0799018 0.286482 0.480112
0 0.4522 0.471585 0.114349 0.398867 0.393796
0 0.0512771 0.451477 0.0365592 0.13753 0.338189
0 0.300693 0.421135 0.0387593 0.201398 0.328434
0 0.00929191 0.448359 0.0185058 0.123302 0.327076
0 0.56866 0.391292 0.0363704 0.190626 0.30856
