0 0.101398 0.631584 0.0796153 0.336265
0 0.0321405 0.610063 0.0640617 0.269841
0 0.760256 0.664263 0.118883 0.424471
0 0.335142 0.610364 0.0585552 0.269193
0 0.914737 0.692806 0.0888016 0.458168
0 0.183948 0.63235 0.0576162 0.275523
0 0.272698 0.613347 0.050961 0.240352
0 0.435827 0.638681 0.0587889 0.267475
0 0.602938 0.651386 0.0659843 0.318577
0 0.965267 0.652161 0.0645847 0.392098
0 0.852709 0.628222 0.0763524 0.344399
0 0.213466 0.609375 0.0487943 0.246758
0 0.700962 0.601316 0.0520977 0.226729
0 0.652541 0.623048 0.0565412 0.253305
