0 0.178272 0.54992 0.0923259 0.361363
0 0.873553 0.539088 0.069072 0.350728
0 0.0328438 0.525522 0.0656337 0.339863
0 0.374359 0.546681 0.106954 0.418872
0 0.488892 0.543784 0.109568 0.409967
0 0.241206 0.514196 0.076345 0.344953
0 0.77303 0.534427 0.0854233 0.363647
0 0.289895 0.528925 0.0713548 0.312443
0 0.95733 0.536805 0.0611319 0.300846
0 0.103036 0.528985 0.0630387 0.305111
0 0.650051 0.525086 0.0683321 0.380395
0 0.614687 0.522097 0.0576897 0.364557
0 0.92209 0.541137 0.0553867 0.298231
0 0.832222 0.521736 0.069984 0.323699
