0 0.643818 0.551504 0.281308 0.872952
0 0.94713 0.366798 0.104743 0.704127
0 0.437527 0.539401 0.204574 0.904522
0 0.250843 0.562574 0.206281 0.851931
0 0.13785 0.531626 0.161652 0.869561
0 0.831067 0.427876 0.156604 0.807691
0 0.535167 0.255208 0.0803228 0.336198
0 0.197986 0.187021 0.0660556 0.220176
0 0.307436 0.165063 0.121062 0.317141
0 0.0645619 0.425383 0.12719 0.754795
0 0.609401 0.200465 0.0724169 0.19792
0 0.23887 0.128604 0.0583824 0.135439
0 0.473511 0.195451 0.0634246 0.220098
0 0.065884 0.312501 0.131768 0.550602
0 0.915679 0.130851 0.0578859 0.221529
