0 0.763562 0.853657 0.156149 0.28659 0.890033
0 0.944704 0.846244 0.110033 0.302454 0.864458
0 0.354275 0.870529 0.127828 0.253006 0.858064
0 0.65034 0.855747 0.116488 0.282719 0.821725
0 0.567428 0.88324 0.151462 0.224517 0.778769
0 0.0235286 0.882811 0.0466023 0.228328 0.778613
0 0.863707 0.883961 0.0448647 0.225981 0.58315
0 0.237527 0.885094 0.0400211 0.196666 0.504695
0 0.439838 0.820772 0.0359308 0.155497 0.432469
0 0.193839 0.891555 0.0461087 0.211916 0.378007
0 0.135591 0.895043 0.0433827 0.207073 0.365463
