0 0.881154 0.498489 0.0690681 0.368209 0.737377
0 0.113282 0.479982 0.0544828 0.319116 0.61263
0 0.440002 0.548739 0.0680177 0.280073 0.574006
0 0.289822 0.539898 0.0807506 0.285179 0.566117
0 0.0753738 0.471247 0.050436 0.323293 0.565514
0 0.367165 0.550025 0.0693482 0.263564 0.555125
0 0.826393 0.508382 0.06028 0.350334 0.524208
0 0.779809 0.504633 0.0544827 0.330582 0.483572
0 0.734686 0.501795 0.0616732 0.345659 0.470059
0 0.187353 0.473081 0.0560536 0.339792 0.468228
0 0.668831 0.564442 0.0716129 0.273988 0.468017
0 0.591445 0.558752 0.0713798 0.284167 0.4585
0 0.515809 0.555904 0.0761273 0.273635 0.457884
0 0.239607 0.480825 0.0661469 0.332012 0.336935
0 0.151958 0.473584 0.0458516 0.326865 0.314991
