0 0.11894 0.601595 0.0618029 0.28685
0 0.410459 0.542334 0.045992 0.0903182
0 0.451645 0.542057 0.0391533 0.090063
0 0.48963 0.548672 0.0425859 0.0818746
0 0.895343 0.533999 0.0389183 0.0840467
0 0.618786 0.542363 0.0418995 0.0728828
0 0.65665 0.541624 0.0332619 0.0756277
0 0.732357 0.537683 0.0334379 0.0923155
0 0.86116 0.542046 0.0361261 0.0791174
0 0.786481 0.543088 0.0365021 0.0803864
0 0.0597997 0.621519 0.0777846 0.256069
0 0.544781 0.546569 0.0305104 0.0732002
0 0.215896 0.542525 0.0414807 0.0774351
