0 0.872723 0.849393 0.0733482 0.298343 0.852854
0 0.689709 0.845865 0.0856219 0.30041 0.838123
0 0.972802 0.843829 0.0534271 0.300107 0.715755
0 0.828846 0.842622 0.0603898 0.310557 0.709825
0 0.40489 0.811134 0.0461408 0.263551 0.687511
0 0.513754 0.767011 0.0290538 0.1524 0.687029
0 0.437757 0.773956 0.0262107 0.145826 0.665662
0 0.462554 0.764425 0.0273063 0.142386 0.560619
0 0.553355 0.813547 0.0328313 0.102793 0.507224
0 0.38162 0.7399 0.0191067 0.0959868 0.471841
0 0.934709 0.793801 0.0417482 0.183167 0.399445
0 0.778246 0.802584 0.0324185 0.133649 0.318006
0 0.740474 0.77068 0.0297008 0.141133 0.317426
