0 0.541527 0.639416 0.129227 0.453361 0.816886
0 0.702583 0.665113 0.145092 0.557104 0.797466
0 0.27812 0.527588 0.0592131 0.287025 0.567476
0 0.647819 0.633337 0.0683752 0.429096 0.536958
0 0.196132 0.499875 0.0321296 0.1551 0.463998
0 0.24852 0.521463 0.0429586 0.275976 0.448858
0 0.360586 0.582304 0.0694234 0.336062 0.41652
0 0.431768 0.610427 0.0461487 0.372258 0.383126
0 0.329144 0.549648 0.057726 0.322945 0.370783
0 0.410884 0.598383 0.079726 0.365228 0.355701
0 0.115909 0.496149 0.0186261 0.151983 0.344466
0 0.47688 0.613695 0.0897083 0.445273 0.327935
