0 0.938108 0.760161 0.122738 0.468352
0 0.819007 0.757337 0.110676 0.471046
0 0.503049 0.772135 0.101156 0.439745
0 0.129515 0.743773 0.103497 0.478303
0 0.709573 0.756138 0.112354 0.473793
0 0.309912 0.756057 0.0972374 0.470333
0 0.0416744 0.752734 0.0832709 0.450971
0 0.604499 0.762506 0.101538 0.470913
0 0.226562 0.77031 0.0892375 0.428971
0 0.40139 0.774142 0.109228 0.44676
0 0.0363249 0.517645 0.0724076 0.144862
0 0.713343 0.535306 0.0855785 0.140663
0 0.924997 0.553201 0.103454 0.199218
0 0.445355 0.554008 0.0778939 0.203023
0 0.113407 0.527438 0.0813411 0.146666
0 0.809967 0.53634 0.0878128 0.147232
0 0.35615 0.557178 0.0631398 0.177139
0 0.528042 0.552095 0.0835133 0.216116
0 0.613627 0.553278 0.0965733 0.197964
