0 0.232637 0.753409 0.0703744 0.230159
0 0.505574 0.784964 0.0800936 0.370649
0 0.389697 0.730314 0.0624499 0.326812
0 0.596672 0.752016 0.0600313 0.289358
0 0.0203436 0.709442 0.0354335 0.121037
0 0.185685 0.741407 0.0496499 0.187626
0 0.329103 0.720152 0.0501555 0.225046
0 0.721635 0.701748 0.0570503 0.207443
0 0.0748812 0.709389 0.0424465 0.187531
0 0.757217 0.679485 0.0478069 0.19805
0 0.810238 0.662237 0.0356781 0.147383
0 0.665131 0.731662 0.0496599 0.231592
0 0.0495356 0.698412 0.0287915 0.110486
0 0.551959 0.700568 0.0415093 0.214386
0 0.867958 0.705953 0.0483348 0.230154
0 0.361663 0.700089 0.0331841 0.168507
0 0.620766 0.684715 0.0327335 0.180221
0 0.432939 0.697575 0.0453156 0.183094
