0 0.433681 0.624809 0.0955175 0.420524
0 0.530734 0.570172 0.0856077 0.382268
0 0.322434 0.609258 0.111062 0.405916
0 0.246083 0.595912 0.0760582 0.350298
0 0.0290943 0.495206 0.0580503 0.160399
0 0.580973 0.540427 0.0575876 0.296334
0 0.207079 0.5882 0.0722988 0.341602
0 0.657234 0.53982 0.0650213 0.259088
0 0.873796 0.476378 0.042952 0.141281
0 0.152485 0.475251 0.0237525 0.110297
0 0.838203 0.484853 0.0342933 0.150575
0 0.365413 0.562135 0.0682919 0.304389
0 0.97984 0.464111 0.0308781 0.124249
0 0.745582 0.493936 0.0453154 0.220728
0 0.810699 0.488804 0.0365879 0.155203
0 0.771179 0.489412 0.0314126 0.143291
