0 0.0772801 0.706231 0.153782 0.534837 0.922581
0 0.778588 0.654642 0.0882307 0.327934 0.856234
0 0.504858 0.631865 0.0737204 0.370734 0.809366
0 0.431462 0.723877 0.0633325 0.252034 0.78839
0 0.859843 0.745055 0.0609535 0.265639 0.750387
0 0.892207 0.666143 0.055642 0.341954 0.738337
0 0.375312 0.637781 0.0770407 0.470318 0.720218
0 0.591347 0.648846 0.068994 0.342554 0.719245
0 0.312107 0.64641 0.0591282 0.425211 0.587873
0 0.934544 0.505148 0.0469335 0.136172 0.519514
0 0.42512 0.547188 0.044131 0.150778 0.463958
0 0.885533 0.495217 0.0759304 0.15486 0.409836
0 0.767582 0.49009 0.040057 0.0912678 0.399028
0 0.548999 0.638234 0.0452464 0.252095 0.367414
0 0.816438 0.513716 0.0410155 0.128892 0.318855
