0 0.456694 0.516931 0.162805 0.318926 0.899348
0 0.75425 0.568871 0.341325 0.413684 0.893133
0 0.302663 0.498619 0.104839 0.260342 0.880531
0 0.171211 0.478721 0.0948743 0.227371 0.871372
0 0.652863 0.499432 0.140045 0.253031 0.734264
0 0.357952 0.46883 0.0375566 0.181312 0.634884
0 0.556703 0.47013 0.0539409 0.195339 0.531651
0 0.940281 0.460538 0.0271755 0.120425 0.490548
0 0.914355 0.46413 0.0387463 0.129734 0.45376
0 0.384522 0.450104 0.034653 0.133192 0.395499
0 0.992862 0.472212 0.0135475 0.111695 0.384044
0 0.0169573 0.419761 0.0231766 0.08051 0.349766
