0 0.881312 0.573193 0.106171 0.505273
0 0.570334 0.613564 0.146651 0.526205
0 0.170233 0.561995 0.104675 0.461967
0 0.283581 0.552382 0.0999746 0.504331
0 0.715538 0.611642 0.155955 0.514107
0 0.463865 0.652372 0.125471 0.589636
0 0.782471 0.57055 0.0737291 0.490539
0 0.956583 0.530523 0.0822035 0.422653
0 0.975214 0.700404 0.0486965 0.581727
0 0.661304 0.53625 0.0773499 0.414284
0 0.331219 0.506525 0.0653394 0.360906
0 0.407905 0.584658 0.0618543 0.495333
0 0.577897 0.306801 0.0490456 0.107058
