0 0.123532 0.537356 0.070652 0.279624 0.875054
0 0.702879 0.533519 0.0452203 0.266724 0.822585
0 0.366923 0.535657 0.0730998 0.269785 0.820427
0 0.239135 0.521509 0.0674891 0.222176 0.813695
0 0.437643 0.539988 0.0647287 0.248064 0.806565
0 0.664134 0.526833 0.0581019 0.27443 0.803568
0 0.541716 0.535936 0.0730629 0.279239 0.771509
0 0.582676 0.539873 0.0382773 0.240484 0.636935
0 0.626304 0.542327 0.0457117 0.234402 0.585301
0 0.780195 0.468604 0.0279143 0.122599 0.58315
0 0.747581 0.473987 0.0242466 0.101464 0.421826
0 0.934598 0.480683 0.0240427 0.132941 0.301685
