0 0.682118 0.834174 0.0573883 0.232827 0.806557
0 0.363077 0.831884 0.0442758 0.196344 0.718529
0 0.605525 0.853107 0.0596887 0.202887 0.717817
0 0.238378 0.824663 0.0362045 0.127819 0.678854
0 0.483915 0.826674 0.0493035 0.183564 0.650996
0 0.776188 0.786123 0.0263505 0.105099 0.574626
0 0.394049 0.81286 0.0334056 0.127956 0.563533
0 0.528874 0.823396 0.050706 0.186625 0.526495
0 0.269214 0.821326 0.0264493 0.134254 0.472905
0 0.903022 0.78736 0.0381287 0.130691 0.413175
0 0.289868 0.820097 0.0330312 0.1449 0.400551
0 0.420871 0.811902 0.0331563 0.132991 0.399977
0 0.858868 0.79243 0.0260864 0.0837229 0.393496
0 0.802334 0.787866 0.0272317 0.100365 0.34255
0 0.896124 0.78759 0.0374616 0.131563 0.341812
0 0.124643 0.779402 0.0154708 0.0532963 0.301571
