0 0.778556 0.554638 0.325869 0.508565
0 0.361424 0.530527 0.138974 0.515574
0 0.658428 0.501448 0.200575 0.608565
0 0.189179 0.727635 0.270715 0.268907
0 0.46885 0.705526 0.333227 0.378694
0 0.915901 0.159103 0.0501213 0.198257
0 0.28737 0.488404 0.143163 0.477677
0 0.71629 0.25312 0.102289 0.23038
0 0.160464 0.45296 0.140017 0.35951
0 0.502334 0.587904 0.109135 0.341194
0 0.858205 0.124546 0.0351311 0.165259
0 0.41135 0.466383 0.0822773 0.532538
0 0.225509 0.259282 0.0927085 0.203988
0 0.121472 0.294509 0.111591 0.223307
0 0.559052 0.380415 0.0797211 0.390402
0 0.881047 0.146529 0.0343086 0.169374
0 0.495751 0.518804 0.106199 0.452619
0 0.179786 0.467582 0.181709 0.402528
0 0.716326 0.470142 0.110821 0.657168
