0 0.932629 0.560611 0.0572926 0.329226
0 0.877131 0.579986 0.072031 0.350559
0 0.80899 0.586595 0.0712008 0.416081
0 0.195324 0.583681 0.0912703 0.381921
0 0.443287 0.562603 0.0618771 0.288657
0 0.321584 0.561697 0.077752 0.346401
0 0.601543 0.544527 0.0513417 0.233073
0 0.762616 0.514878 0.0393827 0.200491
0 0.528134 0.553139 0.0494787 0.253239
0 0.247029 0.569805 0.0462919 0.267706
0 0.130971 0.566773 0.0439025 0.277499
0 0.490464 0.544393 0.0482797 0.247387
0 0.718503 0.528528 0.0568191 0.19453
0 0.556331 0.541073 0.0358118 0.222015
0 0.3785 0.561208 0.0525909 0.253499
0 0.658925 0.532111 0.0452909 0.215473
0 0.283719 0.573613 0.0488582 0.28933
0 0.40726 0.563518 0.0403198 0.270949
