0 0.719109 0.767449 0.139226 0.454743
0 0.380357 0.723079 0.0623723 0.249691
0 0.800072 0.765729 0.0604721 0.301063
0 0.477872 0.717051 0.0510416 0.204596
0 0.014113 0.779828 0.0280146 0.306396
0 0.832841 0.702239 0.0406014 0.188001
0 0.601406 0.704276 0.0395081 0.178595
0 0.985011 0.782977 0.0293601 0.419821
0 0.211368 0.722702 0.0532685 0.216674
0 0.433393 0.693436 0.0408098 0.142758
0 0.528628 0.693355 0.0348085 0.153214
0 0.56597 0.707021 0.040074 0.16931
0 0.989667 0.790915 0.0201618 0.411422
0 0.16796 0.713163 0.0499776 0.189836
0 0.30342 0.686374 0.0348264 0.133948
0 0.633682 0.682192 0.0272783 0.0894735
