0 0.858023 0.601573 0.14969 0.584374 0.898592
0 0.469726 0.602821 0.101111 0.509336 0.893532
0 0.588911 0.62401 0.131964 0.582433 0.88228
0 0.963006 0.559682 0.0731051 0.46804 0.876728
0 0.31813 0.608009 0.0980269 0.449797 0.861204
0 0.189942 0.534485 0.0571207 0.226814 0.847417
0 0.0303668 0.609236 0.0604144 0.401728 0.762782
0 0.672074 0.548875 0.063853 0.338367 0.762338
0 0.747872 0.562704 0.0732079 0.370601 0.736929
0 0.40086 0.574165 0.101946 0.395146 0.733768
0 0.705594 0.503524 0.041308 0.271464 0.355948
