0 0.0699548 0.483463 0.0890001 0.296448
0 0.456046 0.563392 0.145131 0.468492
0 0.326323 0.532904 0.089559 0.40269
0 0.184136 0.498339 0.0849836 0.36146
0 0.907342 0.491539 0.0560791 0.228791
0 0.673207 0.503055 0.0797193 0.280997
0 0.587373 0.478792 0.0563808 0.227619
0 0.267909 0.45606 0.0511726 0.236723
0 0.790412 0.48432 0.0490819 0.198013
0 0.223039 0.470238 0.0470746 0.272524
0 0.554515 0.457749 0.0497434 0.194008
0 0.520081 0.432054 0.042355 0.147364
0 0.00939996 0.459653 0.0187999 0.179765
0 0.706839 0.473096 0.0422172 0.187786
