0 0.42043 0.646644 0.140715 0.310759 0.910492
0 0.131599 0.565535 0.0436295 0.0798028 0.731939
0 0.307543 0.563027 0.0457809 0.0660267 0.68157
0 0.251467 0.558128 0.0362944 0.0720858 0.62668
0 0.516749 0.550404 0.0166787 0.0366736 0.566139
0 0.611461 0.549082 0.0213412 0.0396512 0.522128
0 0.101215 0.55604 0.0209559 0.0500422 0.501786
0 0.290173 0.560788 0.0253657 0.0649678 0.412049
0 0.218021 0.552571 0.0240319 0.0405161 0.405762
0 0.191148 0.552152 0.0210675 0.0387875 0.364096
0 0.34434 0.55502 0.0346855 0.0616087 0.357993
