0 0.170428 0.63613 0.118407 0.583277
0 0.0732214 0.64732 0.11872 0.563149
0 0.489915 0.621447 0.110202 0.609494
0 0.334802 0.643557 0.105865 0.561787
0 0.253371 0.642687 0.0893798 0.574662
0 0.75519 0.63792 0.101058 0.521879
0 0.40119 0.647262 0.0787812 0.564268
0 0.825531 0.560888 0.102634 0.476062
0 0.665854 0.627393 0.0953737 0.519989
0 0.89217 0.583246 0.0973884 0.443914
0 0.568865 0.632092 0.0865207 0.56999
0 0.144061 0.358611 0.0892779 0.261085
0 0.959381 0.260637 0.0772675 0.352198
0 0.960075 0.63189 0.0787052 0.591744
