0 0.677777 0.870218 0.0583506 0.216464 0.815637
0 0.402407 0.867694 0.0509795 0.182981 0.737196
0 0.858805 0.863606 0.0343124 0.155668 0.729201
0 0.890924 0.869829 0.0414592 0.155149 0.729167
0 0.959052 0.883254 0.0803097 0.229897 0.697832
0 0.161406 0.830032 0.0304312 0.11843 0.661815
0 0.632095 0.865122 0.0357252 0.212566 0.651717
0 0.722446 0.847986 0.0352825 0.155555 0.649193
0 0.137251 0.83741 0.0252672 0.106855 0.636661
0 0.222817 0.814217 0.0216826 0.112405 0.537857
0 0.75121 0.851177 0.0337192 0.140092 0.533625
0 0.810493 0.860544 0.0297009 0.153362 0.510544
0 0.194959 0.835394 0.0192068 0.0721627 0.505419
0 0.796937 0.857386 0.0290276 0.145742 0.40063
0 0.237159 0.819581 0.0196839 0.0939041 0.376833
0 0.103809 0.794542 0.0207355 0.0454499 0.356454
