0 0.319545 0.387615 0.150337 0.660117
0 0.702443 0.652216 0.108723 0.603704
0 0.537045 0.589596 0.0828967 0.36514
0 0.142202 0.595045 0.0810682 0.250065
0 0.0474615 0.322237 0.0463505 0.0672994
0 0.784867 0.584059 0.0666069 0.345815
0 0.902866 0.564595 0.0620903 0.342708
0 0.954325 0.583257 0.0560345 0.299349
0 0.10795 0.530293 0.0485532 0.178334
0 0.150758 0.470992 0.0450187 0.116158
0 0.429914 0.519612 0.0552806 0.226661
0 0.368419 0.581192 0.082167 0.261488
0 0.385551 0.498845 0.0524396 0.141961
0 0.626541 0.601621 0.0846458 0.363586
0 0.243075 0.523171 0.0572 0.181552
