0 0.278822 0.477063 0.071935 0.270548
0 0.926826 0.465467 0.0422001 0.215465
0 0.962036 0.474384 0.0395311 0.192866
0 0.892021 0.474337 0.0371246 0.205595
0 0.508889 0.502001 0.0381903 0.200172
0 0.620825 0.486198 0.0331899 0.221542
0 0.451513 0.488262 0.0393268 0.231659
0 0.192238 0.499457 0.0624771 0.233309
0 0.64993 0.50026 0.0312771 0.187053
0 0.242219 0.473175 0.0493607 0.280798
0 0.426836 0.506228 0.0258123 0.19518
0 0.381498 0.49259 0.0504882 0.237077
0 0.540788 0.491298 0.031832 0.218264
0 0.58642 0.498846 0.0312549 0.197368
0 0.716358 0.503069 0.0309926 0.173021
0 0.692011 0.481752 0.0349008 0.209242
0 0.759244 0.485046 0.0340223 0.193935
