0 0.125555 0.547831 0.131887 0.475809 0.890045
0 0.613685 0.626524 0.13125 0.555949 0.878615
0 0.717563 0.676884 0.162515 0.612491 0.870232
0 0.968142 0.668774 0.0631403 0.33435 0.866552
0 0.367636 0.602836 0.10472 0.486064 0.8564
0 0.488931 0.611384 0.148321 0.489223 0.856019
0 0.0547762 0.278416 0.0460165 0.174461 0.697348
0 0.814722 0.343616 0.0415856 0.190893 0.65026
0 0.00871834 0.296769 0.0173797 0.123018 0.445181
0 0.624026 0.331592 0.0569643 0.190697 0.381816
0 0.378472 0.344878 0.0395025 0.127659 0.326153
