0 0.944777 0.790806 0.078405 0.417301 0.770955
0 0.352771 0.771902 0.0614631 0.361164 0.747143
0 0.445358 0.784614 0.0803135 0.393634 0.663107
0 0.659303 0.562614 0.0408073 0.212575 0.644085
0 0.847498 0.794241 0.099357 0.405988 0.635015
0 0.570187 0.781097 0.0887937 0.394268 0.605442
0 0.52667 0.570333 0.0466099 0.219841 0.593513
0 0.695998 0.565976 0.0359468 0.190779 0.542882
0 0.465422 0.556626 0.0408152 0.243927 0.533578
0 0.349697 0.546009 0.0384471 0.215272 0.524898
0 0.732018 0.563004 0.0375371 0.194331 0.522489
0 0.383149 0.571207 0.0293345 0.184077 0.484398
0 0.244778 0.758287 0.0690543 0.346381 0.480757
0 0.564652 0.55692 0.0349436 0.163787 0.478783
0 0.893047 0.550432 0.0525675 0.228799 0.469784
0 0.766474 0.548129 0.0352812 0.245307 0.452716
0 0.800188 0.783781 0.06509 0.424643 0.443265
0 0.608114 0.556738 0.0452585 0.24583 0.437591
0 0.099903 0.750655 0.0468593 0.299355 0.381942
0 0.316604 0.562764 0.0275225 0.183353 0.378786
0 0.426911 0.561482 0.033453 0.195057 0.359104
0 0.0753757 0.565657 0.034947 0.178154 0.357726
0 0.14379 0.754155 0.0460746 0.323808 0.34974
