0 0.84305 0.541315 0.297867 0.423611 0.832873
0 0.503295 0.439867 0.112856 0.354796 0.758161
0 0.938451 0.264019 0.0296821 0.114223 0.745562
0 0.428606 0.552669 0.184449 0.394734 0.710902
0 0.154997 0.498351 0.15579 0.365674 0.664515
0 0.0495577 0.48374 0.0988545 0.332586 0.63832
0 0.885867 0.262221 0.0260971 0.116196 0.546342
0 0.566361 0.297417 0.0434464 0.175732 0.487811
0 0.799548 0.283551 0.0293532 0.128615 0.479556
0 0.217958 0.27516 0.0404485 0.0940017 0.435271
0 0.410713 0.316457 0.0301741 0.182196 0.37783
0 0.384584 0.315409 0.0318783 0.201488 0.371161
0 0.314987 0.323884 0.0575318 0.215871 0.351835
0 0.818577 0.354519 0.129045 0.15203 0.33146
0 0.770468 0.270361 0.0235221 0.11861 0.328659
0 0.254575 0.277213 0.0397654 0.0818337 0.324871
0 0.719235 0.278329 0.0272167 0.143926 0.324855
0 0.994981 0.258387 0.00932671 0.108526 0.309526
