0 0.94778 0.740402 0.0737109 0.441429 0.682318
0 0.589845 0.739738 0.0532525 0.418815 0.598486
0 0.823565 0.725419 0.0531877 0.446316 0.499273
0 0.467763 0.719332 0.057796 0.449414 0.49372
0 0.509062 0.742625 0.0486656 0.413714 0.476039
0 0.77683 0.726079 0.0495241 0.42722 0.455395
0 0.038928 0.732826 0.0597056 0.412007 0.442233
0 0.109191 0.741422 0.0590074 0.435951 0.434558
0 0.19174 0.741446 0.0514437 0.431865 0.427782
0 0.89683 0.733522 0.0437172 0.438368 0.422955
0 0.67736 0.749396 0.0639599 0.391689 0.415033
0 0.377312 0.743081 0.0456105 0.407633 0.363347
0 0.864345 0.740609 0.0388519 0.419152 0.361738
0 0.266994 0.748568 0.0474889 0.401022 0.357965
0 0.339426 0.741932 0.047933 0.41222 0.355207
0 0.634977 0.731062 0.0548781 0.422784 0.348565
0 0.546442 0.72344 0.049844 0.438601 0.318856
0 0.735782 0.746405 0.0473078 0.392037 0.316506
0 0.234404 0.73822 0.0437082 0.426282 0.315757
0 0.41738 0.740756 0.0464273 0.411943 0.306939
