0 0.437075 0.716469 0.0572723 0.329756
0 0.28768 0.74363 0.0744025 0.40882
0 0.551647 0.672245 0.0498686 0.322424
0 0.626221 0.617637 0.0400171 0.196491
0 0.203364 0.638804 0.0441396 0.211015
0 0.681803 0.664561 0.043927 0.253617
0 0.518659 0.66015 0.0412585 0.242937
0 0.656088 0.619794 0.0331818 0.188606
0 0.479634 0.609685 0.03323 0.153478
0 0.768148 0.625173 0.0651121 0.18813
0 0.846979 0.607604 0.0304296 0.136185
0 0.811019 0.630362 0.0267781 0.152174
0 0.374889 0.631414 0.0350729 0.150741
0 0.195372 0.595258 0.0451136 0.2905
0 0.346275 0.630371 0.0353714 0.171994
