0 0.932782 0.492572 0.0406612 0.191918 0.742431
0 0.754159 0.506002 0.0252484 0.109703 0.654067
0 0.850624 0.496886 0.0360456 0.183548 0.652117
0 0.80591 0.483622 0.0354075 0.216785 0.620166
0 0.884212 0.495063 0.0371845 0.184746 0.598828
0 0.610718 0.489015 0.0259471 0.111253 0.571479
0 0.659995 0.505713 0.0213051 0.103093 0.54255
0 0.63854 0.489104 0.0280484 0.129175 0.489963
0 0.709597 0.476068 0.0250958 0.115816 0.473491
0 0.453567 0.481969 0.01958 0.0707759 0.451942
0 0.549538 0.487117 0.0246544 0.108387 0.436833
0 0.520744 0.482192 0.0222618 0.0888366 0.435538
0 0.734161 0.473156 0.0326915 0.118706 0.430305
0 0.905312 0.495653 0.0231155 0.182917 0.398889
0 0.585542 0.477999 0.0236104 0.103118 0.303916
