0 0.131223 0.891469 0.0466978 0.213384 0.811621
0 0.235364 0.893431 0.0363028 0.197883 0.735793
0 0.200117 0.888785 0.0396356 0.202995 0.719177
0 0.451219 0.872754 0.0259071 0.121265 0.668376
0 0.47615 0.867857 0.0173213 0.0972472 0.629858
0 0.372027 0.875412 0.0256923 0.11596 0.588982
0 0.269365 0.876121 0.0305725 0.155949 0.564316
0 0.415545 0.867443 0.0205975 0.0895834 0.544316
0 0.502376 0.860846 0.0205293 0.0724117 0.417082
0 0.0366554 0.869161 0.0518838 0.250008 0.380005
0 0.33101 0.874769 0.0270249 0.13286 0.376468
0 0.968736 0.866757 0.017899 0.0714623 0.350948
0 0.28921 0.879852 0.0296605 0.154193 0.328491
0 0.928594 0.863797 0.0164074 0.0775194 0.323472
0 0.657156 0.86431 0.0111986 0.0350374 0.313052
0 0.389771 0.866624 0.0161771 0.0954576 0.3067
