0 0.942008 0.734372 0.115502 0.231342
0 0.56282 0.660368 0.110488 0.405547
0 0.422307 0.694276 0.0815463 0.369186
0 0.255325 0.616448 0.0622146 0.241576
0 0.855096 0.628434 0.0679634 0.357706
0 0.158803 0.602077 0.0387067 0.138988
0 0.757827 0.651188 0.0917423 0.351992
0 0.199305 0.607966 0.0290677 0.128269
0 0.963319 0.568297 0.0439941 0.218747
0 0.31196 0.622227 0.0541312 0.180684
0 0.375875 0.60936 0.0408971 0.210591
0 0.920788 0.60976 0.0694858 0.282037
0 0.710738 0.638836 0.0440414 0.302385
