0 0.196699 0.712356 0.0454215 0.141943
0 0.628311 0.710463 0.0440813 0.146518
0 0.916576 0.670771 0.0355325 0.107764
0 0.741391 0.684167 0.0338004 0.104211
0 0.319589 0.712188 0.0348036 0.134081
0 0.0519754 0.719205 0.0510151 0.136309
0 0.771831 0.693142 0.0404132 0.133485
0 0.253464 0.703002 0.0309751 0.118947
0 0.855848 0.686784 0.0298503 0.103502
0 0.801904 0.704836 0.0631902 0.162542
0 0.391046 0.697437 0.0347134 0.114915
0 0.498821 0.728292 0.036842 0.117787
0 0.148901 0.698741 0.0251653 0.102628
