0 0.11661 0.653058 0.0754912 0.315245 0.768171
0 0.835862 0.654435 0.0826778 0.408565 0.520598
0 0.476191 0.585132 0.0679621 0.113855 0.514726
0 0.209099 0.582101 0.0620109 0.116679 0.508672
0 0.606111 0.570014 0.0599255 0.131325 0.503885
0 0.839693 0.450948 0.0854057 0.121547 0.500247
0 0.70759 0.566769 0.0636927 0.144848 0.470552
0 0.173606 0.65694 0.0630778 0.30025 0.467858
0 0.785151 0.678363 0.0989079 0.43074 0.453145
0 0.435467 0.575513 0.0630668 0.136548 0.429987
0 0.290534 0.580686 0.063436 0.110079 0.40459
0 0.546653 0.556815 0.0752191 0.169627 0.392813
0 0.674066 0.559828 0.0368047 0.138504 0.332821
0 0.730972 0.533358 0.0373381 0.118609 0.329095
0 0.651039 0.572916 0.0437734 0.118612 0.30027
