0 0.204205 0.786668 0.140666 0.42552 0.872517
0 0.874212 0.778462 0.130911 0.434352 0.869834
0 0.123014 0.608764 0.11815 0.602519 0.85515
0 0.32652 0.774877 0.13055 0.423375 0.853641
0 0.76653 0.774541 0.124644 0.434475 0.818717
0 0.447397 0.784916 0.127534 0.422452 0.809966
0 0.780562 0.503561 0.116648 0.366334 0.803346
0 0.662986 0.779647 0.115745 0.439287 0.802781
0 0.561625 0.783879 0.112665 0.422775 0.769019
0 0.676387 0.504458 0.107447 0.340397 0.734766
0 0.881772 0.497957 0.122546 0.382654 0.680299
0 0.19992 0.520913 0.114084 0.335191 0.659166
0 0.300108 0.517241 0.0952582 0.336695 0.578353
0 0.497942 0.539451 0.104294 0.393653 0.573344
0 0.397688 0.531367 0.11459 0.389032 0.561993
0 0.592575 0.5077 0.0991837 0.344431 0.522121
0 0.265952 0.395195 0.0777161 0.172898 0.325825
