0 0.164267 0.71457 0.0512234 0.230568 0.759147
0 0.759438 0.750046 0.061803 0.244188 0.724093
0 0.5726 0.768862 0.0533644 0.229204 0.70171
0 0.949365 0.7372 0.0489594 0.217267 0.698257
0 0.280353 0.751058 0.0475303 0.232672 0.689023
0 0.663001 0.756723 0.0580173 0.241774 0.677165
0 0.422931 0.746116 0.0505946 0.227545 0.670681
0 0.358643 0.749361 0.0507828 0.219096 0.621153
0 0.222969 0.745612 0.0524361 0.229122 0.614911
0 0.514675 0.700905 0.0483625 0.213964 0.600339
0 0.467 0.710671 0.0465927 0.22889 0.587478
0 0.0641566 0.751432 0.0468169 0.215105 0.568719
0 0.891701 0.682634 0.0493216 0.205744 0.531433
0 0.0315086 0.728637 0.0406169 0.203828 0.528676
0 0.0943369 0.72636 0.0430886 0.20937 0.520212
0 0.792059 0.68021 0.0442354 0.194567 0.492171
0 0.12221 0.709173 0.0382228 0.193267 0.315304
