0 0.196812 0.708113 0.131395 0.463997 0.897851
0 0.118686 0.643156 0.068916 0.2816 0.845826
0 0.822818 0.713849 0.135161 0.421581 0.843234
0 0.649412 0.694026 0.1329 0.385845 0.816654
0 0.885843 0.648104 0.08648 0.332155 0.816353
0 0.454921 0.680247 0.101522 0.348356 0.810409
0 0.29119 0.668116 0.0784393 0.322868 0.807455
0 0.729685 0.641395 0.0819149 0.303855 0.785617
0 0.328475 0.621386 0.0581236 0.254669 0.780694
0 0.561485 0.63458 0.0750992 0.282245 0.777853
0 0.239029 0.620665 0.0489899 0.232667 0.623162
0 0.504787 0.611148 0.0657799 0.238584 0.58668
0 0.402094 0.608569 0.0439949 0.226619 0.571152
0 0.774515 0.618258 0.058375 0.25895 0.33755
0 0.912105 0.594322 0.0454893 0.21029 0.308761
