0 0.62051 0.601542 0.283688 0.591974 0.90662
0 0.422902 0.534025 0.285265 0.487849 0.89132
0 0.178279 0.324937 0.0992534 0.3603 0.856568
0 0.632061 0.293052 0.20596 0.529713 0.79832
0 0.478092 0.188538 0.0776752 0.135273 0.725759
0 0.0497597 0.341224 0.0601422 0.398738 0.696017
0 0.208394 0.300746 0.0718169 0.312216 0.642903
0 0.333059 0.222459 0.0628889 0.211074 0.596628
0 0.141149 0.157852 0.0497689 0.166229 0.55012
0 0.84356 0.170357 0.0416693 0.167025 0.543462
0 0.890564 0.212287 0.112285 0.144073 0.501929
