0 0.400311 0.711714 0.128251 0.528589 0.890441
0 0.637247 0.707641 0.122289 0.531788 0.887687
0 0.519761 0.70608 0.132858 0.544716 0.869458
0 0.237592 0.515218 0.0966571 0.409169 0.868699
0 0.307843 0.58955 0.0983787 0.441875 0.865179
0 0.789775 0.510377 0.104316 0.410197 0.864257
0 0.696767 0.570329 0.10275 0.464936 0.832517
0 0.404208 0.447711 0.100139 0.21386 0.744375
0 0.909554 0.509973 0.0323826 0.128214 0.538297
0 0.629352 0.363823 0.071463 0.163537 0.511641
0 0.496815 0.455517 0.0934862 0.233012 0.50796
