0 0.551677 0.55016 0.11914 0.502955 0.889252
0 0.0426054 0.497369 0.0847409 0.465636 0.862672
0 0.119572 0.498288 0.108219 0.470321 0.853443
0 0.419948 0.511884 0.121187 0.501647 0.846498
0 0.712541 0.538135 0.171939 0.571359 0.843609
0 0.917832 0.548958 0.128108 0.657136 0.8109
0 0.33498 0.517086 0.0926983 0.468276 0.775669
0 0.821785 0.541947 0.101814 0.602588 0.769908
0 0.258491 0.515072 0.103927 0.470167 0.718904
0 0.604761 0.528438 0.0870724 0.522099 0.687903
0 0.492561 0.521958 0.0709278 0.485445 0.621376
0 0.207294 0.502585 0.0837901 0.459754 0.572416
