0 0.0726466 0.707477 0.0601523 0.259634 0.871571
0 0.662049 0.634807 0.0324009 0.130871 0.83319
0 0.139174 0.717067 0.0673758 0.254393 0.829218
0 0.201084 0.666361 0.0244015 0.0914639 0.799956
0 0.57905 0.614255 0.02281 0.10094 0.797874
0 0.0123044 0.720589 0.0245308 0.225147 0.781322
0 0.388955 0.61842 0.0224918 0.0819912 0.772735
0 0.554787 0.614792 0.0214014 0.101386 0.758513
0 0.344326 0.622956 0.0226469 0.0827773 0.669847
0 0.314517 0.628446 0.0170752 0.0577219 0.602616
0 0.36566 0.620034 0.0186133 0.0819705 0.554457
0 0.625658 0.606788 0.0173547 0.0897506 0.535391
