0 0.897594 0.856986 0.0608963 0.14203 0.871017
0 0.475383 0.814873 0.0371822 0.156225 0.846041
0 0.445616 0.815631 0.0315292 0.154062 0.816038
0 0.617262 0.841441 0.0413198 0.197793 0.809331
0 0.72827 0.830252 0.0485229 0.217173 0.79278
0 0.353446 0.833365 0.0400526 0.18933 0.739658
0 0.814492 0.893692 0.0619778 0.104417 0.692111
0 0.15926 0.826409 0.0301569 0.120584 0.683401
0 0.58794 0.834396 0.0294958 0.186091 0.683079
0 0.192634 0.827705 0.0295193 0.140889 0.660403
0 0.805468 0.815196 0.0320858 0.136674 0.654849
