0 0.108035 0.344754 0.0974458 0.378292 0.904563
0 0.75219 0.315718 0.130643 0.375806 0.882362
0 0.848562 0.296929 0.0946372 0.349502 0.863379
0 0.220986 0.342233 0.0788723 0.331022 0.796198
0 0.952465 0.287003 0.0600744 0.401323 0.796016
0 0.70166 0.30654 0.0606241 0.369331 0.767754
0 0.656658 0.314717 0.063347 0.313107 0.754718
0 0.434844 0.324651 0.141863 0.374799 0.745381
0 0.182236 0.346858 0.0487245 0.297203 0.707457
0 0.540626 0.316821 0.070555 0.287198 0.704448
0 0.272615 0.351358 0.0682011 0.264017 0.695071
0 0.0354711 0.368247 0.0500997 0.207727 0.68519
