0 0.432407 0.889281 0.0854984 0.179354 0.721424
0 0.214335 0.907296 0.101509 0.168951 0.683045
0 0.14384 0.45405 0.0636152 0.182885 0.653569
0 0.378888 0.26998 0.0316156 0.152455 0.638303
0 0.315791 0.270812 0.0313114 0.150997 0.601331
0 0.552034 0.269093 0.0480515 0.152985 0.56402
0 0.324543 0.887285 0.0760193 0.176768 0.529594
0 0.568637 0.903897 0.111265 0.170256 0.517154
0 0.780174 0.282762 0.0305294 0.139263 0.516476
0 0.409727 0.244638 0.0327952 0.122897 0.514081
0 0.863471 0.877161 0.0803292 0.154351 0.510095
0 0.699031 0.277259 0.0441433 0.140902 0.504449
0 0.645435 0.885836 0.0806202 0.169146 0.502408
