0 0.119396 0.77318 0.238151 0.451989 0.924493
0 0.278078 0.780764 0.135936 0.437162 0.874086
0 0.452027 0.797537 0.107121 0.404271 0.861939
0 0.662835 0.777842 0.13635 0.442449 0.851278
0 0.548876 0.839364 0.172228 0.320193 0.84669
0 0.94921 0.674717 0.0671816 0.295644 0.750144
0 0.828326 0.694701 0.0735676 0.330003 0.732093
0 0.718195 0.629374 0.0700257 0.234873 0.675682
0 0.874406 0.642798 0.0486008 0.249929 0.660649
0 0.788779 0.723184 0.0844772 0.316694 0.642286
0 0.369342 0.692963 0.0836241 0.302302 0.614056
0 0.217553 0.630298 0.0699236 0.244559 0.596096
0 0.271992 0.45633 0.0231371 0.0752466 0.513204
0 0.98615 0.630892 0.0271067 0.252292 0.506365
