0 0.67384 0.529005 0.181113 0.439446 0.866551
0 0.10789 0.463057 0.17231 0.466195 0.856448
0 0.0441759 0.348963 0.0880831 0.367162 0.840562
0 0.773193 0.464744 0.117759 0.349486 0.832747
0 0.258909 0.525466 0.190399 0.442217 0.810622
0 0.52812 0.680722 0.0593935 0.404972 0.781784
0 0.868044 0.269645 0.0982088 0.317835 0.744249
0 0.565986 0.266208 0.11691 0.337872 0.707525
0 0.424185 0.644918 0.10141 0.435961 0.705573
0 0.488509 0.659752 0.073553 0.437382 0.651237
0 0.313845 0.402322 0.132161 0.400301 0.621904
0 0.838419 0.678594 0.212726 0.3878 0.567639
0 0.889029 0.582616 0.174467 0.422208 0.547297
