0 0.222942 0.170331 0.0766331 0.141487 0.868252
0 0.439716 0.15849 0.0749382 0.164781 0.825081
0 0.55634 0.164042 0.0514427 0.132332 0.818768
0 0.923601 0.806454 0.140965 0.379237 0.817152
0 0.738647 0.813766 0.260988 0.354902 0.808863
0 0.396391 0.175597 0.0511161 0.121711 0.807816
0 0.146486 0.576569 0.0656526 0.138659 0.769413
0 0.721484 0.563086 0.0853535 0.188527 0.765521
0 0.262237 0.201724 0.0743587 0.0720643 0.752763
0 0.496601 0.155952 0.0572486 0.118407 0.739444
0 0.641481 0.636551 0.112562 0.226319 0.709132
0 0.731618 0.239378 0.067352 0.131047 0.678606
0 0.444633 0.601445 0.0968632 0.102824 0.663498
0 0.588314 0.0866162 0.0438782 0.0648538 0.650389
0 0.0594514 0.658411 0.0743704 0.179805 0.613702
0 0.133089 0.767902 0.0927485 0.187 0.577934
0 0.332097 0.200507 0.0655392 0.0728178 0.546397
0 0.32674 0.139844 0.0606426 0.078922 0.535506
0 0.574832 0.59938 0.095276 0.192315 0.528315
