0 0.0748492 0.552992 0.149627 0.49357 0.927837
0 0.859993 0.489472 0.113362 0.397533 0.904232
0 0.327928 0.643312 0.230805 0.713176 0.900209
0 0.760808 0.563704 0.147726 0.600108 0.848763
0 0.697563 0.51288 0.0726137 0.448106 0.809263
0 0.200238 0.525948 0.0985527 0.422946 0.7517
0 0.49801 0.417606 0.0396473 0.167039 0.653587
0 0.253692 0.436945 0.0659075 0.266409 0.613762
0 0.543514 0.412691 0.0801371 0.184089 0.596492
0 0.386539 0.383711 0.0589802 0.126839 0.559747
0 0.552415 0.469954 0.0995383 0.299494 0.523871
