0 0.917278 0.715062 0.165444 0.409666 0.822959
0 0.76881 0.667669 0.160995 0.306845 0.785669
0 0.283797 0.676141 0.149313 0.368847 0.774616
0 0.608502 0.614382 0.161146 0.22962 0.757771
0 0.138439 0.736878 0.140811 0.51295 0.732802
0 0.452959 0.607558 0.155517 0.230932 0.706942
0 0.0542637 0.599625 0.108527 0.498177 0.684501
0 0.554633 0.503207 0.104183 0.27978 0.617441
0 0.912208 0.483516 0.116474 0.249581 0.552939
0 0.152086 0.462792 0.0981233 0.205193 0.529602
0 0.396603 0.523198 0.0930667 0.349392 0.526219
0 0.810071 0.492113 0.0950252 0.295282 0.519118
