0 0.492507 0.526569 0.0759464 0.267746 0.814206
0 0.334212 0.746922 0.197386 0.399243 0.789519
0 0.65875 0.507137 0.0756821 0.185307 0.771536
0 0.136178 0.455224 0.0632836 0.126985 0.667309
0 0.0324416 0.642571 0.064572 0.26546 0.652804
0 0.316404 0.449923 0.064405 0.149723 0.534647
0 0.743507 0.473673 0.0485626 0.15819 0.530405
0 0.373131 0.468094 0.0822633 0.221464 0.520932
0 0.947772 0.883845 0.103595 0.230999 0.383901
0 0.474411 0.877534 0.110647 0.243637 0.362201
0 0.0921509 0.423724 0.0407668 0.117569 0.345533
0 0.599959 0.879451 0.158496 0.23981 0.329666
0 0.264499 0.591233 0.0599736 0.255865 0.300649
