0 0.643075 0.786803 0.0877667 0.423525 0.715069
0 0.971118 0.689135 0.0569221 0.302973 0.637975
0 0.907023 0.689667 0.113515 0.292396 0.626313
0 0.560077 0.788835 0.0875403 0.417824 0.575483
0 0.725175 0.779259 0.0987446 0.436293 0.528116
0 0.325153 0.699347 0.0940192 0.266788 0.511904
0 0.0680781 0.69276 0.136156 0.279806 0.508045
0 0.400326 0.707137 0.0903543 0.246043 0.502177
0 0.810518 0.69166 0.0972506 0.281408 0.501496
0 0.246601 0.700149 0.0882895 0.268491 0.486861
0 0.162386 0.702783 0.0934275 0.264407 0.429585
0 0.479728 0.791264 0.0905536 0.403367 0.425262
0 0.458835 0.570214 0.0779409 0.152899 0.347996
