0 0.41704 0.729214 0.111952 0.335546
0 0.246385 0.384112 0.0917436 0.0910564
0 0.318139 0.829649 0.128321 0.114929
0 0.914886 0.458805 0.114707 0.0847088
0 0.943366 0.904872 0.112267 0.187758
0 0.314645 0.230736 0.0604794 0.0738299
0 0.462193 0.289656 0.0664299 0.0781096
0 0.175975 0.776822 0.0947049 0.112103
0 0.586143 0.461621 0.0803236 0.0759675
0 0.13519 0.282805 0.0578196 0.0599055
0 0.657746 0.767342 0.123915 0.087956
0 0.567672 0.411848 0.112848 0.097025
0 0.104206 0.202966 0.101076 0.0874951
0 0.945982 0.112432 0.0536632 0.0554676
0 0.555207 0.15388 0.0578804 0.0760309
0 0.393852 0.178437 0.0977356 0.0726883
