0 0.539872 0.698723 0.158981 0.585952 0.894531
0 0.0360101 0.733266 0.0717275 0.527691 0.858289
0 0.808438 0.679969 0.0927505 0.359953 0.826325
0 0.310284 0.665806 0.0494476 0.227083 0.798523
0 0.614002 0.737915 0.0904373 0.408823 0.796124
0 0.438257 0.725423 0.0901419 0.376013 0.789626
0 0.372463 0.624454 0.0447199 0.153504 0.5546
0 0.653472 0.691819 0.0524691 0.322948 0.497736
0 0.724956 0.614263 0.0411222 0.170452 0.405159
0 0.965077 0.615344 0.0206845 0.0989295 0.391987
0 0.919841 0.606026 0.0335652 0.141285 0.302276
