0 0.425772 0.625004 0.122421 0.682975 0.874478
0 0.848936 0.618311 0.121072 0.673379 0.866876
0 0.670524 0.612441 0.120579 0.62516 0.863276
0 0.245145 0.638882 0.116013 0.619432 0.852655
0 0.975001 0.582021 0.0492637 0.322239 0.823051
0 0.0589669 0.648171 0.105538 0.570936 0.760856
0 0.133908 0.617117 0.0645242 0.422525 0.650992
0 0.925842 0.567391 0.0470169 0.336683 0.610075
0 0.746677 0.589975 0.0599588 0.372861 0.580693
0 0.593903 0.528419 0.0586031 0.250123 0.519866
0 0.498701 0.527465 0.0478276 0.198908 0.386334
0 0.349848 0.532485 0.0436365 0.208394 0.356378
