0 0.118757 0.602386 0.0641501 0.287286 0.567249
0 0.618143 0.609995 0.0422703 0.209418 0.541729
0 0.167341 0.604535 0.0580424 0.260294 0.531886
0 0.216422 0.615529 0.0463926 0.227181 0.448319
0 0.41097 0.609701 0.0479118 0.225501 0.405337
0 0.788719 0.606014 0.0397764 0.211076 0.398982
0 0.657703 0.607482 0.0380289 0.20972 0.398278
0 0.699501 0.610055 0.0505037 0.208786 0.396301
0 0.0578791 0.622275 0.0764513 0.253951 0.391075
0 0.897149 0.603473 0.0439295 0.22252 0.381092
0 0.947646 0.612471 0.0373432 0.210318 0.377539
0 0.451104 0.606942 0.0403161 0.225991 0.358268
0 0.256855 0.610674 0.0469812 0.222144 0.344082
0 0.51453 0.614275 0.0361024 0.203838 0.320213
0 0.544678 0.613595 0.0312565 0.205348 0.309981
0 0.577928 0.606558 0.0432327 0.21228 0.307241
