0 0.838753 0.645992 0.0657215 0.341012 0.741093
0 0.769603 0.678479 0.0676603 0.331851 0.677462
0 0.886012 0.675698 0.0550327 0.25739 0.661503
0 0.500193 0.655628 0.0528149 0.275949 0.611264
0 0.611736 0.672467 0.0773194 0.339374 0.572034
0 0.546897 0.662402 0.056595 0.298231 0.556556
0 0.384793 0.665615 0.0857323 0.291768 0.538075
0 0.230257 0.68564 0.0607547 0.211114 0.534368
0 0.701141 0.670183 0.0701899 0.290836 0.533155
0 0.295737 0.669004 0.0342307 0.159541 0.427855
0 0.232419 0.642237 0.0647137 0.29728 0.365474
0 0.342914 0.658575 0.0504491 0.27156 0.330409
0 0.648351 0.657682 0.0425848 0.271403 0.315677
