0 0.398465 0.702184 0.0943167 0.331937
0 0.146421 0.685181 0.0762803 0.251058
0 0.272574 0.69664 0.0866739 0.280508
0 0.629229 0.687675 0.0542025 0.247456
0 0.773716 0.733315 0.164242 0.440582
0 0.573042 0.723702 0.101229 0.37114
0 0.0929005 0.675894 0.0501129 0.223281
0 0.49566 0.687775 0.0593949 0.223679
0 0.961538 0.697679 0.0659553 0.327568
0 0.0267999 0.667446 0.0395432 0.209662
0 0.838589 0.728379 0.0746825 0.203043
0 0.237235 0.659284 0.0531927 0.199473
0 0.191765 0.656781 0.0443139 0.189836
0 0.94112 0.687368 0.103918 0.349139
