0 0.170871 0.70202 0.0493302 0.163657 0.845983
0 0.348575 0.745866 0.0581307 0.154872 0.844775
0 0.233816 0.704866 0.067529 0.157442 0.774699
0 0.51807 0.674739 0.0549215 0.188478 0.738946
0 0.806501 0.736923 0.0606176 0.228928 0.720133
0 0.643398 0.690357 0.0454504 0.126727 0.707947
0 0.29137 0.702059 0.0354043 0.180296 0.683743
0 0.873514 0.71024 0.0460438 0.235106 0.680661
0 0.757834 0.76315 0.0655662 0.219323 0.666663
0 0.429993 0.695676 0.0360615 0.105538 0.614206
0 0.263039 0.695341 0.0366599 0.165425 0.553121
0 0.603874 0.66302 0.0349617 0.0733335 0.440816
0 0.942737 0.643586 0.0450615 0.152032 0.41074
0 0.543984 0.694043 0.0347811 0.0992879 0.386072
0 0.603775 0.686089 0.0359049 0.119234 0.349878
0 0.726353 0.692829 0.0364502 0.107502 0.344488
0 0.823402 0.65869 0.0315233 0.112628 0.330892
