0 0.430185 0.573025 0.303205 0.747846
0 0.187078 0.611736 0.117185 0.309273
0 0.968309 0.599818 0.0616623 0.320391
0 0.914958 0.607992 0.057819 0.296085
0 0.557439 0.611264 0.0568983 0.287324
0 0.73458 0.613757 0.0545662 0.282963
0 0.0655854 0.642376 0.101914 0.355757
0 0.0463966 0.566727 0.0923719 0.345331
0 0.856986 0.602163 0.0568283 0.307331
0 0.788465 0.606592 0.0649355 0.305544
0 0.336438 0.609052 0.0651079 0.293764
0 0.634984 0.615863 0.0572517 0.279145
0 0.671324 0.618288 0.0566441 0.274412
