0 0.698043 0.71847 0.135572 0.526432 0.857395
0 0.476475 0.734686 0.136857 0.523398 0.849961
0 0.113654 0.720736 0.166732 0.54524 0.842208
0 0.802656 0.630592 0.123832 0.447445 0.830934
0 0.291722 0.736677 0.173986 0.516556 0.820459
0 0.353474 0.726046 0.12765 0.523156 0.780922
0 0.886836 0.647485 0.105883 0.523756 0.777254
0 0.545692 0.706835 0.113781 0.56883 0.740923
0 0.0168425 0.787958 0.0333329 0.415076 0.529501
0 0.973499 0.627977 0.0526882 0.435883 0.423171
0 0.602985 0.697982 0.0849733 0.537231 0.406742
0 0.0386475 0.562651 0.0769491 0.201768 0.366974
0 0.410435 0.651275 0.0592808 0.381665 0.358273
