0 0.141517 0.765074 0.0999581 0.469853 0.853044
0 0.730156 0.751857 0.119551 0.496287 0.851756
0 0.054259 0.766912 0.094044 0.466176 0.841713
0 0.813607 0.748543 0.0976122 0.502914 0.838043
0 0.331466 0.755816 0.11049 0.488369 0.823016
0 0.626216 0.755178 0.115337 0.489645 0.816804
0 0.910088 0.759974 0.102994 0.47782 0.81065
0 0.430433 0.761116 0.0965855 0.477768 0.786752
0 0.234169 0.784357 0.09582 0.431287 0.768879
0 0.508432 0.768622 0.122106 0.462756 0.68542
0 0.671524 0.561212 0.0681442 0.152404 0.452984
0 0.103644 0.566194 0.0467168 0.130834 0.448348
