0 0.489596 0.311906 0.32381 0.502053 0.927061
0 0.957811 0.524446 0.0834207 0.586438 0.831157
0 0.877753 0.510669 0.104311 0.528105 0.712562
0 0.173002 0.517075 0.08355 0.51106 0.669705
0 0.651829 0.568525 0.0454487 0.167907 0.642049
0 0.721959 0.566748 0.0471859 0.155178 0.636465
0 0.830871 0.52472 0.0574501 0.479754 0.521802
0 0.366507 0.567208 0.0457996 0.179597 0.505838
0 0.237878 0.561391 0.0436055 0.21252 0.457355
0 0.51374 0.578013 0.0311241 0.123113 0.447532
0 0.118689 0.548496 0.0616794 0.304714 0.401877
0 0.538314 0.577377 0.0241313 0.122605 0.378711
0 0.329687 0.570035 0.0405415 0.158358 0.37209
0 0.28543 0.564586 0.0486343 0.218979 0.370307
0 0.683422 0.571536 0.0316669 0.10697 0.365248
