0 0.522201 0.73429 0.0888206 0.426959 0.718751
0 0.651796 0.705365 0.0875658 0.423109 0.714302
0 0.414714 0.717628 0.0870427 0.406207 0.690799
0 0.0826244 0.706603 0.0951756 0.450842 0.680941
0 0.606572 0.711448 0.0903477 0.439308 0.626769
0 0.826107 0.761275 0.0805843 0.333471 0.458042
0 0.466436 0.6721 0.0600494 0.375542 0.453417
0 0.955592 0.74303 0.0710964 0.358103 0.436473
0 0.339076 0.600667 0.0849797 0.165379 0.435677
0 0.138773 0.601808 0.0727699 0.156369 0.317456
0 0.343731 0.736684 0.0987416 0.437318 0.308094
0 0.0154723 0.715798 0.0306609 0.3778 0.305668
