0 0.640067 0.591939 0.286171 0.78848 0.928834
0 0.4188 0.550218 0.13141 0.601997 0.911221
0 0.218835 0.576958 0.13672 0.464443 0.895205
0 0.133462 0.584878 0.0925875 0.335491 0.848363
0 0.965836 0.541514 0.0675091 0.510099 0.829464
0 0.0705285 0.575062 0.0510044 0.28485 0.784678
0 0.78565 0.583813 0.111396 0.39014 0.769726
0 0.498225 0.602037 0.0520277 0.248424 0.68303
0 0.0138892 0.585353 0.0276444 0.212744 0.654004
0 0.833101 0.5849 0.0569396 0.236446 0.59819
0 0.938381 0.559732 0.0548687 0.265413 0.591915
0 0.862154 0.591037 0.0361805 0.198729 0.525366
0 0.884978 0.581074 0.0397478 0.166933 0.480672
0 0.335452 0.601622 0.0378291 0.186993 0.474778
0 0.303339 0.585749 0.0339389 0.169822 0.468095
0 0.359954 0.583204 0.0264873 0.172391 0.33388
