0 0.712779 0.611471 0.146507 0.757755
0 0.136876 0.572358 0.141255 0.580187
0 0.37063 0.560419 0.0851483 0.414361
0 0.862811 0.535231 0.108912 0.421746
0 0.298066 0.506448 0.0818289 0.427358
0 0.456428 0.570395 0.12177 0.32303
0 0.229871 0.556089 0.0930273 0.461099
0 0.604247 0.526664 0.0652341 0.359246
0 0.525901 0.539109 0.0657097 0.343375
0 0.654703 0.513708 0.0607009 0.316629
0 0.565857 0.496126 0.053466 0.329058
0 0.964709 0.546857 0.0698027 0.464459
0 0.792501 0.523301 0.0508047 0.346794
0 0.0254471 0.546805 0.0507501 0.55571
0 0.0428155 0.555738 0.0821122 0.569098
0 0.0300813 0.605179 0.0597123 0.690486
0 0.920414 0.54136 0.0639648 0.327032
0 0.103032 0.331232 0.0472562 0.118742
