0 0.0518314 0.44701 0.103437 0.496052 0.84266
0 0.474457 0.686574 0.186106 0.617503 0.817442
0 0.824669 0.559305 0.162041 0.602862 0.774276
0 0.175405 0.491776 0.132274 0.570389 0.763778
0 0.302272 0.469277 0.103381 0.501545 0.715074
0 0.5889 0.468195 0.116204 0.570682 0.666568
0 0.690132 0.432794 0.106768 0.511405 0.625751
0 0.894274 0.343855 0.0825298 0.417212 0.569807
0 0.952568 0.911922 0.0931076 0.176156 0.472009
0 0.752047 0.392916 0.0725643 0.475825 0.445714
0 0.945749 0.308697 0.0736828 0.400604 0.393662
