0 0.832736 0.592661 0.219647 0.798893
0 0.566325 0.576505 0.122826 0.821948
0 0.941758 0.613897 0.115733 0.747853
0 0.38345 0.508601 0.0862207 0.531491
0 0.690895 0.559467 0.100297 0.665922
0 0.285787 0.453304 0.0623188 0.400367
0 0.215368 0.414902 0.0479843 0.305917
0 0.743987 0.569567 0.0917877 0.679843
0 0.495189 0.504288 0.0566734 0.395602
0 0.636394 0.554404 0.0811908 0.528195
0 0.170426 0.388696 0.0386683 0.237155
0 0.14126 0.384841 0.0282379 0.193529
0 0.435256 0.451611 0.0559879 0.350701
