0 0.314583 0.259699 0.127276 0.343947 0.829473
0 0.611007 0.256039 0.125974 0.26639 0.798623
0 0.2048 0.238417 0.056983 0.239723 0.795301
0 0.745656 0.901491 0.0924856 0.174683 0.788237
0 0.929526 0.237941 0.112638 0.192241 0.761674
0 0.798332 0.241808 0.109739 0.231826 0.757336
0 0.382817 0.872631 0.103821 0.23539 0.747389
0 0.538449 0.851923 0.104912 0.217278 0.736155
0 0.942684 0.88302 0.0691635 0.212102 0.702847
0 0.305392 0.906868 0.0894324 0.163409 0.671598
0 0.452852 0.241642 0.0582036 0.208078 0.657468
0 0.133721 0.880559 0.104769 0.219813 0.518729
0 0.494301 0.240414 0.044235 0.146961 0.474105
0 0.156909 0.234712 0.0441135 0.178825 0.460627
0 0.853757 0.236872 0.0477507 0.13143 0.453781
0 0.745615 0.236552 0.0521676 0.158687 0.434402
0 0.630321 0.832872 0.0763836 0.17803 0.416414
0 0.111637 0.228003 0.04019 0.148147 0.370618
0 0.52932 0.234685 0.0260759 0.112023 0.321894
