0 0.111427 0.816698 0.221407 0.363777
0 0.296184 0.73723 0.325939 0.523573
0 0.563748 0.791055 0.297103 0.416464
0 0.780932 0.777781 0.353724 0.442442
0 0.896366 0.616146 0.206844 0.628865
0 0.526243 0.697501 0.321254 0.59932
0 0.100733 0.290549 0.201466 0.288899
0 0.731712 0.674177 0.258514 0.633352
0 0.110718 0.582656 0.213012 0.556603
0 0.319026 0.372724 0.256323 0.277077
0 0.489029 0.198692 0.223233 0.246286
0 0.536855 0.421518 0.258717 0.276336
0 0.27066 0.150185 0.223244 0.184886
0 0.714039 0.397133 0.232973 0.250679
0 0.887416 0.213764 0.181014 0.240943
0 0.930881 0.842565 0.137692 0.31044
0 0.312995 0.626723 0.277299 0.55775
0 0.971719 0.136599 0.0561128 0.151096
0 0.0794481 0.622408 0.158896 0.511225
0 0.674676 0.28471 0.315164 0.46042
0 0.330324 0.330931 0.175952 0.344367
