0 0.217617 0.686704 0.167883 0.581966
0 0.689593 0.609091 0.102772 0.296234
0 0.768634 0.584312 0.0879385 0.297774
0 0.0318682 0.674948 0.063515 0.431815
0 0.425384 0.642976 0.152243 0.458605
0 0.101306 0.631023 0.0780967 0.32685
0 0.325315 0.59961 0.0560368 0.276361
0 0.819796 0.566577 0.0487114 0.238513
0 0.566426 0.63804 0.0843445 0.349279
0 0.980708 0.530719 0.0373986 0.175422
0 0.854529 0.55552 0.0410446 0.225241
0 0.629416 0.563847 0.0558718 0.240664
0 0.266783 0.64936 0.0651272 0.366646
0 0.906371 0.550655 0.0525514 0.199057
