0 0.504667 0.762919 0.0506101 0.264806 0.875714
0 0.233655 0.780568 0.0523445 0.252585 0.874608
0 0.375013 0.772217 0.054116 0.25459 0.861719
0 0.738291 0.764711 0.0494486 0.213035 0.860719
0 0.441951 0.763477 0.0411308 0.213067 0.85091
0 0.671696 0.770372 0.0611662 0.25517 0.845302
0 0.153412 0.785487 0.0582573 0.211006 0.844919
0 0.582591 0.761423 0.0430994 0.211241 0.836459
0 0.828607 0.768094 0.0508034 0.262434 0.816755
0 0.298183 0.770132 0.0420219 0.202102 0.796164
0 0.266766 0.648755 0.0189457 0.0703113 0.688282
