0 0.844034 0.339874 0.0746248 0.245035 0.872127
0 0.943586 0.411013 0.104117 0.37432 0.847651
0 0.701846 0.362028 0.0567839 0.255444 0.793426
0 0.767965 0.383121 0.0680881 0.265265 0.789579
0 0.0347058 0.390945 0.0694116 0.225608 0.68129
0 0.58757 0.356818 0.0654669 0.204533 0.531345
0 0.640132 0.365566 0.0404054 0.220793 0.522249
0 0.532358 0.347519 0.0390685 0.175566 0.477048
0 0.356244 0.353131 0.0490773 0.182549 0.465435
0 0.691154 0.875264 0.261219 0.248793 0.447763
0 0.219769 0.334994 0.034647 0.122028 0.441827
0 0.968121 0.687306 0.063335 0.186202 0.41644
0 0.0703861 0.802626 0.140674 0.378865 0.401145
0 0.0955438 0.377437 0.0523857 0.214995 0.390686
0 0.18291 0.339548 0.0375292 0.130808 0.387549
0 0.888938 0.281087 0.0210468 0.0795014 0.360773
0 0.371616 0.715631 0.436423 0.302392 0.355958
0 0.396638 0.775297 0.496175 0.38471 0.347071
0 0.967373 0.628742 0.064861 0.305385 0.332646
0 0.736946 0.55669 0.291095 0.15611 0.308399
0 0.505755 0.345375 0.0395905 0.167495 0.285847
0 0.474062 0.342182 0.0422889 0.167946 0.275148
0 0.662112 0.36689 0.0356843 0.221647 0.263297
0 0.296198 0.33328 0.0270747 0.116259 0.261169
0 0.385173 0.323538 0.0336909 0.109871 0.252389
0 0.532518 0.87596 0.568163 0.24808 0.235494
0 0.0598875 0.345684 0.0390253 0.144325 0.234795
0 0.563213 0.351783 0.0326952 0.189705 0.217365
0 0.114292 0.374832 0.0634313 0.207726 0.205889
0 0.84416 0.650153 0.153958 0.118067 0.203035
0 0.127485 0.372297 0.0477762 0.197026 0.189313
0 0.618421 0.875437 0.402843 0.248189 0.184829
0 0.767253 0.58614 0.221801 0.106201 0.172949
0 0.265793 0.592547 0.265031 0.166486 0.154053
0 0.248364 0.336014 0.03081 0.113861 0.152392
0 0.139888 0.364461 0.0280959 0.166977 0.152283
0 0.159148 0.353519 0.0332911 0.140166 0.144943
0 0.0706571 0.712376 0.141042 0.556148 0.141093
0 0.134899 0.373068 0.0343104 0.188245 0.135618
0 0.273179 0.644508 0.259906 0.220295 0.134215
0 0.409582 0.331173 0.0274274 0.127483 0.132532
0 0.271091 0.333021 0.0353028 0.12616 0.124921
0 0.990634 0.319541 0.0178878 0.178064 0.122966
