0 0.165588 0.518908 0.209862 0.930101
0 0.55763 0.521545 0.226886 0.938198
0 0.816067 0.52696 0.219955 0.9076
0 0.925757 0.47231 0.105089 0.658919
0 0.347475 0.334602 0.0903458 0.396288
0 0.234784 0.277929 0.0300972 0.138744
0 0.290319 0.347907 0.0817551 0.374284
0 0.432291 0.282231 0.0424377 0.183602
0 0.979677 0.44959 0.0400905 0.571702
0 0.0494347 0.294909 0.0363336 0.189989
0 0.00800337 0.266492 0.0159438 0.132019
0 0.397645 0.326107 0.0382889 0.274587
0 0.712376 0.344821 0.0615067 0.361086
0 0.736692 0.353494 0.0713753 0.365341
0 0.651142 0.238587 0.0484312 0.124217
0 0.885488 0.220597 0.0602251 0.15882
0 0.72922 0.40461 0.0844534 0.478144
0 0.310149 0.336217 0.0523639 0.377021
0 0.617409 0.251094 0.054903 0.151399
0 0.750675 0.210594 0.0380706 0.0800578
0 0.654827 0.361173 0.0601582 0.371557
0 0.741624 0.260195 0.0627161 0.179001
0 0.0486464 0.265602 0.0346188 0.130456
0 0.482432 0.205948 0.0265732 0.0450425
0 0.0801883 0.219375 0.0221998 0.0493715
0 0.6419 0.366347 0.0797667 0.379902
0 0.652202 0.333887 0.0487812 0.310568
0 0.00634931 0.279466 0.0126568 0.181958
0 0.746816 0.237752 0.0455917 0.134241
0 0.478259 0.231042 0.0358202 0.092718
