0 0.892815 0.422107 0.175439 0.500824 0.893516
0 0.104873 0.551556 0.204782 0.548704 0.888892
0 0.344011 0.627042 0.431208 0.723111 0.872355
0 0.712576 0.531897 0.202383 0.737653 0.796453
0 0.33005 0.356529 0.0587077 0.297907 0.52135
0 0.400814 0.259039 0.0969963 0.232469 0.312213
0 0.249582 0.322667 0.102572 0.25985 0.305294
0 0.264205 0.312771 0.0767806 0.287858 0.283942
0 0.505691 0.430474 0.138721 0.494134 0.274982
0 0.429437 0.351578 0.05569 0.233532 0.211645
0 0.191094 0.399503 0.146211 0.506533 0.195781
0 0.385211 0.264146 0.0646913 0.218654 0.194967
0 0.433051 0.478439 0.0649566 0.493971 0.185542
0 0.31092 0.334844 0.0965596 0.350304 0.162579
0 0.534928 0.343379 0.0799263 0.316763 0.154534
0 0.465757 0.437297 0.147167 0.468387 0.12639
0 0.494481 0.268169 0.0778391 0.193093 0.114186
0 0.430878 0.389359 0.0598047 0.319294 0.104191
