0 0.420471 0.573987 0.0830377 0.303173
0 0.0286542 0.569314 0.054382 0.233808
0 0.0953236 0.563684 0.0577024 0.279379
0 0.555057 0.556586 0.0988207 0.505952
0 0.306455 0.588912 0.067268 0.303775
0 0.206058 0.577774 0.100297 0.339748
0 0.361673 0.569591 0.0445443 0.229887
0 0.664014 0.561218 0.053725 0.302283
0 0.144404 0.561448 0.0407523 0.226435
0 0.839615 0.483739 0.0679031 0.124876
0 0.703504 0.565595 0.0401279 0.281528
0 0.939702 0.451195 0.0686182 0.187745
0 0.784054 0.466547 0.0709951 0.177402
0 0.47148 0.491244 0.0505899 0.0763913
0 0.619049 0.484187 0.0404063 0.086312
0 0.887604 0.487737 0.0392107 0.108891
0 0.708756 0.5703 0.0585533 0.274724
0 0.615745 0.556205 0.0524477 0.230272
0 0.153755 0.57512 0.0564764 0.263817
0 0.982174 0.591668 0.0351902 0.316308
0 0.467995 0.55412 0.0543743 0.201746
0 0.980074 0.476187 0.0250257 0.0821904
0 0.780317 0.513318 0.0778976 0.271861
0 0.14496 0.536738 0.0360904 0.156676
0 0.981973 0.476252 0.0348766 0.0850356
