0 0.370208 0.665218 0.272846 0.650662 0.829856
0 0.129289 0.480581 0.0379105 0.199722 0.709508
0 0.604051 0.63228 0.306359 0.573965 0.686785
0 0.188674 0.485491 0.0409373 0.208949 0.655122
0 0.159184 0.483469 0.0372817 0.199888 0.647371
0 0.22343 0.471688 0.0415846 0.215639 0.601967
0 0.0688009 0.476536 0.0420052 0.16424 0.481974
0 0.294306 0.4354 0.0371073 0.119171 0.384963
0 0.266669 0.431446 0.019593 0.0915623 0.288543
0 0.0350482 0.447061 0.0236216 0.108667 0.283803
0 0.285996 0.436586 0.0231324 0.111768 0.276663
0 0.104058 0.472324 0.0246387 0.136278 0.221191
0 0.103597 0.4435 0.0216712 0.07797 0.197662
0 0.0763472 0.474866 0.0502618 0.156891 0.174622
0 0.303345 0.436132 0.0438439 0.12184 0.127712
0 0.0930281 0.478766 0.0288989 0.150753 0.124672
0 0.745779 0.491809 0.0698409 0.33239 0.124386
0 0.0673091 0.462934 0.034358 0.134772 0.103978
0 0.745665 0.425719 0.0709724 0.197771 0.101055
