0 0.947743 0.367321 0.103478 0.705934
0 0.647779 0.549948 0.288469 0.865754
0 0.249974 0.56449 0.211707 0.854803
0 0.136731 0.534462 0.16327 0.867397
0 0.445671 0.540465 0.22059 0.902746
0 0.832304 0.42632 0.15827 0.809429
0 0.53436 0.254329 0.0816934 0.331572
0 0.30755 0.165613 0.121531 0.314691
0 0.199272 0.184856 0.0645421 0.220578
0 0.610317 0.196739 0.0733616 0.20665
0 0.734666 0.249136 0.125861 0.466823
0 0.0653715 0.306336 0.130736 0.527603
0 0.47147 0.174479 0.0570843 0.17304
0 0.734463 0.466093 0.134724 0.904845
0 0.0244655 0.336452 0.0489311 0.460237
0 0.503595 0.148985 0.0253406 0.0553892
0 0.916588 0.124655 0.0604904 0.207417
0 0.237125 0.133225 0.0570767 0.145939
0 0.0185926 0.184701 0.0371297 0.161324
0 0.237738 0.107971 0.0532968 0.0922543
0 0.0189452 0.309674 0.0376163 0.411612
0 0.485433 0.252379 0.0862463 0.334069
0 0.062509 0.442866 0.122923 0.681195
0 0.5952 0.221739 0.044799 0.163798
0 0.886605 0.294923 0.0604112 0.406444
0 0.629645 0.120494 0.0354103 0.0586732
0 0.0354051 0.350485 0.0708103 0.451656
