0 0.668544 0.734151 0.184287 0.523276 0.873457
0 0.368541 0.736001 0.120173 0.459978 0.842846
0 0.14441 0.641976 0.0722853 0.26959 0.830808
0 0.0786719 0.622708 0.054192 0.223881 0.793168
0 0.764104 0.755304 0.0884261 0.484333 0.775131
0 0.457057 0.714396 0.0824554 0.431857 0.768435
0 0.933044 0.721756 0.0918224 0.423137 0.758307
0 0.284363 0.726342 0.100008 0.499135 0.706336
0 0.218656 0.724507 0.0747314 0.412619 0.668017
0 0.839226 0.723946 0.0933981 0.496518 0.576916
0 0.0144121 0.608701 0.0288241 0.146445 0.56739
0 0.0419095 0.596947 0.0322755 0.165457 0.536536
0 0.511944 0.687532 0.0771708 0.392854 0.535715
0 0.976808 0.727044 0.0458501 0.420653 0.49728
0 0.565281 0.677977 0.0703308 0.397554 0.430607
0 0.550099 0.678708 0.0985648 0.397768 0.250528
0 0.53413 0.689211 0.107084 0.396925 0.189314
0 0.863907 0.52154 0.0384853 0.0883064 0.186508
0 0.720269 0.542788 0.0432066 0.0722948 0.168333
0 0.0433753 0.604723 0.0256156 0.145635 0.136101
0 0.204289 0.566837 0.0537988 0.112855 0.103348
