0 0.342379 0.59587 0.0916991 0.500016
0 0.262374 0.543412 0.105121 0.543428
0 0.628421 0.484717 0.0896199 0.368854
0 0.112283 0.354776 0.170927 0.705081
0 0.817402 0.366571 0.0635193 0.320225
0 0.913308 0.390706 0.120021 0.568377
0 0.768646 0.405518 0.0727356 0.352763
0 0.240456 0.280616 0.0680566 0.327551
0 0.33524 0.209626 0.0858193 0.41301
0 0.550397 0.200904 0.0812573 0.356849
0 0.733774 0.328165 0.0425312 0.287673
0 0.14287 0.354157 0.146191 0.699622
0 0.644553 0.331513 0.0684897 0.162777
0 0.883991 0.434401 0.060026 0.459288
0 0.412597 0.236769 0.11441 0.464545
0 0.153781 0.347171 0.0961371 0.646572
0 0.241376 0.349864 0.0657178 0.473653
