0 0.589744 0.588353 0.194767 0.805067 0.932998
0 0.792547 0.438473 0.130324 0.383754 0.880029
0 0.257742 0.454018 0.138536 0.409247 0.852787
0 0.15942 0.395719 0.101471 0.288544 0.819145
0 0.0806986 0.369286 0.0817901 0.235155 0.757841
0 0.391553 0.350655 0.0451844 0.206945 0.727671
0 0.679302 0.325499 0.0405977 0.152167 0.703868
0 0.724963 0.313824 0.0416179 0.135118 0.668146
0 0.312266 0.334468 0.0431741 0.166577 0.663106
0 0.877476 0.346782 0.0780208 0.215728 0.637711
0 0.458659 0.306327 0.0351954 0.134193 0.594691
0 0.418012 0.28797 0.0197504 0.0808188 0.282187
0 0.370151 0.30482 0.0232984 0.116706 0.231411
0 0.532676 0.316687 0.0470007 0.13883 0.189902
0 0.477015 0.290843 0.0161593 0.0866164 0.170457
0 0.629949 0.298201 0.0223579 0.111938 0.13092
0 0.733208 0.313318 0.0270002 0.13482 0.1286
0 0.753002 0.296723 0.0219903 0.0936852 0.116636
