0 0.535785 0.751722 0.100709 0.481319
0 0.119461 0.888511 0.152189 0.215826
0 0.643627 0.627625 0.0957817 0.275136
0 0.242235 0.766379 0.0931545 0.362405
0 0.90684 0.52641 0.0868858 0.302756
0 0.713958 0.68795 0.10169 0.379837
0 0.38773 0.473688 0.0710669 0.227853
0 0.28867 0.489419 0.049055 0.19798
0 0.60389 0.495971 0.0701119 0.245423
0 0.0446042 0.613552 0.0806129 0.314951
0 0.235254 0.489668 0.0735233 0.22163
0 0.495327 0.500584 0.0443287 0.230376
0 0.543043 0.430455 0.0661783 0.122336
0 0.788541 0.650475 0.0793428 0.392574
0 0.555815 0.430094 0.0413254 0.120639
0 0.19813 0.722244 0.0672174 0.287349
0 0.353695 0.605487 0.0641951 0.218824
0 0.540672 0.473631 0.0681361 0.209285
0 0.288674 0.459487 0.0465523 0.135706
0 0.179593 0.326207 0.0459981 0.0818786
0 0.236641 0.463283 0.0585896 0.168412
0 0.191958 0.505593 0.0535106 0.237704
0 0.773197 0.686507 0.117337 0.466168
0 0.784954 0.593458 0.0714044 0.278629
0 0.196974 0.445039 0.0418524 0.119735
