0 0.16168 0.652659 0.0991591 0.332833 0.847175
0 0.952303 0.567993 0.0578777 0.175425 0.788665
0 0.796144 0.563346 0.0567546 0.19391 0.753672
0 0.746534 0.559803 0.0384094 0.178143 0.686102
0 0.275658 0.665765 0.134462 0.372524 0.684229
0 0.106067 0.67864 0.114121 0.398269 0.649602
0 0.367582 0.658503 0.0829797 0.331691 0.577236
0 0.676615 0.565699 0.0456969 0.176183 0.543318
0 0.0862704 0.676469 0.0762333 0.39659 0.482981
0 0.612884 0.585472 0.0397798 0.120429 0.473139
0 0.625548 0.48672 0.0340481 0.0699813 0.418166
0 0.719792 0.531632 0.0251259 0.120932 0.396382
0 0.239172 0.663195 0.0621488 0.374878 0.3477
0 0.694105 0.555539 0.0328762 0.181495 0.336946
0 0.255967 0.662093 0.0943513 0.382751 0.336926
0 0.558215 0.591518 0.0403061 0.129372 0.315688
0 0.454952 0.60249 0.0388165 0.120543 0.283935
0 0.548923 0.590648 0.060865 0.130726 0.267401
0 0.452467 0.5778 0.0317747 0.0681274 0.255986
0 0.299386 0.660422 0.0943599 0.334257 0.231579
0 0.693527 0.525713 0.0318113 0.115814 0.213342
0 0.68504 0.563973 0.0411455 0.184982 0.198239
0 0.537371 0.571778 0.0369846 0.0894387 0.194459
0 0.639435 0.58031 0.0306684 0.120286 0.190034
0 0.598637 0.490092 0.026001 0.0698048 0.183744
0 0.665992 0.482936 0.0248665 0.0591472 0.154466
0 0.767177 0.569253 0.0255093 0.166015 0.148684
0 0.538889 0.592412 0.0474409 0.126602 0.114754
0 0.632882 0.582062 0.0327993 0.122142 0.106769
0 0.643348 0.581292 0.0416534 0.127922 0.105426
