0 0.037198 0.764758 0.0430238 0.281308
0 0.785551 0.788722 0.0326595 0.188292
0 0.370358 0.78927 0.0366592 0.210417
0 0.626272 0.7564 0.0489365 0.351058
0 0.312789 0.793256 0.034449 0.203459
0 0.163309 0.7995 0.0301173 0.183243
0 0.874857 0.78545 0.0369549 0.188359
0 0.44727 0.793279 0.0336975 0.197064
0 0.415955 0.794596 0.0350687 0.191332
0 0.338901 0.798509 0.0367284 0.188723
0 0.0755449 0.759998 0.0381765 0.28792
0 0.757877 0.783968 0.0321333 0.199844
0 0.508 0.789024 0.0399275 0.199282
0 0.540185 0.796188 0.0285417 0.187746
0 0.671461 0.78938 0.0341935 0.19076
0 0.262651 0.797607 0.032612 0.195353
0 0.931022 0.799228 0.0285416 0.230473
0 0.475778 0.7893 0.0334988 0.204685
0 0.906432 0.782821 0.0318787 0.193271
0 0.820481 0.779835 0.0395968 0.213346
0 0.968596 0.725735 0.0345135 0.240668
0 0.238199 0.789872 0.0402584 0.198516
0 0.287483 0.795451 0.0299156 0.189571
0 0.56777 0.789083 0.0382707 0.19744
0 0.109868 0.761633 0.0387128 0.272435
0 0.61941 0.76082 0.0377696 0.310775
0 0.199296 0.791972 0.0388538 0.194422
0 0.731261 0.7719 0.0309061 0.213403
