0 0.568291 0.774644 0.0796846 0.325933 0.734541
0 0.425618 0.753414 0.109265 0.337128 0.644926
0 0.688393 0.7331 0.0540531 0.236804 0.622837
0 0.0327389 0.814486 0.0647709 0.278679 0.616645
0 0.331066 0.807436 0.0721266 0.258608 0.440655
0 0.848642 0.77753 0.089156 0.314808 0.417891
0 0.378434 0.762249 0.0532588 0.220728 0.414022
0 0.514956 0.726909 0.040408 0.180631 0.399792
0 0.245946 0.762325 0.0429913 0.217702 0.399354
0 0.759697 0.755625 0.126269 0.197413 0.346537
0 0.0929918 0.739312 0.0398121 0.187526 0.326049
0 0.751814 0.726832 0.113712 0.252256 0.301806
0 0.887637 0.779344 0.187135 0.325857 0.300132
0 0.193691 0.794668 0.0653911 0.300638 0.276635
0 0.174936 0.78781 0.0987313 0.31608 0.243685
0 0.474694 0.765351 0.0551084 0.265729 0.230874
0 0.738734 0.724186 0.0801963 0.246651 0.224006
0 0.0346331 0.797025 0.0597463 0.208581 0.198746
0 0.156623 0.784421 0.0490112 0.287294 0.198227
0 0.277022 0.77218 0.0451463 0.217109 0.18997
0 0.941376 0.676549 0.0562317 0.162622 0.171536
0 0.143941 0.779723 0.0736521 0.302221 0.153191
0 0.135684 0.749795 0.0663925 0.250799 0.151966
0 0.403374 0.7746 0.0913534 0.295333 0.137034
0 0.977616 0.674912 0.0389669 0.0983517 0.135101
0 0.537175 0.70758 0.0372791 0.212495 0.126008
0 0.794287 0.66771 0.0420557 0.0888961 0.121264
0 0.795769 0.683291 0.0483091 0.117613 0.120907
0 0.325387 0.729699 0.0537947 0.120641 0.118236
0 0.746282 0.698916 0.0683537 0.204204 0.112528
0 0.947834 0.679937 0.0428879 0.12205 0.103788
