0 0.189441 0.384035 0.0570633 0.273682 0.757341
0 0.929878 0.476777 0.0601818 0.283035 0.728895
0 0.582872 0.391451 0.0516325 0.295815 0.70944
0 0.665084 0.377836 0.0482149 0.291172 0.709381
0 0.0366537 0.304335 0.0437207 0.260756 0.700652
0 0.0782362 0.340667 0.0539448 0.280842 0.694017
0 0.861861 0.493596 0.0500362 0.276269 0.67785
0 0.260219 0.378825 0.0512267 0.274289 0.627996
0 0.340755 0.363185 0.0440555 0.283986 0.625792
0 0.712115 0.466615 0.050656 0.284314 0.598761
0 0.825068 0.436788 0.0451744 0.265678 0.595563
0 0.986515 0.437979 0.0264489 0.341794 0.578244
0 0.530646 0.361622 0.0446628 0.231512 0.42284
0 0.765789 0.440948 0.0524462 0.304777 0.294557
0 0.820548 0.40874 0.0486218 0.330493 0.241933
0 0.14275 0.318829 0.0493158 0.2329 0.212976
0 0.478597 0.492391 0.0869657 0.234354 0.168608
0 0.708985 0.39848 0.0578783 0.410663 0.16241
0 0.237581 0.285323 0.0323848 0.198 0.142104
0 0.702709 0.276378 0.0400593 0.174007 0.131119
0 0.463363 0.40141 0.0737923 0.214035 0.129585
0 0.0909609 0.250173 0.0783737 0.442626 0.126011
0 0.474817 0.449488 0.0927197 0.318321 0.105724
