0 0.930537 0.558454 0.138339 0.542271
0 0.382607 0.55481 0.166425 0.523703
0 0.155201 0.47572 0.0860978 0.294876
0 0.534535 0.537571 0.115326 0.424209
0 0.0535344 0.582402 0.107069 0.545649
0 0.714888 0.464556 0.0977858 0.304458
0 0.826472 0.378677 0.063789 0.213974
0 0.243214 0.483097 0.0845872 0.27388
0 0.773418 0.376961 0.0498884 0.211154
0 0.603109 0.465361 0.0818535 0.294686
0 0.492291 0.461168 0.053911 0.290893
0 0.808141 0.295905 0.0371666 0.0654244
0 0.816075 0.375156 0.0531006 0.219524
