0 0.463849 0.733687 0.151761 0.329466 0.876146
0 0.571089 0.725575 0.0982559 0.320674 0.818178
0 0.209356 0.612122 0.0517802 0.114704 0.769788
0 0.294178 0.617978 0.0480138 0.112101 0.717671
0 0.367421 0.609233 0.0375231 0.0843287 0.681568
0 0.812595 0.679208 0.0828248 0.19762 0.669325
0 0.153605 0.609762 0.0340082 0.0654606 0.611089
0 0.97216 0.707407 0.0556793 0.215289 0.590478
0 0.665809 0.629251 0.0469103 0.121597 0.482589
0 0.403577 0.613212 0.0319746 0.0741726 0.474112
0 0.260478 0.603266 0.0267697 0.0642759 0.413477
0 0.0229815 0.604653 0.0326229 0.0618348 0.341733
0 0.732069 0.627546 0.0514863 0.130025 0.326252
0 0.17688 0.611767 0.0225836 0.0623468 0.29096
0 0.873423 0.687501 0.0680142 0.1675 0.283083
0 0.898626 0.73496 0.10507 0.148342 0.282837
0 0.87739 0.734267 0.0980869 0.147159 0.237392
0 0.873286 0.701587 0.0925237 0.199631 0.236555
0 0.663122 0.649755 0.0442431 0.0832487 0.195326
0 0.913393 0.628014 0.0643714 0.110516 0.164036
0 0.16384 0.60831 0.0308221 0.0676867 0.145166
0 0.433495 0.607547 0.0243907 0.0546876 0.111825
0 0.0310636 0.602064 0.0435477 0.060046 0.105129
