0 0.351641 0.688698 0.0459153 0.101283
0 0.748257 0.643674 0.0210617 0.097342
0 0.533514 0.659226 0.021809 0.0657286
0 0.612078 0.650867 0.0376788 0.128742
0 0.513314 0.657993 0.0170819 0.0666575
0 0.351036 0.674052 0.0480931 0.0739581
0 0.327072 0.669229 0.0274096 0.0689941
0 0.618798 0.648304 0.0253325 0.115115
0 0.603819 0.630203 0.017045 0.0689986
0 0.517119 0.660572 0.0223665 0.0678846
0 0.240939 0.619848 0.0180115 0.0521614
0 0.239123 0.624064 0.0173379 0.0413712
0 0.588144 0.622453 0.0108823 0.0446946
0 0.256525 0.649571 0.014032 0.0514048
0 0.303343 0.646265 0.015975 0.047924
0 0.243601 0.614932 0.0149365 0.0479582
