0 0.671159 0.884362 0.0405465 0.164238
0 0.631563 0.897837 0.036917 0.16323
0 0.477827 0.888803 0.0359608 0.163738
0 0.101814 0.869042 0.0426481 0.180493
0 0.333478 0.87905 0.0476638 0.155375
0 0.159683 0.869537 0.0357243 0.149483
0 0.0177925 0.881014 0.0354731 0.19548
0 0.237731 0.87159 0.0251281 0.134215
0 0.205642 0.870938 0.0401708 0.155774
0 0.0499094 0.877251 0.0549456 0.213257
0 0.0539292 0.859644 0.0421927 0.176289
0 0.445143 0.892289 0.0289358 0.163012
0 0.132939 0.84204 0.0275466 0.113927
0 0.762968 0.962445 0.0345011 0.0751103
0 0.201031 0.890749 0.0293906 0.116081
0 0.212082 0.870658 0.0306261 0.15142
0 0.288875 0.904529 0.0350238 0.105696
0 0.513673 0.856035 0.0135793 0.0711476
0 0.570063 0.857247 0.0176069 0.0620526
0 0.286723 0.8876 0.0417081 0.140004
0 0.54666 0.88764 0.0217779 0.0927806
0 0.4514 0.89069 0.0296931 0.165562
0 0.369534 0.873998 0.0247504 0.120387
0 0.289146 0.87639 0.0522478 0.160836
