0 0.0705145 0.61769 0.0862513 0.297768 0.82128
0 0.213118 0.629307 0.0961435 0.340682 0.802128
0 0.715172 0.655767 0.0824456 0.455619 0.799309
0 0.519245 0.598393 0.0614874 0.292432 0.723953
0 0.39004 0.635427 0.0778945 0.372667 0.693928
0 0.83478 0.566939 0.0450936 0.268472 0.685461
0 0.660241 0.549781 0.0441524 0.196999 0.683406
0 0.796384 0.59901 0.0569033 0.334325 0.67352
0 0.345779 0.595078 0.0620121 0.272086 0.66898
0 0.44564 0.567418 0.0546175 0.222735 0.57217
0 0.599695 0.570446 0.0556427 0.239708 0.538185
0 0.94274 0.481272 0.0262122 0.120606 0.471355
0 0.86458 0.527743 0.0284281 0.149667 0.361641
0 0.287428 0.548246 0.026705 0.105538 0.325725
0 0.884119 0.517184 0.0262493 0.141583 0.307255
0 0.993684 0.498202 0.0118721 0.105003 0.215499
0 0.125831 0.572497 0.0619622 0.2402 0.208892
0 0.621532 0.531144 0.0286943 0.130335 0.203601
0 0.255644 0.607315 0.0338115 0.19135 0.159115
