0 0.578254 0.752861 0.066357 0.179702
0 0.440394 0.736244 0.0452752 0.146196
0 0.309261 0.763178 0.0563086 0.182754
0 0.176921 0.727938 0.0440003 0.179179
0 0.214788 0.553275 0.0456477 0.136921
0 0.133877 0.676199 0.0513691 0.153486
0 0.797787 0.696393 0.0523737 0.174181
0 0.846206 0.641946 0.0547225 0.145859
0 0.681101 0.736438 0.0446879 0.183392
0 0.630837 0.469741 0.0365587 0.139988
0 0.283062 0.554187 0.0557326 0.0860896
0 0.817263 0.458794 0.0326469 0.103087
0 0.283397 0.423707 0.0260696 0.0831862
0 0.85102 0.483996 0.0466114 0.103617
0 0.0888868 0.616487 0.062577 0.143509
0 0.230627 0.438717 0.0260158 0.0981824
0 0.588083 0.388968 0.0291444 0.0981607
0 0.385191 0.561006 0.0538792 0.116652
0 0.884949 0.525586 0.0391414 0.11966
0 0.781773 0.510931 0.0377912 0.101513
0 0.0975311 0.617102 0.0438679 0.137381
0 0.701806 0.569035 0.0969471 0.168811
0 0.894128 0.615426 0.0599113 0.141485
0 0.116023 0.496983 0.0339877 0.101422
0 0.661586 0.393529 0.027319 0.0892811
0 0.450062 0.526211 0.0415912 0.118929
0 0.767638 0.438908 0.0309512 0.094707
0 0.110034 0.500018 0.0458917 0.113285
0 0.0940672 0.526563 0.0361023 0.11617
0 0.493941 0.508899 0.0323029 0.114686
0 0.169662 0.461357 0.0329306 0.094616
0 0.583145 0.410366 0.038331 0.144469
0 0.718946 0.414276 0.0336285 0.106478
0 0.570152 0.739078 0.0457993 0.151341
0 0.0772414 0.627966 0.0835579 0.16438
0 0.385625 0.540603 0.0552531 0.0735821
0 0.17952 0.541248 0.0393367 0.107811
0 0.41837 0.437008 0.0296281 0.161149
0 0.176943 0.701357 0.0425278 0.123445
0 0.113688 0.514506 0.0385523 0.135433
0 0.817771 0.484572 0.0349884 0.156242
