0 0.86274 0.743162 0.195809 0.470846
0 0.31884 0.724094 0.161803 0.412761
0 0.738272 0.734048 0.152729 0.445162
0 0.177145 0.717736 0.166791 0.402581
0 0.069727 0.707512 0.139454 0.397748
0 0.602682 0.729556 0.187658 0.422279
0 0.478363 0.729727 0.16634 0.4086
0 0.260956 0.50126 0.120461 0.323772
0 0.90235 0.508984 0.193293 0.293779
0 0.352943 0.489936 0.098092 0.313831
0 0.542806 0.471053 0.11234 0.279408
0 0.641603 0.503322 0.117939 0.336388
0 0.0741071 0.495419 0.148214 0.31759
0 0.153386 0.495658 0.127215 0.333187
0 0.448356 0.494117 0.0940302 0.350191
0 0.814195 0.384603 0.0916119 0.140343
0 0.97052 0.744448 0.05896 0.455865
0 0.935659 0.371281 0.0882066 0.180402
0 0.188129 0.349729 0.0671017 0.120682
0 0.76913 0.500951 0.149809 0.298693
0 0.0477001 0.487547 0.0954003 0.301761
0 0.0157849 0.674823 0.0314516 0.205733
0 0.393543 0.343869 0.062539 0.13426
0 0.693794 0.364893 0.0719739 0.123978
