0 0.712049 0.626923 0.131492 0.732276
0 0.244065 0.525747 0.0701746 0.34608
0 0.549663 0.609145 0.138858 0.653743
0 0.486541 0.53059 0.0775287 0.447063
0 0.860415 0.630449 0.139717 0.683433
0 0.937996 0.657472 0.123535 0.664881
0 0.789693 0.603414 0.0666626 0.540206
0 0.41252 0.502469 0.0651896 0.376211
0 0.399681 0.495584 0.0895231 0.367184
0 0.663761 0.562341 0.0580766 0.418197
0 0.670599 0.400219 0.0407999 0.086567
0 0.637219 0.404602 0.0446357 0.134721
0 0.617587 0.554866 0.0794598 0.445608
0 0.60429 0.566237 0.0570837 0.478438
0 0.632646 0.55481 0.0541276 0.426893
0 0.603332 0.451409 0.0560953 0.254684
0 0.595632 0.363945 0.0387651 0.0797975
0 0.601617 0.412199 0.0515913 0.176402
0 0.633603 0.558023 0.0902752 0.436123
0 0.315272 0.430234 0.0725259 0.1918
