0 0.555533 0.626608 0.322033 0.733071
0 0.0969992 0.576103 0.19039 0.656364
0 0.321852 0.636331 0.255719 0.710718
0 0.888753 0.6175 0.175042 0.662088
0 0.800481 0.540895 0.089155 0.468719
0 0.77528 0.535493 0.137243 0.482586
0 0.65764 0.533578 0.108791 0.532799
0 0.939574 0.609374 0.120068 0.728905
0 0.482349 0.540877 0.0881016 0.554629
0 0.0382787 0.527483 0.0765574 0.480624
0 0.410536 0.554947 0.0737335 0.315104
0 0.462015 0.535492 0.145579 0.586208
0 0.97476 0.650519 0.0502716 0.698963
0 0.183662 0.522006 0.0730967 0.316723
0 0.410869 0.480233 0.0815777 0.470819
0 0.640624 0.537203 0.0697834 0.526218
0 0.224376 0.483357 0.154093 0.470428
0 0.252262 0.486685 0.100261 0.457451
0 0.298983 0.571671 0.315988 0.666699
0 0.422308 0.51303 0.0899509 0.540039
0 0.957915 0.485231 0.0837273 0.47934
0 0.182992 0.462467 0.0896537 0.452856
0 0.224745 0.584701 0.165702 0.686107
0 0.441425 0.517825 0.108579 0.554687
0 0.958982 0.369565 0.0816143 0.242096
0 0.975389 0.76384 0.0487354 0.46408
0 0.371746 0.343357 0.0638837 0.197896
