0 0.962405 0.703115 0.0741886 0.2824 0.815249
0 0.613817 0.697973 0.082287 0.339385 0.741684
0 0.88604 0.658146 0.110754 0.387736 0.707851
0 0.821005 0.726463 0.0633427 0.264362 0.691923
0 0.293945 0.742304 0.0520727 0.262754 0.62737
0 0.536935 0.761118 0.0601059 0.211201 0.607778
0 0.427919 0.725002 0.0703856 0.296444 0.601779
0 0.187799 0.759974 0.0463777 0.222472 0.59688
0 0.238973 0.753842 0.0470849 0.237105 0.593371
0 0.779641 0.747779 0.0524141 0.223251 0.489971
0 0.364269 0.73472 0.0527201 0.275344 0.48938
0 0.0642032 0.778382 0.0426752 0.180559 0.446816
0 0.739455 0.702014 0.105799 0.328635 0.438613
0 0.147588 0.774391 0.0451085 0.192721 0.408008
0 0.103101 0.788932 0.0387297 0.16178 0.398665
0 0.494173 0.71694 0.0633195 0.30048 0.368767
0 0.731592 0.707899 0.067955 0.305416 0.18467
0 0.504303 0.630774 0.0427161 0.122741 0.12466
0 0.718312 0.706854 0.0957896 0.309888 0.123845
