0 0.809248 0.48111 0.115524 0.480001
0 0.948996 0.517492 0.101327 0.512641
0 0.70959 0.469303 0.0749235 0.377508
0 0.366771 0.446624 0.0759634 0.308464
0 0.178087 0.471073 0.0926718 0.367117
0 0.431183 0.444526 0.0546371 0.308683
0 0.2218 0.63086 0.120297 0.301378
0 0.0192473 0.506389 0.038452 0.186839
0 0.477781 0.460179 0.0736696 0.36107
0 0.893887 0.436911 0.0492645 0.229307
0 0.644987 0.491161 0.0452309 0.224083
0 0.531997 0.585597 0.197636 0.558708
0 0.232434 0.591605 0.103079 0.349061
0 0.518468 0.304111 0.0472288 0.0937936
0 0.980579 0.519827 0.0383301 0.505315
0 0.579769 0.578024 0.191847 0.583901
0 0.219822 0.489214 0.0846542 0.14422
0 0.237986 0.490659 0.0468318 0.143054
0 0.77623 0.411474 0.0404861 0.223689
0 0.480892 0.345483 0.060069 0.127269
0 0.519778 0.322479 0.0498781 0.132329
