0 0.153647 0.63737 0.193755 0.448255
0 0.917905 0.53403 0.0990223 0.268643
0 0.540345 0.600057 0.156875 0.351877
0 0.753239 0.56814 0.132985 0.29246
0 0.417999 0.544716 0.08154 0.249749
0 0.317305 0.492065 0.0695407 0.211148
0 0.222572 0.459652 0.0375497 0.157775
0 0.986018 0.510611 0.0274521 0.233491
0 0.265964 0.477478 0.0474658 0.173574
0 0.811091 0.470291 0.04625 0.152061
0 0.0620915 0.447816 0.0375154 0.126508
0 0.341898 0.45611 0.0375243 0.144937
0 0.700905 0.494946 0.046981 0.210426
0 0.0692837 0.450648 0.0495104 0.132582
0 0.185646 0.435013 0.0336267 0.111686
0 0.842951 0.443143 0.0323358 0.111712
0 0.104861 0.451764 0.0365999 0.122613
0 0.567398 0.450117 0.0704076 0.114918
0 0.0801992 0.453631 0.0322859 0.130295
0 0.0638714 0.451517 0.0272463 0.129051
0 0.583098 0.44951 0.0381067 0.112167
0 0.45773 0.448581 0.0571817 0.117729
0 0.567454 0.515702 0.0700582 0.243211
0 0.603406 0.445817 0.0372341 0.118654
0 0.627776 0.428858 0.0195525 0.0838622
