0 0.0757456 0.649433 0.0669207 0.195742 0.665267
0 0.906503 0.571729 0.0640354 0.282116 0.661829
0 0.0977554 0.492131 0.0755649 0.235371 0.64076
0 0.929296 0.689283 0.0924454 0.172822 0.6096
0 0.768804 0.527745 0.068327 0.18399 0.599526
0 0.144507 0.582186 0.0691755 0.104027 0.59897
0 0.528228 0.605088 0.0636688 0.0870609 0.589923
0 0.372216 0.591187 0.0530506 0.0977908 0.566602
0 0.680305 0.608427 0.057526 0.108443 0.519363
0 0.311534 0.586903 0.0598295 0.0871558 0.51924
0 0.422114 0.599622 0.050682 0.0850028 0.514352
0 0.497419 0.519047 0.0543895 0.116821 0.478551
0 0.842766 0.525421 0.0759388 0.191542 0.467694
0 0.855411 0.668482 0.0720213 0.200352 0.465162
0 0.195255 0.529726 0.0558521 0.17503 0.462761
0 0.573547 0.592673 0.0575552 0.116888 0.460608
0 0.47356 0.589506 0.0684117 0.107416 0.450757
0 0.617947 0.59627 0.0644032 0.125917 0.431716
0 0.700415 0.519697 0.0579988 0.166212 0.424908
0 0.792951 0.657464 0.0623787 0.201846 0.411682
0 0.344434 0.53064 0.0579098 0.166647 0.399812
0 0.650391 0.553034 0.0483164 0.1185 0.399774
0 0.225066 0.591746 0.0647343 0.0846292 0.396941
0 0.586316 0.518751 0.0528347 0.134452 0.367711
0 0.443685 0.528392 0.0606549 0.160495 0.36414
0 0.544097 0.51801 0.0539138 0.143874 0.347054
0 0.302185 0.511634 0.0538181 0.137009 0.336436
0 0.737001 0.609279 0.0566761 0.105972 0.325685
0 0.252108 0.537402 0.0605707 0.165601 0.301069
0 0.395178 0.522819 0.054171 0.157742 0.29978
0 0.153 0.51409 0.0532225 0.181028 0.269599
0 0.41452 0.451358 0.0393269 0.086479 0.214281
0 0.26348 0.454392 0.0490634 0.0997126 0.208748
0 0.441657 0.508029 0.0541269 0.117053 0.198193
0 0.939825 0.676718 0.0693741 0.146769 0.190097
0 0.467702 0.468541 0.0419937 0.0933163 0.186376
0 0.543153 0.498196 0.0523752 0.103815 0.175844
0 0.514742 0.461525 0.0459417 0.0874745 0.17518
0 0.801054 0.50406 0.0506317 0.169914 0.155111
0 0.421492 0.656185 0.0503487 0.201648 0.153565
0 0.203372 0.447495 0.0537471 0.100446 0.151912
0 0.616141 0.487629 0.0449428 0.104893 0.151386
0 0.801776 0.481162 0.0492538 0.121475 0.144267
0 0.324298 0.450017 0.0323327 0.082428 0.113364
