0 0.640394 0.675231 0.0546802 0.190719 0.839636
0 0.855739 0.652908 0.0511642 0.223959 0.83163
0 0.534016 0.672519 0.047933 0.181333 0.803592
0 0.723767 0.671268 0.0462704 0.197018 0.734284
0 0.118076 0.686478 0.0420286 0.200441 0.716383
0 0.820571 0.617053 0.0333214 0.132377 0.661593
0 0.30418 0.665148 0.0458198 0.186746 0.605999
0 0.401485 0.67287 0.0324623 0.192327 0.565505
0 0.374133 0.683756 0.0402734 0.166457 0.428155
0 0.220467 0.663923 0.0435171 0.115792 0.424656
0 0.769023 0.605133 0.0265013 0.0940658 0.326217
0 0.209408 0.658089 0.0269919 0.105618 0.197199
0 0.284986 0.635589 0.0198741 0.109207 0.1891
0 0.381462 0.682979 0.0484959 0.173006 0.180285
0 0.567482 0.725856 0.025041 0.076644 0.176104
0 0.310033 0.662588 0.0358046 0.172232 0.172241
0 0.203014 0.654983 0.0149258 0.101154 0.133808
0 0.81536 0.618684 0.0231264 0.127358 0.11369
