0 0.799315 0.690407 0.238912 0.606245
0 0.560804 0.68369 0.147663 0.46762
0 0.409774 0.620563 0.129786 0.47811
0 0.320515 0.629836 0.112355 0.324791
0 0.24504 0.630475 0.0841916 0.290644
0 0.197961 0.594072 0.0684471 0.314685
0 0.143773 0.600196 0.0532359 0.27746
0 0.887131 0.613771 0.180556 0.421553
0 0.105874 0.580176 0.0528416 0.29238
0 0.954702 0.504104 0.0285101 0.147411
0 0.974139 0.634718 0.0514515 0.384567
0 0.0192491 0.553286 0.0384982 0.253383
0 0.859722 0.459356 0.0360962 0.0949896
0 0.972469 0.526724 0.0397369 0.205618
0 0.701629 0.613527 0.06006 0.319256
0 0.907025 0.489272 0.0296709 0.128717
0 0.622568 0.699719 0.078529 0.433184
0 0.985314 0.619473 0.028837 0.388807
0 0.487499 0.677294 0.076833 0.368763
0 0.831145 0.608333 0.293856 0.443143
0 0.611202 0.494287 0.0804241 0.149592
0 0.0629516 0.55847 0.0490957 0.281802
0 0.979143 0.696534 0.0408531 0.240853
0 0.99087 0.548048 0.0175873 0.18567
0 0.989579 0.523387 0.0201151 0.209615
0 0.201144 0.512391 0.0643464 0.150177
0 0.621091 0.583166 0.0590683 0.199266
0 0.0550499 0.561022 0.0459623 0.271184
0 0.958256 0.512705 0.0323528 0.16824
0 0.824398 0.466559 0.0492266 0.082214
0 0.51041 0.683362 0.104785 0.373294
0 0.990321 0.586925 0.0186046 0.298669
0 0.603072 0.697077 0.107742 0.43827
0 0.9065 0.473217 0.0341671 0.10697
0 0.748074 0.609324 0.115995 0.451243
