0 0.71189 0.64981 0.179799 0.70038 0.908178
0 0.603626 0.630717 0.0605623 0.406897 0.753514
0 0.551406 0.612609 0.0529617 0.278532 0.724443
0 0.801977 0.670816 0.0791191 0.535343 0.720616
0 0.41785 0.681474 0.171419 0.629994 0.719247
0 0.887157 0.586038 0.0247825 0.103237 0.663819
0 0.501663 0.618523 0.058997 0.339269 0.637941
0 0.309351 0.657165 0.0864648 0.491716 0.600332
0 0.237639 0.620612 0.0913336 0.403218 0.474434
0 0.0997638 0.571365 0.0456949 0.221524 0.442627
0 0.186525 0.607641 0.0728281 0.321613 0.431555
0 0.109532 0.572695 0.0609094 0.218956 0.419245
0 0.288461 0.661149 0.125487 0.48819 0.407671
0 0.173527 0.60927 0.10407 0.319046 0.265297
0 0.857129 0.575845 0.028668 0.0926513 0.263687
0 0.14045 0.582933 0.0782665 0.244426 0.221908
0 0.614052 0.62829 0.0580021 0.441623 0.210408
0 0.374331 0.536425 0.104554 0.270419 0.196393
0 0.186551 0.612612 0.15985 0.347358 0.158253
0 0.313827 0.659108 0.126748 0.489227 0.1451
0 0.122953 0.572937 0.0883052 0.23002 0.141858
0 0.198916 0.609846 0.10096 0.343618 0.120971
0 0.238523 0.627238 0.142017 0.404461 0.119434
0 0.646302 0.622215 0.0502184 0.526879 0.113467
0 0.646069 0.474065 0.0487923 0.222206 0.107338
0 0.78175 0.436585 0.038972 0.0727724 0.102831
