0 0.0479543 0.653519 0.0956458 0.355427
0 0.25155 0.636065 0.073866 0.330558
0 0.369487 0.62391 0.0688733 0.369993
0 0.313319 0.63138 0.057861 0.34102
0 0.497909 0.637156 0.0630631 0.344313
0 0.185928 0.63783 0.071174 0.333419
0 0.436571 0.642004 0.0715666 0.345841
0 0.550445 0.639792 0.0544687 0.329662
0 0.643085 0.644182 0.056274 0.306751
0 0.901023 0.688273 0.0946897 0.391824
0 0.96035 0.700661 0.078886 0.446238
0 0.120237 0.645716 0.0784194 0.34541
0 0.818675 0.660063 0.0859383 0.367164
0 0.597769 0.640384 0.0545221 0.323379
0 0.684249 0.637337 0.057428 0.298376
0 0.735526 0.640542 0.0644058 0.291989
0 0.77199 0.634081 0.0478374 0.299463
0 0.755818 0.634974 0.0296244 0.29552
0 0.971315 0.70575 0.05694 0.471857
0 0.156989 0.506796 0.0313165 0.0684117
0 0.866729 0.515617 0.0315849 0.0884267
0 0.767918 0.53446 0.033591 0.0974631
0 0.017713 0.635308 0.0352877 0.365254
0 0.950423 0.67773 0.064777 0.407062
0 0.786219 0.64188 0.0400791 0.317536
0 0.00979686 0.527932 0.0195051 0.144709
0 0.689849 0.64224 0.0415735 0.264886
0 0.00752149 0.520841 0.015043 0.130874
0 0.0261624 0.50797 0.0355136 0.0910709
