0 0.402561 0.539933 0.210153 0.88571
0 0.507001 0.567189 0.240198 0.834089
0 0.794856 0.345079 0.0732193 0.307508
0 0.85848 0.350378 0.0806162 0.298187
0 0.146355 0.332867 0.0526161 0.307479
0 0.197903 0.336134 0.0486914 0.282201
0 0.754718 0.311355 0.0372236 0.207113
0 0.937419 0.286235 0.0464748 0.186982
0 0.0882259 0.33074 0.0514575 0.325964
0 0.976823 0.285455 0.0385831 0.17746
0 0.240468 0.318058 0.0527164 0.294355
0 0.0241191 0.352128 0.0482383 0.325381
0 0.699643 0.297544 0.0331284 0.202078
0 0.653975 0.297556 0.0409552 0.18458
0 0.0352819 0.347098 0.0666606 0.327485
0 0.10159 0.332891 0.0360448 0.317011
0 0.627533 0.303098 0.0351811 0.160702
0 0.7479 0.304136 0.0376391 0.203216
0 0.622228 0.28956 0.0467372 0.192856
0 0.878228 0.283688 0.0482647 0.190457
0 0.055572 0.327164 0.0485413 0.346862
0 0.294523 0.328413 0.0501571 0.258647
0 0.184854 0.335171 0.0505392 0.28416
0 0.907393 0.283996 0.0334003 0.17336
