0 0.38247 0.489088 0.112925 0.725319
0 0.161788 0.523194 0.146236 0.91247
0 0.0525966 0.432034 0.105193 0.720075
0 0.64769 0.445361 0.0937618 0.471785
0 0.551171 0.454359 0.0871195 0.604222
0 0.723691 0.411247 0.0792735 0.43195
0 0.481667 0.418082 0.0972906 0.537349
0 0.32407 0.43713 0.0945554 0.623939
0 0.979448 0.398679 0.0405431 0.229421
0 0.814122 0.411079 0.0723364 0.375536
0 0.286117 0.430386 0.110049 0.595299
0 0.940382 0.381476 0.058715 0.267966
0 0.903739 0.37763 0.0605164 0.277924
0 0.3243 0.285948 0.0970263 0.316405
0 0.269188 0.442849 0.0958551 0.638813
0 0.105229 0.194276 0.052006 0.127598
0 0.455594 0.228425 0.0312399 0.0541652
0 0.452927 0.263505 0.0362297 0.128525
0 0.285142 0.225416 0.0693247 0.209276
0 0.859747 0.389627 0.0513225 0.297802
0 0.594072 0.500516 0.0633525 0.292315
0 0.894808 0.283117 0.0452908 0.105628
0 0.949698 0.377638 0.0496775 0.269763
0 0.43181 0.260298 0.0407067 0.136681
0 0.856199 0.43854 0.0444336 0.204114
0 0.268183 0.28804 0.106228 0.331755
0 0.792049 0.404801 0.0728966 0.370296
0 0.984072 0.277919 0.0312828 0.0903002
