0 0.683245 0.563103 0.0889309 0.143792 0.733561
0 0.376798 0.53089 0.0702104 0.18647 0.681095
0 0.863701 0.533398 0.0548572 0.183433 0.673562
0 0.200063 0.5085 0.0457981 0.150336 0.658259
0 0.792501 0.541407 0.0762719 0.19311 0.649733
0 0.499984 0.537305 0.0505511 0.197072 0.610339
0 0.5784 0.522404 0.0559068 0.178666 0.58821
0 0.273785 0.508786 0.047481 0.152127 0.572422
0 0.730271 0.524303 0.0526108 0.171054 0.556054
0 0.642547 0.524831 0.0341299 0.120619 0.475452
0 0.398358 0.511407 0.0336341 0.146503 0.425805
0 0.428215 0.494598 0.0372785 0.126223 0.401097
0 0.604057 0.509358 0.0303513 0.158744 0.359174
0 0.230345 0.503788 0.0391468 0.142831 0.336513
0 0.526802 0.533101 0.035891 0.183535 0.332798
0 0.301071 0.503844 0.0399112 0.13958 0.256217
0 0.857433 0.546191 0.0432312 0.157036 0.244352
0 0.404434 0.516092 0.04794 0.151353 0.231449
0 0.308422 0.504218 0.0385118 0.146494 0.226101
0 0.39418 0.526874 0.0460818 0.178197 0.192716
0 0.75951 0.528376 0.0312673 0.180621 0.169207
0 0.33338 0.501837 0.0360988 0.131673 0.160542
0 0.64556 0.512664 0.0367953 0.148815 0.144799
0 0.68287 0.541129 0.0632367 0.188979 0.13433
0 0.221755 0.506507 0.038338 0.142477 0.132793
0 0.243467 0.501537 0.0396756 0.134159 0.106192
0 0.420947 0.511742 0.0320887 0.152036 0.104428
0 0.686981 0.49489 0.040304 0.0895225 0.104325
