0 0.83782 0.643555 0.132385 0.32651
0 0.554842 0.623435 0.127032 0.356452
0 0.936585 0.663842 0.105573 0.328283
0 0.128923 0.428755 0.137903 0.347044
0 0.364898 0.643422 0.107078 0.28769
0 0.452957 0.620828 0.0933021 0.316165
0 0.136246 0.654446 0.13357 0.38416
0 0.221943 0.648728 0.110017 0.362594
0 0.901758 0.439604 0.115009 0.243679
0 0.708492 0.642821 0.138155 0.329333
0 0.828504 0.436728 0.0798815 0.241078
0 0.3485 0.42453 0.0699111 0.278555
0 0.29474 0.624946 0.0848624 0.315675
0 0.636906 0.63547 0.0921774 0.339537
0 0.56162 0.40662 0.102798 0.285782
0 0.291306 0.415413 0.0952412 0.263148
0 0.474919 0.408374 0.0919458 0.251419
0 0.414803 0.415963 0.0757288 0.285701
0 0.228044 0.398752 0.0989754 0.270788
0 0.762741 0.445984 0.0721956 0.286294
0 0.641191 0.409077 0.0931879 0.279519
0 0.218631 0.374739 0.0801287 0.229428
0 0.702771 0.419424 0.0799294 0.279781
