0 0.367332 0.719382 0.0613576 0.249907
0 0.27828 0.724272 0.055811 0.268116
0 0.146754 0.733767 0.0565225 0.270698
0 0.0856969 0.732702 0.057424 0.260282
0 0.0348249 0.734971 0.0696498 0.264068
0 0.232326 0.73475 0.0623949 0.263957
0 0.193812 0.723397 0.0414839 0.228291
0 0.32746 0.723854 0.0600008 0.248569
0 0.564011 0.725866 0.0726482 0.264118
0 0.899348 0.71887 0.142767 0.302806
0 0.564183 0.672359 0.0703304 0.157564
0 0.841048 0.651074 0.044062 0.100661
0 0.735789 0.717093 0.105306 0.302258
0 0.71972 0.646214 0.0570856 0.163726
0 0.708109 0.643804 0.0343145 0.164163
0 0.780594 0.598462 0.0476788 0.261967
0 0.736397 0.650572 0.042466 0.154128
0 0.117224 0.728823 0.0308067 0.269291
0 0.626136 0.636817 0.0613846 0.168904
0 0.344485 0.72031 0.0934186 0.260553
0 0.728086 0.654925 0.0549843 0.158066
0 0.935511 0.714912 0.0692398 0.295896
0 0.734454 0.629178 0.0325594 0.105905
0 0.626766 0.68066 0.0626958 0.254908
