0 0.893646 0.630065 0.141689 0.67297 0.819662
0 0.784263 0.613342 0.102088 0.52623 0.794715
0 0.128834 0.565099 0.135587 0.542045 0.782558
0 0.700605 0.579443 0.11721 0.605469 0.680576
0 0.273065 0.39533 0.0876257 0.172762 0.585812
0 0.420403 0.380707 0.0857666 0.165009 0.462877
0 0.202709 0.669813 0.122535 0.363407 0.458082
0 0.345127 0.410398 0.0701659 0.164012 0.45636
0 0.310556 0.749957 0.183346 0.276484 0.451584
0 0.480018 0.391281 0.0561428 0.13583 0.447862
0 0.0131112 0.45118 0.0193321 0.12088 0.420782
0 0.0573111 0.475454 0.0378196 0.236316 0.382197
0 0.530949 0.388891 0.0498238 0.12567 0.367961
0 0.380339 0.342812 0.0478283 0.114265 0.334571
0 0.640223 0.683138 0.196609 0.408058 0.309033
0 0.611146 0.392853 0.0645114 0.126525 0.281826
0 0.20228 0.615795 0.119737 0.2569 0.278586
0 0.242137 0.362655 0.0430984 0.119385 0.232913
0 0.210023 0.391661 0.0468619 0.10569 0.226957
0 0.347185 0.392531 0.06242 0.127471 0.193661
0 0.660814 0.443617 0.0500668 0.280421 0.184405
0 0.607741 0.678544 0.131567 0.397789 0.16566
0 0.277816 0.737923 0.249699 0.291212 0.151478
0 0.610838 0.413507 0.0725272 0.169577 0.149956
0 0.223217 0.384619 0.0719859 0.129371 0.148753
0 0.654637 0.679387 0.129153 0.397192 0.133031
0 0.576567 0.348225 0.0560344 0.162121 0.128019
0 0.544024 0.388341 0.0756554 0.124725 0.126297
0 0.197884 0.412208 0.0688095 0.153346 0.109229
