0 0.625406 0.726016 0.0756155 0.35709
0 0.270996 0.716296 0.0795145 0.34457
0 0.480041 0.721785 0.0764928 0.372104
0 0.340385 0.708389 0.06507 0.363414
0 0.70488 0.731046 0.0734622 0.342556
0 0.402248 0.72447 0.0770581 0.357047
0 0.558206 0.730577 0.0767355 0.352659
0 0.0320448 0.707491 0.0640897 0.330726
0 0.208625 0.714788 0.0652501 0.333534
0 0.0958065 0.71033 0.0645546 0.323434
0 0.811233 0.714629 0.0733887 0.328578
0 0.965336 0.726786 0.0683331 0.349029
0 0.892965 0.723618 0.0821629 0.336905
0 0.150636 0.706695 0.0700908 0.334865
