0 0.727038 0.826379 0.0455798 0.219806 0.78557
0 0.445332 0.816667 0.032333 0.15389 0.766981
0 0.353064 0.83501 0.0407368 0.187137 0.755645
0 0.476853 0.814167 0.0348324 0.155583 0.710624
0 0.617249 0.839106 0.0434586 0.196882 0.64538
0 0.587913 0.835418 0.0301743 0.185521 0.624145
0 0.158841 0.819213 0.0313379 0.128644 0.567293
0 0.803394 0.814598 0.0276495 0.131254 0.422281
0 0.190178 0.824462 0.0292287 0.141159 0.399519
0 0.531379 0.779314 0.0121029 0.0546698 0.248821
0 0.823604 0.894156 0.0550062 0.101862 0.243956
0 0.194297 0.819878 0.0261805 0.136126 0.237164
0 0.895183 0.857512 0.0554062 0.137645 0.184784
0 0.808256 0.811331 0.0379696 0.128906 0.183583
0 0.534075 0.780218 0.0125553 0.0552554 0.100002
