0 0.865915 0.68311 0.259867 0.54579 0.848044
0 0.661672 0.689924 0.125627 0.456149 0.831156
0 0.349241 0.698326 0.315319 0.572798 0.768975
0 0.56922 0.62863 0.0898957 0.462627 0.651347
0 0.192916 0.669077 0.110959 0.43541 0.649487
0 0.0929699 0.670268 0.108068 0.422795 0.63716
0 0.465593 0.676245 0.136919 0.605227 0.603846
0 0.933697 0.671916 0.112795 0.381739 0.585802
0 0.746917 0.654365 0.0799797 0.442867 0.506417
0 0.248867 0.627847 0.0888245 0.421027 0.332261
0 0.135625 0.495243 0.0419211 0.126492 0.233959
0 0.981418 0.613008 0.0368618 0.375688 0.160684
0 0.615592 0.624122 0.0489881 0.344584 0.153071
0 0.0398305 0.62937 0.0657019 0.396472 0.119626
0 0.951807 0.640133 0.0868454 0.359897 0.103104
0 0.773889 0.468472 0.0456363 0.101606 0.100106
