0 0.281383 0.497917 0.19626 0.460013
0 0.895973 0.530173 0.183358 0.52033
0 0.108553 0.286909 0.0812653 0.160929
0 0.376421 0.493636 0.134778 0.399197
0 0.708999 0.461411 0.113055 0.354325
0 0.519892 0.48899 0.125343 0.36747
0 0.969236 0.496906 0.0606606 0.452196
0 0.783262 0.452343 0.0661219 0.315442
0 0.458008 0.489344 0.103367 0.367171
0 0.647826 0.465583 0.103763 0.365245
0 0.837224 0.4017 0.0715004 0.227112
0 0.571074 0.472624 0.0868645 0.383191
0 0.414089 0.498764 0.207474 0.381978
0 0.767734 0.455305 0.0893773 0.328948
0 0.677317 0.46615 0.152833 0.358541
0 0.737622 0.219917 0.0378166 0.131567
