0 0.71321 0.511305 0.269187 0.974544 0.888502
0 0.896683 0.160523 0.0637115 0.201766 0.82259
0 0.27417 0.401262 0.138182 0.753543 0.811297
0 0.150834 0.477386 0.19059 0.874267 0.792098
0 0.844381 0.150587 0.0296591 0.138048 0.544698
0 0.386352 0.163527 0.046271 0.159653 0.522055
0 0.219669 0.136346 0.0479022 0.104025 0.453056
0 0.349133 0.162468 0.0386376 0.160551 0.448809
0 0.46087 0.134891 0.143829 0.242223 0.39625
0 0.610545 0.195937 0.0861578 0.266567 0.365553
0 0.317917 0.169765 0.0452313 0.144382 0.35497
0 0.598966 0.181998 0.0619183 0.234327 0.299422
0 0.589167 0.173086 0.0514521 0.232264 0.25434
0 0.426524 0.444439 0.283983 0.869437 0.245966
0 0.426398 0.14449 0.0343369 0.121927 0.242328
0 0.547748 0.150611 0.0464864 0.19563 0.236161
0 0.330812 0.169559 0.0664103 0.147317 0.234784
0 0.823114 0.153396 0.024274 0.149988 0.233144
0 0.5806 0.175917 0.0433916 0.237573 0.220824
0 0.35396 0.134396 0.0342452 0.111125 0.219246
0 0.852525 0.140865 0.0189087 0.115041 0.206768
0 0.344503 0.174609 0.0376892 0.136219 0.202765
0 0.313277 0.13662 0.0338627 0.082522 0.199159
0 0.276355 0.139566 0.12677 0.223892 0.190547
0 0.467932 0.398395 0.192006 0.770656 0.185225
0 0.86783 0.135054 0.020793 0.109382 0.155169
0 0.856182 0.138475 0.0136589 0.109036 0.129219
0 0.956994 0.111246 0.0189808 0.062891 0.121252
0 0.250336 0.458855 0.090337 0.621556 0.121246
0 0.633457 0.208332 0.0466017 0.299047 0.117363
0 0.67705 0.276098 0.088723 0.226074 0.108641
0 0.182791 0.186773 0.0644074 0.143335 0.102235
