0 0.117655 0.598119 0.0902658 0.504793 0.866605
0 0.444872 0.597182 0.0890667 0.462405 0.856499
0 0.950569 0.572048 0.0984379 0.511006 0.83066
0 0.360875 0.605522 0.0934923 0.453286 0.800538
0 0.0416241 0.616608 0.0832482 0.481873 0.799639
0 0.868894 0.578694 0.112566 0.48215 0.788879
0 0.199235 0.59881 0.102448 0.490907 0.780538
0 0.779812 0.576724 0.0874249 0.47516 0.75071
0 0.613439 0.579896 0.0850922 0.470747 0.736598
0 0.701301 0.581248 0.0951619 0.465177 0.730609
0 0.515823 0.586056 0.0708702 0.465619 0.684554
0 0.281552 0.598685 0.0828419 0.474958 0.664551
0 0.561627 0.582878 0.0514139 0.43576 0.439849
0 0.715804 0.582869 0.0670051 0.474211 0.433901
0 0.59853 0.575543 0.0557476 0.481178 0.330464
0 0.635154 0.576915 0.0636995 0.483398 0.328612
0 0.721616 0.391776 0.0387774 0.0888524 0.239263
0 0.649845 0.405252 0.0355619 0.105429 0.200497
0 0.127185 0.634633 0.077408 0.430602 0.18867
0 0.268952 0.611756 0.0485469 0.446598 0.178136
0 0.528372 0.583999 0.0712479 0.462749 0.166776
0 0.651312 0.426566 0.0392406 0.150798 0.113282
0 0.977823 0.588044 0.0438698 0.498333 0.108043
