0 0.761968 0.442578 0.123648 0.408568
0 0.622398 0.411054 0.11201 0.344435
0 0.421152 0.410363 0.0681203 0.293432
0 0.315266 0.412678 0.0705381 0.284635
0 0.018111 0.376101 0.0361198 0.251522
0 0.142268 0.395317 0.0670451 0.28378
0 0.221367 0.439915 0.0809249 0.269059
0 0.0658085 0.375128 0.0546963 0.238129
0 0.107935 0.381626 0.0479318 0.262061
0 0.240172 0.319093 0.0508134 0.122892
0 0.189921 0.365671 0.0391345 0.208367
0 0.242927 0.364254 0.0524291 0.212583
0 0.190307 0.306912 0.0386224 0.0875575
0 0.189158 0.336925 0.040117 0.149641
0 0.183219 0.365825 0.0496841 0.188732
