0 0.270921 0.511586 0.307815 0.780119
0 0.742019 0.54843 0.297697 0.795263
0 0.0962986 0.369689 0.0959168 0.446556
0 0.919033 0.282403 0.0795612 0.409417
0 0.978306 0.275653 0.0428448 0.412843
0 0.484202 0.304161 0.0870579 0.388699
0 0.0278801 0.431243 0.0556905 0.384674
0 0.603179 0.2979 0.0801733 0.351899
0 0.378575 0.373502 0.0729858 0.315778
0 0.412817 0.331462 0.0600909 0.348784
0 0.842285 0.256144 0.0728695 0.27512
0 0.0317709 0.223081 0.0634953 0.166038
0 0.552009 0.294155 0.0611567 0.366894
0 0.176322 0.354111 0.112829 0.442183
0 0.96615 0.267776 0.0643568 0.410072
0 0.193902 0.224925 0.0560383 0.217409
0 0.151313 0.370123 0.0566421 0.425216
0 0.522917 0.296584 0.0581699 0.376076
0 0.151306 0.305971 0.0539314 0.291698
0 0.775249 0.139307 0.0780072 0.113197
0 0.325641 0.256612 0.0699032 0.27366
0 0.185066 0.351491 0.076649 0.471185
0 0.766643 0.207108 0.10527 0.252886
0 0.549282 0.17536 0.0470331 0.121341
