0 0.0455317 0.546108 0.0488264 0.206654
0 0.665552 0.727221 0.100933 0.532405
0 0.508511 0.727319 0.110668 0.529009
0 0.431468 0.731419 0.107385 0.519097
0 0.342012 0.728561 0.14506 0.52799
0 0.738625 0.72379 0.0941837 0.530099
0 0.803936 0.723746 0.0930323 0.53681
0 0.587897 0.692602 0.0949554 0.599298
0 0.0147504 0.561703 0.0292458 0.2093
0 0.126503 0.677189 0.171949 0.623795
0 0.947414 0.757418 0.104551 0.476157
0 0.256457 0.686488 0.181002 0.614752
0 0.876049 0.734529 0.106311 0.514526
0 0.100721 0.469525 0.0512909 0.0886161
0 0.167019 0.67801 0.248573 0.62675
0 0.644545 0.708736 0.0920696 0.571976
0 0.858828 0.498124 0.0332052 0.0845918
0 0.892507 0.493621 0.0470486 0.094487
0 0.648654 0.492516 0.0310808 0.0554251
0 0.983517 0.707785 0.0325092 0.51543
0 0.303759 0.584668 0.0965083 0.402046
