0 0.264356 0.392465 0.138374 0.431406 0.846146
0 0.551909 0.717419 0.150617 0.460976 0.833929
0 0.413596 0.739853 0.148073 0.472133 0.810794
0 0.370199 0.403433 0.153721 0.501049 0.795354
0 0.145202 0.528525 0.141702 0.678818 0.784695
0 0.594639 0.483097 0.118529 0.598878 0.770033
0 0.48781 0.420057 0.108976 0.445977 0.73778
0 0.698131 0.398125 0.124017 0.442384 0.682552
0 0.977614 0.481042 0.0441612 0.300386 0.604026
0 0.684977 0.727032 0.11786 0.483614 0.569473
0 0.188404 0.717716 0.120495 0.448137 0.5582
0 0.931359 0.481838 0.0565265 0.298439 0.556975
0 0.878135 0.478605 0.0594574 0.300603 0.527423
0 0.293292 0.715228 0.125178 0.438366 0.466495
0 0.808637 0.471404 0.0527027 0.316705 0.465618
0 0.686498 0.652384 0.119698 0.337267 0.423816
0 0.0242372 0.444696 0.0484744 0.350124 0.400659
0 0.760753 0.464794 0.0771503 0.316708 0.326616
0 0.846161 0.481341 0.0435906 0.303189 0.308258
0 0.0541633 0.44488 0.108327 0.341525 0.288467
0 0.187888 0.652097 0.11755 0.324662 0.214719
0 0.0709018 0.311693 0.0410013 0.0601798 0.185553
0 0.836913 0.479545 0.0546852 0.31093 0.178069
0 0.034483 0.444985 0.0680588 0.33118 0.103666
