0 0.596155 0.482264 0.241367 0.66472 0.830787
0 0.912917 0.588578 0.123923 0.429592 0.825816
0 0.34983 0.409489 0.0342441 0.111848 0.780728
0 0.200818 0.48598 0.127497 0.467247 0.70936
0 0.713441 0.47556 0.0795094 0.359855 0.659254
0 0.788396 0.461665 0.0901955 0.455143 0.658706
0 0.929965 0.47133 0.139697 0.626315 0.637507
0 0.834551 0.553369 0.0777824 0.36528 0.596668
0 0.425441 0.381152 0.0515481 0.230651 0.585907
0 0.403936 0.419796 0.0419758 0.167074 0.583322
0 0.36967 0.365579 0.0350643 0.16487 0.536483
0 0.467632 0.446475 0.0650932 0.202923 0.406332
0 0.0693424 0.412376 0.0745484 0.0946223 0.391031
0 0.479059 0.319484 0.0492677 0.134187 0.342278
0 0.455578 0.423918 0.0383885 0.162906 0.235246
0 0.0580848 0.414044 0.0502321 0.0912952 0.231695
0 0.654104 0.257825 0.0412296 0.0824281 0.177491
0 0.367203 0.409017 0.0180646 0.103176 0.167981
0 0.817513 0.281041 0.0853564 0.197082 0.157767
0 0.369375 0.340083 0.0320981 0.112352 0.146716
0 0.816573 0.346686 0.089391 0.337111 0.133145
0 0.49291 0.446152 0.0570985 0.183754 0.132446
0 0.225457 0.406377 0.0980484 0.298294 0.122472
0 0.93302 0.323935 0.132735 0.333756 0.119531
0 0.972728 0.505448 0.0538925 0.550352 0.114393
0 0.702436 0.285601 0.0618393 0.0821257 0.111517
0 0.236783 0.423458 0.0778349 0.265057 0.100617
