0 0.464434 0.488978 0.383354 0.906566 0.837609
0 0.849654 0.34323 0.0684349 0.131372 0.706278
0 0.158527 0.374995 0.0522745 0.0868318 0.482146
0 0.221111 0.365948 0.0616951 0.119658 0.456684
0 0.0215155 0.381643 0.043031 0.101768 0.409595
0 0.74189 0.33456 0.0421909 0.0808599 0.39545
0 0.0939701 0.380826 0.0548382 0.10177 0.373987
0 0.0539721 0.376299 0.0411447 0.0924051 0.36856
0 0.76264 0.327073 0.0339844 0.0631492 0.294856
0 0.290565 0.366818 0.0530536 0.11877 0.250628
0 0.713881 0.337764 0.0376322 0.0781851 0.241626
0 0.890985 0.312084 0.0443587 0.0812633 0.222297
0 0.753852 0.328161 0.0441645 0.0675986 0.208543
0 0.195413 0.373488 0.031291 0.070918 0.196326
0 0.731635 0.339616 0.0451833 0.0721564 0.175701
0 0.661121 0.33605 0.0414714 0.0561203 0.172555
0 0.248349 0.3738 0.0625539 0.106213 0.157861
0 0.793349 0.32925 0.03849 0.063396 0.156198
0 0.812058 0.329753 0.0363643 0.0609578 0.139201
0 0.949985 0.375755 0.0874706 0.0619668 0.116376
0 0.892514 0.333867 0.0440017 0.127348 0.116079
0 0.259252 0.372224 0.0530436 0.111571 0.110451
0 0.787826 0.327396 0.0348302 0.0595824 0.105439
0 0.144617 0.373412 0.0501213 0.0900766 0.103183
