0 0.112604 0.719362 0.224986 0.440661
0 0.619681 0.704996 0.133951 0.485329
0 0.372637 0.437204 0.0899582 0.476362
0 0.194073 0.312859 0.0564295 0.308354
0 0.801464 0.621232 0.0979034 0.406078
0 0.889915 0.57751 0.0736584 0.409424
0 0.541514 0.556241 0.0464291 0.332248
0 0.4651 0.524462 0.065958 0.392358
0 0.370438 0.448326 0.0535898 0.453877
0 0.950017 0.496083 0.0442474 0.183488
0 0.538848 0.496519 0.0426704 0.213012
0 0.759418 0.563209 0.0608263 0.281621
0 0.511382 0.523098 0.163098 0.386078
0 0.655936 0.486621 0.0484088 0.21823
0 0.981616 0.491401 0.0360546 0.178603
0 0.848913 0.446231 0.03657 0.114439
0 0.720487 0.492595 0.0375065 0.202842
0 0.691632 0.491122 0.0350227 0.182764
0 0.918036 0.478463 0.0329147 0.152371
