0 0.143246 0.467786 0.0572428 0.237344
0 0.295388 0.45197 0.0551841 0.207977
0 0.423035 0.519032 0.058796 0.16958
0 0.353312 0.537848 0.0646423 0.187359
0 0.0786406 0.444527 0.0523312 0.223897
0 0.206516 0.42934 0.0422427 0.20902
0 0.475704 0.444307 0.0363708 0.154663
0 0.578795 0.496098 0.0478562 0.122867
0 0.511622 0.501585 0.0530516 0.151832
0 0.637476 0.48168 0.0443757 0.110416
0 0.684458 0.469095 0.0347537 0.104337
0 0.528141 0.425646 0.0343797 0.125478
0 0.942539 0.422404 0.0195888 0.0778888
0 0.991705 0.42339 0.016228 0.0772763
0 0.415261 0.416672 0.0412741 0.116757
