0 0.807854 0.730071 0.119924 0.532732 0.856406
0 0.64723 0.657166 0.0958563 0.461515 0.828895
0 0.47624 0.545713 0.0584831 0.324033 0.696926
0 0.206103 0.57111 0.07442 0.336888 0.695472
0 0.338033 0.558046 0.0649717 0.332846 0.631743
0 0.859365 0.441228 0.0320045 0.146073 0.603758
0 0.784333 0.430927 0.0295244 0.125718 0.551358
0 0.59411 0.531854 0.0561323 0.310134 0.547038
0 0.427498 0.530892 0.0526739 0.304242 0.512307
0 0.390374 0.513636 0.0501854 0.277821 0.432061
0 0.0293809 0.344051 0.0185981 0.0869142 0.38383
0 0.156596 0.541757 0.0445639 0.287414 0.359654
0 0.718781 0.402343 0.0292594 0.157245 0.354029
0 0.266592 0.524773 0.055649 0.293006 0.343592
0 0.124583 0.52267 0.0447618 0.264975 0.255363
0 0.943861 0.428476 0.0467087 0.186181 0.236869
0 0.351766 0.552481 0.0375822 0.334992 0.221417
0 0.277313 0.530559 0.0734491 0.302054 0.192286
0 0.907118 0.430076 0.0241438 0.0997105 0.178372
0 0.54496 0.579393 0.0397079 0.168961 0.153166
0 0.313727 0.545433 0.0520617 0.31484 0.136999
0 0.234774 0.440363 0.0418059 0.125649 0.132608
0 0.146443 0.53623 0.0620126 0.28658 0.116469
0 0.237296 0.521692 0.0431895 0.289049 0.113292
0 0.936945 0.449755 0.0423249 0.148188 0.10849
0 0.323359 0.55047 0.0513702 0.318403 0.102417
