0 0.750505 0.596394 0.117658 0.46623
0 0.329037 0.565929 0.0955424 0.429515
0 0.0918734 0.580624 0.115852 0.532537
0 0.961059 0.523476 0.0404231 0.153099
0 0.513523 0.587029 0.282127 0.644658
0 0.646335 0.625237 0.0664435 0.235534
0 0.990578 0.517225 0.0180656 0.166521
0 0.258225 0.590004 0.0610396 0.230934
0 0.645907 0.557204 0.0677356 0.369714
0 0.0693626 0.664755 0.0627127 0.356554
0 0.753748 0.643948 0.105792 0.362611
0 0.193514 0.533376 0.0273171 0.093269
0 0.21278 0.576426 0.0475125 0.135263
0 0.363529 0.478051 0.0364627 0.113895
0 0.939992 0.489141 0.0352514 0.187135
0 0.0190203 0.679056 0.0380239 0.439465
0 0.887839 0.534473 0.0310879 0.104353
0 0.314025 0.574032 0.0759307 0.435387
0 0.844355 0.520384 0.036372 0.142017
0 0.191085 0.542547 0.0257253 0.0735057
0 0.0255116 0.55124 0.0509384 0.172466
0 0.0197434 0.525164 0.0394783 0.123814
0 0.0131218 0.605201 0.0262437 0.089513
0 0.0112546 0.508828 0.0225091 0.0801139
0 0.0994361 0.577195 0.161818 0.557056
0 0.574211 0.682702 0.0802191 0.42979
0 0.0180998 0.493871 0.0276492 0.0623921
0 0.0108506 0.670304 0.0216062 0.484994
0 0.219031 0.575246 0.0357646 0.120886
0 0.879267 0.432135 0.0332596 0.0964447
0 0.217508 0.548463 0.0367308 0.0677451
0 0.918517 0.536966 0.032354 0.106087
