0 0.879202 0.65055 0.0604147 0.180062
0 0.549518 0.716513 0.152515 0.328158
0 0.217183 0.656937 0.0975267 0.235015
0 0.338867 0.657338 0.0790576 0.23184
0 0.785345 0.703397 0.0994425 0.303709
0 0.280604 0.644147 0.0510054 0.201573
0 0.0228745 0.618646 0.0433279 0.16198
0 0.143954 0.688872 0.11637 0.314945
0 0.0821229 0.687082 0.0908622 0.320849
0 0.399557 0.601582 0.0374583 0.111121
0 0.477465 0.648295 0.0432867 0.219263
0 0.765464 0.693679 0.0646391 0.313583
0 0.434512 0.636142 0.0391098 0.185642
0 0.673956 0.617412 0.0457018 0.125751
0 0.120143 0.688213 0.162688 0.319721
0 0.716648 0.601966 0.0215284 0.0808235
0 0.691365 0.617703 0.0375549 0.124062
0 0.596386 0.633714 0.0609254 0.173249
0 0.682441 0.617709 0.0531923 0.122393
0 0.187453 0.654831 0.0413891 0.22555
0 0.634105 0.627762 0.0372124 0.14963
0 0.844179 0.615646 0.0248447 0.115019
0 0.967355 0.618383 0.0312237 0.0519978
