0 0.928094 0.636078 0.142999 0.524294 0.903722
0 0.747856 0.635515 0.171904 0.400982 0.87556
0 0.369036 0.545262 0.132187 0.379583 0.738369
0 0.601008 0.568016 0.131102 0.408857 0.730431
0 0.0511555 0.501834 0.0787865 0.393697 0.679358
0 0.116658 0.498175 0.0775708 0.366433 0.641135
0 0.17556 0.494923 0.0718471 0.368028 0.623169
0 0.435995 0.48615 0.0598929 0.341917 0.576267
0 0.266412 0.503248 0.145598 0.358262 0.558808
0 0.623777 0.498645 0.0804039 0.291198 0.534122
0 0.83567 0.503031 0.056501 0.303571 0.477818
0 0.484015 0.493668 0.0622016 0.314183 0.405868
0 0.788222 0.486133 0.0623993 0.287186 0.384207
0 0.976131 0.50992 0.0472153 0.314092 0.332885
0 0.516975 0.496315 0.0545183 0.31035 0.312825
0 0.240543 0.50057 0.0932455 0.357255 0.231182
0 0.976124 0.425613 0.0471697 0.143206 0.204209
0 0.799384 0.489199 0.0454566 0.292683 0.164169
0 0.777522 0.486518 0.051929 0.283475 0.157508
0 0.955941 0.412998 0.0346465 0.109247 0.1292
0 0.727696 0.421241 0.0499314 0.134522 0.12419
0 0.410106 0.350799 0.03645 0.124683 0.122246
0 0.473549 0.494303 0.0461912 0.314147 0.115137
0 0.673869 0.469359 0.0374825 0.216697 0.107941
0 0.0136922 0.501368 0.0270571 0.28689 0.107435
0 0.675469 0.435664 0.0370329 0.148984 0.105758
0 0.674238 0.41776 0.036142 0.106644 0.105133
