0 0.493711 0.568468 0.0603439 0.295567 0.726667
0 0.555781 0.562299 0.0659512 0.30114 0.721519
0 0.621812 0.567536 0.0761316 0.298889 0.697743
0 0.758917 0.529814 0.07933 0.362481 0.658072
0 0.0913499 0.556033 0.0697582 0.311699 0.635471
0 0.319936 0.554837 0.0665381 0.307977 0.630861
0 0.687117 0.562065 0.0668249 0.290506 0.567221
0 0.436911 0.56107 0.0623878 0.304143 0.550611
0 0.379271 0.562008 0.0593408 0.30532 0.512855
0 0.827668 0.539873 0.0718744 0.339695 0.49026
0 0.261926 0.556027 0.0635099 0.302034 0.483378
0 0.959461 0.430928 0.0714325 0.124738 0.4356
0 0.151154 0.558217 0.0680387 0.305954 0.42092
0 0.212049 0.466215 0.0503696 0.100605 0.373267
0 0.824518 0.445903 0.0686049 0.149393 0.373243
0 0.155903 0.460442 0.0573578 0.111948 0.372475
0 0.890471 0.433351 0.0672497 0.15387 0.300349
0 0.0329318 0.548145 0.065418 0.321816 0.263312
0 0.380736 0.461539 0.054159 0.101643 0.240664
0 0.890968 0.534717 0.070988 0.35512 0.231748
0 0.465469 0.442233 0.0349612 0.118375 0.226465
0 0.210224 0.564512 0.0583224 0.297686 0.210591
0 0.523824 0.446721 0.0407304 0.143645 0.195125
0 0.0698414 0.44202 0.0412075 0.132289 0.194365
0 0.890202 0.480285 0.0683315 0.248765 0.182042
0 0.853362 0.399313 0.0464683 0.128838 0.18009
0 0.406854 0.42744 0.0396305 0.111796 0.177351
0 0.58578 0.4326 0.0420051 0.146582 0.176538
0 0.353411 0.413616 0.0345127 0.103587 0.157606
0 0.709148 0.442304 0.0445049 0.164514 0.152331
0 0.959537 0.483795 0.0723633 0.232681 0.151901
0 0.293606 0.434657 0.0360028 0.122726 0.148002
0 0.0755949 0.418032 0.0260515 0.0773023 0.134332
0 0.0363313 0.457227 0.0574935 0.135818 0.133623
0 0.651858 0.43738 0.0440219 0.160927 0.129627
0 0.687401 0.479474 0.058098 0.124772 0.127148
0 0.262371 0.464354 0.0609476 0.115307 0.121288
0 0.0735047 0.430822 0.0301171 0.103577 0.120402
0 0.494431 0.522803 0.0608208 0.213863 0.119798
0 0.210832 0.493271 0.0536567 0.15567 0.116743
0 0.961559 0.541852 0.0738253 0.347738 0.116434
0 0.969722 0.778955 0.0595283 0.18182 0.10121
