0 0.376562 0.820711 0.0609538 0.187551 0.331011
0 0.206734 0.822183 0.0642946 0.177796 0.309023
0 0.161094 0.809679 0.0587862 0.167314 0.286523
0 0.203642 0.694262 0.0466892 0.145906 0.278872
0 0.0545168 0.816052 0.0664023 0.155612 0.2653
0 0.252593 0.698595 0.0603056 0.179515 0.264273
0 0.504539 0.692993 0.0446112 0.170127 0.260807
0 0.456103 0.67778 0.0629379 0.175663 0.256782
0 0.775872 0.702934 0.0490789 0.148154 0.24224
0 0.256544 0.819213 0.0490802 0.163343 0.221563
0 0.380395 0.684247 0.0664936 0.176836 0.212496
0 0.333727 0.827874 0.0508947 0.186241 0.208489
0 0.94412 0.82489 0.0585526 0.119903 0.204041
0 0.541688 0.689512 0.045163 0.172606 0.187651
0 0.635499 0.826789 0.0559746 0.176196 0.166586
0 0.890044 0.817421 0.080151 0.154629 0.163187
0 0.113438 0.816831 0.0517336 0.169512 0.156772
0 0.730949 0.691704 0.0527187 0.151197 0.150007
0 0.582378 0.694998 0.047493 0.177419 0.149344
0 0.414867 0.662142 0.0496588 0.161346 0.149051
0 0.624686 0.701273 0.0481345 0.170932 0.143761
0 0.296069 0.814841 0.0495844 0.181378 0.140141
0 0.816448 0.703569 0.042677 0.145182 0.128868
0 0.429652 0.80995 0.0606547 0.172651 0.127743
0 0.59395 0.827209 0.051227 0.168631 0.125937
0 0.0764889 0.689284 0.0572477 0.129468 0.123144
0 0.509946 0.820551 0.0640402 0.176335 0.105599
0 0.298298 0.684803 0.0410538 0.158933 0.105097
0 0.470353 0.813995 0.0446554 0.171049 0.104006
0 0.330038 0.690885 0.0497904 0.157099 0.100776
