0 0.502031 0.737924 0.538956 0.523846 0.865186
0 0.073385 0.312031 0.142507 0.274555 0.836338
0 0.55122 0.295241 0.215241 0.291276 0.827208
0 0.90444 0.318676 0.168412 0.237251 0.733711
0 0.699491 0.293774 0.211119 0.313945 0.693342
0 0.285278 0.321832 0.151638 0.242289 0.654535
0 0.361525 0.300474 0.173395 0.286923 0.572663
0 0.784985 0.322105 0.123109 0.237819 0.564494
0 0.670139 0.617357 0.207815 0.282017 0.472855
0 0.156332 0.316468 0.0909364 0.22801 0.45166
0 0.636486 0.0876028 0.0643659 0.149043 0.226012
0 0.703593 0.298557 0.157904 0.287844 0.196419
0 0.173483 0.320938 0.123231 0.234285 0.173395
0 0.877822 0.0999705 0.0657452 0.116072 0.163824
0 0.731139 0.294006 0.139416 0.30065 0.155492
0 0.606586 0.7383 0.785221 0.521679 0.135587
0 0.305294 0.308551 0.272341 0.274484 0.114643
0 0.211798 0.331661 0.0863283 0.217537 0.107643
0 0.215047 0.25483 0.049734 0.0571161 0.103243
0 0.22998 0.328625 0.177901 0.229557 0.102176
