0 0.528416 0.656776 0.181101 0.602679 0.848249
0 0.675399 0.664606 0.0860374 0.357939 0.760879
0 0.953566 0.599159 0.0446259 0.207814 0.74557
0 0.304558 0.664381 0.075678 0.367731 0.740919
0 0.798388 0.632579 0.0550135 0.295235 0.710567
0 0.430929 0.638298 0.0634164 0.313171 0.596115
0 0.114486 0.643938 0.0677467 0.315571 0.569414
0 0.754595 0.599243 0.0437296 0.223736 0.566498
0 0.873612 0.632915 0.057016 0.229039 0.511426
0 0.91921 0.579617 0.0359371 0.157113 0.493873
0 0.0351705 0.62777 0.0594845 0.294401 0.387296
0 0.990646 0.576837 0.0180367 0.221482 0.374792
0 0.201739 0.613873 0.0530477 0.26172 0.346959
0 0.985362 0.584589 0.0288414 0.214133 0.341157
0 0.238436 0.605337 0.0347869 0.183752 0.340191
0 0.364758 0.601842 0.0325396 0.164918 0.331192
0 0.829214 0.585509 0.0309317 0.174022 0.331095
0 0.895319 0.616682 0.0330319 0.198744 0.320313
0 0.140903 0.614702 0.0319976 0.216688 0.313477
0 0.173984 0.599848 0.0304814 0.177778 0.239526
0 0.38801 0.539034 0.0508605 0.289883 0.237472
0 0.262351 0.592516 0.0304239 0.179169 0.23612
0 0.973642 0.578425 0.0331516 0.195565 0.189102
0 0.733769 0.58151 0.0227281 0.154745 0.181365
0 0.611192 0.619421 0.0616014 0.268587 0.174526
0 0.716985 0.563146 0.0228386 0.136085 0.155447
0 0.598745 0.621058 0.0518619 0.262509 0.131159
0 0.742173 0.600275 0.0341233 0.221419 0.112441
