0 0.865642 0.592022 0.268715 0.808794 0.890472
0 0.319555 0.578681 0.18211 0.574336 0.86484
0 0.57888 0.628642 0.200517 0.742715 0.849604
0 0.188315 0.545271 0.12961 0.446141 0.839297
0 0.731032 0.559755 0.147489 0.555439 0.79455
0 0.465598 0.502099 0.104855 0.384337 0.771385
0 0.0402253 0.514385 0.0802445 0.33813 0.758279
0 0.0896829 0.528891 0.0749392 0.369483 0.72962
0 0.264432 0.521074 0.0756734 0.380342 0.551993
0 0.642718 0.466855 0.0988425 0.416175 0.240942
0 0.786436 0.351695 0.0372214 0.0560379 0.203237
0 0.142376 0.479822 0.0472155 0.225347 0.184461
0 0.667441 0.348822 0.0310978 0.0614767 0.14612
