0 0.898531 0.782403 0.105419 0.280964
0 0.812057 0.789861 0.0851249 0.259063
0 0.16702 0.762066 0.0914541 0.267354
0 0.130213 0.686859 0.0875519 0.379657
0 0.770483 0.620197 0.0669655 0.239683
0 0.716992 0.618172 0.0574816 0.211327
0 0.887296 0.606969 0.0602402 0.216317
0 0.453686 0.60889 0.0735432 0.189026
0 0.247738 0.762352 0.0958356 0.283152
0 0.670669 0.606467 0.0472271 0.221668
0 0.409482 0.753939 0.0747661 0.240893
0 0.195234 0.592037 0.0671458 0.188736
0 0.8329 0.609857 0.0632833 0.228129
0 0.34451 0.59177 0.0610745 0.186615
0 0.323114 0.746189 0.0588165 0.227479
0 0.363221 0.752852 0.0544506 0.220692
0 0.287518 0.583845 0.0593372 0.18722
0 0.584852 0.754763 0.0655767 0.239295
0 0.389017 0.597314 0.0558494 0.176884
0 0.530881 0.755029 0.0662878 0.246906
0 0.730906 0.760981 0.0894173 0.239315
0 0.64786 0.75979 0.0870599 0.238405
0 0.242726 0.577751 0.0469737 0.181413
0 0.627473 0.604389 0.0481545 0.202224
0 0.278408 0.745471 0.0537582 0.239086
0 0.483967 0.74908 0.0863393 0.24048
0 0.52813 0.591245 0.0659113 0.205068
0 0.846595 0.719434 0.0450409 0.111744
0 0.584507 0.594602 0.0561073 0.191927
0 0.845298 0.74671 0.0467251 0.173218
