0 0.970703 0.665311 0.0581051 0.276503 0.759719
0 0.386576 0.609477 0.0509335 0.19368 0.716479
0 0.860912 0.615424 0.0457028 0.178637 0.652732
0 0.27411 0.619632 0.0504879 0.197281 0.646242
0 0.613213 0.63789 0.0394165 0.179635 0.622757
0 0.909835 0.617845 0.0481647 0.164311 0.579718
0 0.587861 0.627637 0.0334592 0.182164 0.571709
0 0.444171 0.612209 0.040204 0.170688 0.570782
0 0.766307 0.613773 0.0414572 0.169302 0.502773
0 0.546795 0.616596 0.0400997 0.186071 0.431353
0 0.164888 0.629854 0.0562849 0.206229 0.416661
0 0.516537 0.614001 0.0340482 0.167118 0.394104
0 0.728695 0.619483 0.0632798 0.181643 0.383381
0 0.30439 0.611243 0.0344914 0.191291 0.368952
0 0.34846 0.610803 0.0375055 0.176918 0.324477
0 0.479464 0.613561 0.0454708 0.184656 0.315004
0 0.355745 0.610536 0.0306587 0.167937 0.290608
0 0.162071 0.577971 0.0486169 0.10206 0.26311
0 0.660339 0.626808 0.0361946 0.181579 0.257705
0 0.313166 0.609398 0.0442602 0.198444 0.251053
0 0.327127 0.606984 0.0326083 0.184848 0.250015
0 0.335232 0.608388 0.0392287 0.183472 0.244036
0 0.11624 0.651189 0.0493565 0.206359 0.192431
0 0.638595 0.632394 0.030492 0.179698 0.182783
0 0.735065 0.621946 0.0412591 0.168699 0.166752
0 0.0411532 0.583055 0.0486085 0.132648 0.166265
0 0.0428614 0.553178 0.043217 0.0827925 0.162373
0 0.0153866 0.587909 0.030618 0.129895 0.15272
0 0.114291 0.585733 0.0499009 0.102107 0.14814
0 0.0792056 0.59914 0.0440345 0.0914279 0.120922
0 0.0835602 0.657072 0.060339 0.210469 0.118837
0 0.324765 0.581703 0.0337101 0.139196 0.107022
