0 0.929714 0.748168 0.140022 0.49603 0.900937
0 0.452043 0.76517 0.120489 0.456657 0.837436
0 0.618223 0.741426 0.149925 0.50429 0.834197
0 0.708044 0.755296 0.124549 0.480437 0.787713
0 0.177311 0.788488 0.148901 0.407621 0.779155
0 0.381291 0.704456 0.0670312 0.311295 0.7213
0 0.803762 0.666809 0.0714805 0.262281 0.664078
0 0.531484 0.743557 0.0867993 0.497227 0.557669
0 0.859237 0.65263 0.0581097 0.290239 0.491994
0 0.085087 0.797012 0.110266 0.386091 0.324716
0 0.0301635 0.655225 0.0542223 0.249022 0.26914
0 0.90723 0.507014 0.0423042 0.109691 0.267352
0 0.759806 0.536053 0.0364984 0.145086 0.250951
0 0.462101 0.513579 0.0413077 0.11375 0.207838
0 0.69005 0.508402 0.0373579 0.0819294 0.174608
0 0.784129 0.519852 0.0293001 0.12836 0.171436
0 0.904134 0.583384 0.0514538 0.117199 0.150007
0 0.516254 0.514654 0.0369722 0.129513 0.138611
0 0.0364064 0.642023 0.0709549 0.280443 0.13334
0 0.55438 0.49149 0.0303247 0.0819835 0.125752
0 0.825915 0.532682 0.0404999 0.0696598 0.112811
