0 0.32074 0.710451 0.100112 0.430778 0.847536
0 0.410043 0.7157 0.0910979 0.414971 0.813245
0 0.545955 0.672261 0.183258 0.655478 0.812169
0 0.223685 0.710401 0.106371 0.424211 0.720539
0 0.756466 0.70958 0.105713 0.422404 0.637481
0 0.0703406 0.735347 0.0971442 0.378618 0.607584
0 0.829409 0.682461 0.112654 0.377033 0.530985
0 0.146976 0.703933 0.087762 0.436236 0.519399
0 0.777546 0.514323 0.0677454 0.140076 0.374032
0 0.645531 0.701973 0.0849205 0.441963 0.357673
0 0.357595 0.508211 0.0685984 0.139101 0.349539
0 0.676296 0.68378 0.0786968 0.471965 0.312288
0 0.272222 0.513707 0.0537874 0.116305 0.299607
0 0.659072 0.686421 0.10049 0.46703 0.291437
0 0.917931 0.555456 0.0725071 0.0907611 0.278366
0 0.0246916 0.734788 0.0493832 0.518031 0.269974
0 0.45203 0.636268 0.0574373 0.428642 0.260813
0 0.188993 0.506508 0.0411981 0.109737 0.220582
0 0.968928 0.550627 0.0613131 0.0973081 0.195013
0 0.675562 0.504645 0.0669509 0.114996 0.186744
0 0.835707 0.485063 0.0373411 0.0495047 0.179176
0 0.748841 0.759851 0.0810213 0.316548 0.178874
0 0.685662 0.65246 0.0793827 0.411753 0.168416
0 0.843719 0.686511 0.0798176 0.374102 0.166992
0 0.97938 0.557875 0.0405259 0.0780372 0.162938
0 0.0185733 0.714585 0.0370344 0.487866 0.158072
0 0.833377 0.502298 0.0429856 0.0849875 0.155492
0 0.842594 0.552729 0.085446 0.116998 0.117059
0 0.769372 0.502688 0.0592146 0.117556 0.108485
0 0.748042 0.571971 0.0939394 0.157737 0.104164
0 0.886725 0.5344 0.0391819 0.070831 0.102363
