0 0.446195 0.516632 0.232067 0.935276
0 0.641578 0.563227 0.214994 0.852186
0 0.167671 0.391523 0.0682591 0.342552
0 0.927551 0.736818 0.143247 0.515398
0 0.852226 0.506831 0.0922205 0.597286
0 0.314388 0.425299 0.10408 0.566533
0 0.418972 0.19512 0.0579612 0.142317
0 0.571033 0.27819 0.0477783 0.120016
0 0.103584 0.365171 0.0540538 0.378831
0 0.781244 0.532036 0.0808653 0.509049
0 0.806177 0.252603 0.0532414 0.157836
0 0.230761 0.279404 0.0379145 0.200249
0 0.42607 0.185979 0.0432523 0.120315
0 0.964364 0.73479 0.0708611 0.509576
0 0.313683 0.299182 0.104007 0.311458
0 0.267286 0.270125 0.0637393 0.230707
0 0.590169 0.241801 0.0296524 0.126794
0 0.852682 0.38775 0.0885734 0.345349
0 0.760846 0.52432 0.0685629 0.502723
0 0.906464 0.262117 0.0598317 0.204435
0 0.940391 0.647849 0.0794441 0.530637
0 0.675044 0.262492 0.0354702 0.100146
0 0.0446071 0.25831 0.0508361 0.18895
0 0.0847153 0.250019 0.0386359 0.190296
0 0.94151 0.505463 0.0759029 0.213622
0 0.0549741 0.615185 0.0892397 0.759999
0 0.0747123 0.619346 0.12676 0.756644
0 0.086077 0.802876 0.103911 0.390337
0 0.0434138 0.439465 0.0648233 0.37401
0 0.91674 0.612128 0.125666 0.49418
0 0.986847 0.404397 0.025552 0.170837
