0 0.243716 0.828881 0.0675674 0.200068 0.745103
0 0.423632 0.774325 0.100348 0.198569 0.738413
0 0.522422 0.780987 0.108456 0.198188 0.673796
0 0.347082 0.818617 0.0852229 0.192488 0.647
0 0.53052 0.531415 0.0866879 0.146098 0.62703
0 0.879252 0.712848 0.0594116 0.191505 0.607479
0 0.349309 0.478979 0.0440789 0.132341 0.546352
0 0.306845 0.446889 0.0353103 0.133993 0.543711
0 0.721423 0.783964 0.090056 0.173545 0.530387
0 0.175428 0.797595 0.0775815 0.194291 0.511687
0 0.809272 0.759432 0.058383 0.183942 0.505796
0 0.662326 0.526108 0.0568724 0.146013 0.494741
0 0.725921 0.516258 0.0336938 0.14183 0.48933
0 0.602094 0.253441 0.0260153 0.0913473 0.472286
0 0.177625 0.341668 0.0279572 0.102981 0.457815
0 0.539537 0.246954 0.0201155 0.0835529 0.447958
0 0.396611 0.500757 0.047279 0.135767 0.439254
0 0.927097 0.675711 0.0544207 0.175739 0.436206
0 0.200686 0.317328 0.0245735 0.0990314 0.43396
0 0.769993 0.496013 0.0501021 0.147255 0.429961
0 0.43992 0.336001 0.0224586 0.109655 0.413457
0 0.603574 0.790508 0.0848202 0.180897 0.409907
0 0.104209 0.393141 0.0308052 0.115072 0.398442
0 0.71752 0.514872 0.0523188 0.139892 0.392483
0 0.102572 0.762464 0.0754757 0.188575 0.364739
0 0.563854 0.249462 0.0195151 0.090802 0.331835
0 0.899311 0.313556 0.0284407 0.100017 0.326994
0 0.232555 0.290065 0.0212384 0.0921768 0.326456
0 0.0795971 0.427509 0.0315963 0.116545 0.322526
0 0.662606 0.345339 0.0214407 0.11473 0.320299
0 0.0442547 0.488679 0.0555873 0.191597 0.318458
0 0.147006 0.364875 0.0305214 0.0934716 0.318087
0 0.979561 0.478465 0.0399708 0.162742 0.313497
0 0.597354 0.525514 0.0667935 0.150817 0.304181
0 0.934721 0.365727 0.0309761 0.112451 0.290408
0 0.807969 0.457725 0.0308483 0.147545 0.285827
0 0.620781 0.78971 0.0506376 0.174106 0.273602
0 0.953151 0.405426 0.0387142 0.133073 0.263412
0 0.453874 0.52773 0.0544281 0.13365 0.247993
0 0.40541 0.501641 0.0564352 0.138461 0.243543
0 0.510679 0.243285 0.020748 0.0920678 0.234583
0 0.338125 0.284413 0.0211981 0.0913792 0.231961
0 0.921367 0.339311 0.0271591 0.108967 0.228298
0 0.459872 0.527582 0.0371394 0.130579 0.223675
0 0.0463384 0.712549 0.0504706 0.177479 0.206763
0 0.264781 0.265969 0.0202178 0.0982279 0.1898
0 0.466662 0.252513 0.0180065 0.0813931 0.187462
0 0.875075 0.289912 0.0232105 0.0997265 0.185374
0 0.848867 0.273189 0.0259449 0.0986781 0.181624
0 0.0550773 0.45631 0.0415861 0.126523 0.179488
0 0.277245 0.340797 0.0271514 0.0812229 0.179052
0 0.301939 0.314676 0.0237829 0.102364 0.177839
0 0.273078 0.361162 0.0348141 0.123793 0.159156
0 0.979557 0.448978 0.0400662 0.107538 0.156017
0 0.302224 0.236657 0.0256569 0.0610326 0.145946
0 0.614273 0.416968 0.0434006 0.120907 0.142804
0 0.0160766 0.650979 0.0320513 0.213004 0.142413
0 0.0339606 0.518381 0.0343869 0.139512 0.130297
0 0.0548521 0.485586 0.0412599 0.191931 0.128811
0 0.408908 0.248345 0.0229254 0.100243 0.124145
0 0.447323 0.221007 0.019212 0.0713135 0.123291
0 0.0409251 0.510671 0.0481254 0.155476 0.117705
0 0.165997 0.80187 0.0529766 0.189731 0.110989
0 0.604191 0.41543 0.0548608 0.11866 0.109781
0 0.273694 0.414307 0.0351055 0.131088 0.10973
0 0.314757 0.304804 0.0201519 0.0955132 0.100985
