0 0.302193 0.664352 0.208168 0.671297
0 0.500077 0.57446 0.167486 0.474255
0 0.079907 0.826155 0.159516 0.347518
0 0.724294 0.514818 0.0894142 0.369097
0 0.627849 0.563213 0.120418 0.418047
0 0.0706066 0.55062 0.140415 0.352244
0 0.886255 0.523916 0.102277 0.362754
0 0.155324 0.526972 0.0688271 0.386288
0 0.941225 0.515709 0.0660307 0.275517
0 0.788175 0.50189 0.0752296 0.218988
0 0.412739 0.457341 0.0459379 0.187156
0 0.978688 0.53494 0.04212 0.382512
0 0.0196042 0.373616 0.0392084 0.114927
0 0.5749 0.547255 0.0598633 0.295326
0 0.108001 0.42616 0.0505543 0.166764
0 0.819292 0.493291 0.0379817 0.216078
0 0.0973172 0.426532 0.0562377 0.159741
0 0.670084 0.487343 0.0458372 0.246071
0 0.390564 0.461701 0.0549006 0.18573
0 0.4384 0.443197 0.0350548 0.160601
0 0.681188 0.487361 0.0419769 0.23962
0 0.381838 0.462655 0.0537582 0.178528
0 0.667707 0.417331 0.0420223 0.106561
0 0.197061 0.427241 0.0467151 0.160763
0 0.203909 0.435399 0.0433843 0.145858
0 0.836215 0.492103 0.049535 0.223001
0 0.98137 0.647446 0.0365128 0.148684
