0 0.441315 0.786922 0.243447 0.410441
0 0.341274 0.330842 0.184809 0.325918
0 0.613437 0.816744 0.154116 0.289623
0 0.191849 0.797945 0.0820031 0.175401
0 0.102098 0.803642 0.0652557 0.158848
0 0.749569 0.795417 0.0857621 0.178705
0 0.870328 0.817828 0.238359 0.340622
0 0.0394677 0.801933 0.0642437 0.174882
0 0.804635 0.787998 0.0765571 0.168587
0 0.143224 0.792933 0.0481614 0.157363
0 0.673465 0.772075 0.0566383 0.15702
0 0.558082 0.270019 0.349384 0.442981
0 0.623373 0.268493 0.215974 0.448344
0 0.103129 0.43313 0.184081 0.126756
0 0.0744262 0.806845 0.0472944 0.13888
0 0.936208 0.817901 0.111002 0.33033
0 0.235733 0.737577 0.0814975 0.0933003
0 0.671606 0.808683 0.058222 0.23027
0 0.741502 0.745527 0.0661829 0.0835478
0 0.769516 0.793516 0.116599 0.180892
0 0.223911 0.729215 0.0537455 0.0759885
