0 0.457302 0.86072 0.0242343 0.104166 0.625384
0 0.322428 0.861018 0.0233996 0.0885251 0.511523
0 0.709881 0.862076 0.0234354 0.0958089 0.477017
0 0.799638 0.868575 0.0307695 0.10284 0.447518
0 0.970326 0.871987 0.038893 0.121904 0.43003
0 0.20983 0.865388 0.0202431 0.0728371 0.429773
0 0.927302 0.852653 0.0310828 0.0878662 0.425883
0 0.901507 0.855515 0.0296454 0.0892889 0.379501
0 0.082957 0.86826 0.0208733 0.0766958 0.350502
0 0.378043 0.864942 0.0226684 0.0768618 0.347181
0 0.180588 0.864623 0.0178226 0.0733383 0.32983
0 0.712817 0.87018 0.0285965 0.111336 0.321341
0 0.71325 0.883519 0.0267506 0.0832593 0.298146
0 0.133075 0.86617 0.0222489 0.0783715 0.293567
0 0.141913 0.866612 0.0218631 0.077623 0.262877
0 0.113639 0.86406 0.0191127 0.075297 0.262179
0 0.234799 0.861973 0.0193086 0.0704727 0.260993
0 0.156972 0.866905 0.0169765 0.0762685 0.221883
0 0.0197066 0.866748 0.0245475 0.083888 0.198237
0 0.372903 0.862772 0.0227842 0.0789185 0.196726
0 0.168373 0.865504 0.0149022 0.0757553 0.18637
0 0.162482 0.86773 0.0178144 0.0758527 0.160683
0 0.278647 0.86198 0.0180383 0.0729769 0.139215
0 0.371153 0.861938 0.0155336 0.0755716 0.139107
0 0.273815 0.864179 0.0181665 0.0733478 0.1389
0 0.295904 0.865854 0.0155776 0.0585091 0.125851
0 0.254407 0.861193 0.0193121 0.062505 0.115768
0 0.0864585 0.870264 0.0236671 0.072964 0.11239
0 0.0281024 0.864609 0.0160103 0.0826686 0.10871
0 0.0932304 0.866207 0.0182185 0.0770848 0.10864
0 0.23882 0.861638 0.0164316 0.0693668 0.105573
