0 0.364802 0.768061 0.258613 0.448264 0.902639
0 0.612155 0.797322 0.13291 0.388557 0.872051
0 0.0650452 0.793206 0.0860895 0.408799 0.731907
0 0.537532 0.803344 0.0728039 0.376352 0.659741
0 0.128971 0.754499 0.0568022 0.326927 0.651405
0 0.421648 0.726973 0.0576077 0.190499 0.626568
0 0.455384 0.72832 0.0432594 0.24251 0.602402
0 0.680634 0.343607 0.0298488 0.174196 0.591976
0 0.9738 0.792952 0.0517458 0.399348 0.575522
0 0.0159973 0.773974 0.0319237 0.2668 0.519944
0 0.903507 0.757279 0.0342319 0.180364 0.512305
0 0.787737 0.805769 0.244145 0.376023 0.496424
0 0.874197 0.810551 0.0383957 0.211518 0.480846
0 0.76374 0.431378 0.0457216 0.202944 0.439834
0 0.931849 0.765164 0.0358902 0.160531 0.407143
0 0.275624 0.735792 0.0746704 0.261485 0.353324
0 0.600905 0.362987 0.0644821 0.138493 0.343167
0 0.189207 0.754346 0.0845763 0.358545 0.33239
0 0.192361 0.709764 0.0789156 0.266263 0.289303
0 0.610412 0.362521 0.0419334 0.13833 0.249262
0 0.965711 0.7357 0.0277267 0.133336 0.227065
0 0.110204 0.74887 0.0355532 0.329922 0.205751
0 0.0363015 0.726648 0.0523136 0.322186 0.202534
0 0.237915 0.697581 0.0428806 0.202454 0.186264
0 0.562074 0.877107 0.0418102 0.229567 0.162453
0 0.281458 0.713161 0.0679911 0.205645 0.155946
0 0.871217 0.711549 0.0261066 0.0864528 0.14662
0 0.873585 0.766071 0.0408218 0.195242 0.142632
0 0.662282 0.70392 0.0413354 0.145446 0.142484
0 0.905322 0.737292 0.030183 0.139448 0.107
0 0.661921 0.770724 0.0401977 0.283187 0.106016
