0 0.227476 0.706182 0.0546962 0.286238 0.775284
0 0.427902 0.715586 0.0634344 0.289848 0.772596
0 0.72148 0.529334 0.0383819 0.168809 0.748171
0 0.576134 0.524884 0.0305214 0.159999 0.713562
0 0.505892 0.651163 0.0403429 0.271399 0.690431
0 0.474274 0.680031 0.0486668 0.283326 0.668977
0 0.275459 0.669927 0.0483686 0.282761 0.639828
0 0.881446 0.443799 0.0193915 0.107219 0.575118
0 0.801233 0.408156 0.0261594 0.0897283 0.574261
0 0.312131 0.64621 0.0625737 0.272318 0.570234
0 0.75566 0.403541 0.0173166 0.0864145 0.518512
0 0.59696 0.521324 0.0251861 0.150605 0.471336
0 0.906034 0.433731 0.0210556 0.121698 0.460679
0 0.52228 0.542934 0.0309929 0.176093 0.413657
0 0.441893 0.491784 0.0438995 0.13856 0.371766
0 0.908428 0.384287 0.0173111 0.0622203 0.228268
0 0.636984 0.487281 0.0142071 0.0540643 0.222463
0 0.0659054 0.410695 0.0289545 0.0921135 0.182959
0 0.521609 0.521078 0.0286132 0.13617 0.167365
0 0.0418285 0.413417 0.0290823 0.0950065 0.162312
0 0.279448 0.713394 0.0352226 0.195546 0.143
0 0.325241 0.695444 0.036116 0.1695 0.139279
0 0.908478 0.39324 0.0187904 0.0820933 0.137818
0 0.945221 0.349232 0.0128353 0.067929 0.130427
0 0.449087 0.501577 0.0295681 0.115939 0.120896
0 0.942817 0.339316 0.0135313 0.0840363 0.108929
