0 0.0573089 0.675824 0.0401134 0.22579
0 0.690666 0.650044 0.037028 0.162321
0 0.819141 0.706522 0.0605143 0.233997
0 0.172461 0.675274 0.0460451 0.234464
0 0.577093 0.756321 0.048753 0.270796
0 0.631152 0.713824 0.0613781 0.208012
0 0.13886 0.647125 0.0354288 0.19013
0 0.357672 0.740039 0.0454037 0.301959
0 0.469774 0.648978 0.0381819 0.180821
0 0.283195 0.640732 0.039071 0.204445
0 0.239549 0.71712 0.0491883 0.24755
0 0.439638 0.693746 0.0379767 0.181481
0 0.390894 0.6295 0.0308405 0.166621
0 0.289326 0.643633 0.0602347 0.199238
0 0.351492 0.630798 0.0367185 0.11396
0 0.282981 0.643603 0.122039 0.198721
0 0.539314 0.567719 0.0178186 0.0469234
0 0.389962 0.605658 0.0280012 0.12509
