0 0.733289 0.61547 0.0727536 0.239182 0.789125
0 0.295622 0.5512 0.0419834 0.16667 0.752886
0 0.553041 0.575005 0.0441648 0.158998 0.726294
0 0.260954 0.542449 0.035125 0.136504 0.689173
0 0.843063 0.574281 0.0337889 0.123469 0.685717
0 0.0272458 0.501543 0.0361675 0.140787 0.663396
0 0.0628638 0.510592 0.0271364 0.125093 0.619719
0 0.115542 0.517161 0.0330585 0.121855 0.582464
0 0.987393 0.641286 0.0247597 0.239245 0.53477
0 0.138899 0.515951 0.0257238 0.120959 0.511416
0 0.44656 0.568796 0.0369904 0.137854 0.491952
0 0.337758 0.539024 0.0312354 0.113256 0.489982
0 0.604171 0.559307 0.0319316 0.114913 0.485449
0 0.525474 0.565443 0.0287716 0.108344 0.458232
0 0.676475 0.557746 0.0206114 0.0877846 0.440762
0 0.644645 0.557226 0.0202698 0.092732 0.421463
0 0.408762 0.554046 0.0364961 0.127361 0.376275
0 0.0556412 0.51171 0.0408158 0.118166 0.374368
0 0.986761 0.688164 0.0256679 0.144571 0.30936
0 0.582043 0.556401 0.0248739 0.113217 0.300571
0 0.364339 0.524627 0.0282752 0.102211 0.283389
0 0.624633 0.555569 0.0202747 0.101152 0.2739
0 0.862471 0.521318 0.037407 0.0668556 0.171294
0 0.40091 0.554151 0.0494306 0.131192 0.170711
0 0.393202 0.553362 0.0353912 0.136255 0.166564
0 0.70913 0.550731 0.0243837 0.101478 0.151489
0 0.598377 0.55809 0.0290382 0.116551 0.125902
0 0.00495421 0.516195 0.00973604 0.0658132 0.122003
0 0.495047 0.550503 0.0416807 0.11063 0.103305
