0 0.310619 0.692421 0.285254 0.596967 0.897461
0 0.649899 0.677391 0.228773 0.62763 0.853242
0 0.848009 0.614102 0.186409 0.474142 0.637161
0 0.0724506 0.363131 0.0687097 0.28868 0.53686
0 0.199163 0.408635 0.112328 0.216132 0.5101
0 0.799934 0.390758 0.0658181 0.119619 0.439422
0 0.723834 0.381126 0.0595563 0.145663 0.386203
0 0.514673 0.400588 0.121744 0.162872 0.372055
0 0.115836 0.353566 0.0654007 0.305652 0.339364
0 0.321245 0.321484 0.0638806 0.196805 0.32045
0 0.371683 0.418594 0.0540876 0.134714 0.286701
0 0.389403 0.421705 0.0884025 0.139893 0.274827
0 0.434366 0.334347 0.0380888 0.180715 0.251439
0 0.930136 0.380902 0.0527965 0.108669 0.246538
0 0.0171841 0.291642 0.0343097 0.173223 0.224504
0 0.0128793 0.411626 0.0255525 0.177726 0.192144
0 0.0192805 0.439975 0.0383695 0.234056 0.186518
0 0.754338 0.298398 0.0343416 0.0853333 0.177755
0 0.0401107 0.435067 0.079864 0.236282 0.171039
0 0.471545 0.323623 0.06119 0.194488 0.158422
0 0.499533 0.399991 0.0800233 0.160438 0.15024
0 0.562455 0.346018 0.0354098 0.181136 0.133228
0 0.162061 0.360878 0.0489445 0.27007 0.124346
0 0.959662 0.322507 0.0317761 0.0771475 0.119994
0 0.0398103 0.3773 0.0793485 0.300315 0.118673
0 0.965765 0.581407 0.0680649 0.367772 0.112875
0 0.230649 0.297545 0.0437628 0.160329 0.110645
0 0.971414 0.412411 0.0563618 0.148807 0.10916
0 0.852628 0.387131 0.0422558 0.107636 0.107831
0 0.115197 0.302032 0.0626555 0.204803 0.10432
