0 0.0296242 0.446923 0.0590351 0.266655 0.875569
0 0.75059 0.492017 0.0911193 0.380352 0.827218
0 0.466786 0.469684 0.0877052 0.381606 0.807289
0 0.897978 0.494355 0.109083 0.454156 0.780083
0 0.817474 0.489883 0.101371 0.458663 0.775958
0 0.396783 0.477021 0.0757849 0.361885 0.76892
0 0.319731 0.503128 0.119856 0.544816 0.757397
0 0.67351 0.490081 0.0716694 0.393184 0.73313
0 0.558596 0.488178 0.0807017 0.343998 0.697964
0 0.231455 0.505531 0.132759 0.531377 0.661671
0 0.61243 0.460818 0.0768511 0.344555 0.651352
0 0.513413 0.494885 0.0462563 0.327999 0.531935
0 0.130279 0.485998 0.141871 0.377337 0.523575
0 0.208472 0.316511 0.0555437 0.0941721 0.344434
0 0.617737 0.472732 0.0525901 0.318036 0.224562
0 0.275813 0.506343 0.195577 0.539219 0.194508
0 0.245948 0.489374 0.0993836 0.491193 0.174593
0 0.111737 0.434603 0.104138 0.227984 0.141554
0 0.164018 0.484567 0.0827091 0.378723 0.125357
0 0.184128 0.470307 0.10753 0.391398 0.119309
