0 0.475467 0.587834 0.153272 0.44683 0.869113
0 0.376267 0.553282 0.0707745 0.311238 0.858012
0 0.894974 0.550488 0.107898 0.490243 0.855161
0 0.595045 0.574339 0.17435 0.46798 0.829888
0 0.252037 0.545636 0.0858273 0.329309 0.822439
0 0.736447 0.566963 0.114121 0.483406 0.811494
0 0.129707 0.548842 0.0780088 0.333085 0.772484
0 0.952456 0.52095 0.0755039 0.297143 0.724391
0 0.062295 0.555676 0.119039 0.316555 0.67165
0 0.679464 0.555688 0.0588453 0.16456 0.564761
0 0.537999 0.555487 0.043832 0.17534 0.409532
0 0.988326 0.455606 0.0228121 0.147535 0.351205
0 0.678841 0.511074 0.0590416 0.256181 0.206242
