0 0.628226 0.709396 0.0448212 0.144708 0.721379
0 0.916793 0.669487 0.0340175 0.108365 0.611669
0 0.85428 0.686184 0.0377377 0.103995 0.591405
0 0.19646 0.718017 0.045433 0.136017 0.558533
0 0.743171 0.683868 0.0346255 0.105225 0.521011
0 0.253825 0.702266 0.0333256 0.124652 0.424025
0 0.772121 0.697099 0.0409337 0.1402 0.365585
0 0.320909 0.708364 0.0329293 0.129573 0.33929
0 0.808885 0.71115 0.0405392 0.149756 0.322932
0 0.0525258 0.720463 0.0442452 0.132495 0.290209
0 0.147499 0.700223 0.0286721 0.112757 0.262608
0 0.977091 0.678642 0.030159 0.130889 0.224095
0 0.80215 0.714715 0.057525 0.143342 0.209633
0 0.0841761 0.681622 0.0273118 0.0812437 0.190571
0 0.277418 0.686416 0.0231891 0.0827291 0.169384
0 0.0547766 0.714415 0.0373128 0.108874 0.166937
0 0.089062 0.682301 0.0210197 0.0826097 0.149217
0 0.380356 0.719155 0.0275436 0.0769897 0.144182
0 0.778526 0.695721 0.0370353 0.129003 0.138557
0 0.128692 0.686653 0.0236367 0.092746 0.127766
0 0.49732 0.732059 0.0427906 0.108128 0.124389
0 0.474425 0.729316 0.0453815 0.108948 0.117994
0 0.396525 0.693969 0.0343738 0.112493 0.11668
0 0.678318 0.671994 0.0262892 0.0801786 0.113612
0 0.813052 0.688238 0.0337921 0.11283 0.111637
0 0.392424 0.717648 0.0227083 0.0765085 0.109857
0 0.38773 0.718161 0.0398308 0.0793096 0.107177
0 0.788424 0.691397 0.0220802 0.116931 0.103062
0 0.5971 0.671884 0.0276501 0.0746825 0.102009
