0 0.685243 0.450377 0.0499829 0.200306
0 0.180999 0.431647 0.0907487 0.280567
0 0.780775 0.517808 0.053401 0.0790264
0 0.591762 0.463204 0.0418466 0.17961
0 0.631107 0.458479 0.0495199 0.197405
0 0.910416 0.505416 0.0338249 0.12624
0 0.104453 0.382133 0.0373557 0.0799327
0 0.136908 0.37611 0.0347156 0.0946581
0 0.556886 0.450173 0.0412035 0.190772
0 0.275881 0.392418 0.0294303 0.0566615
0 0.0573459 0.38716 0.0338937 0.065854
0 0.555608 0.479924 0.038106 0.131996
0 0.243979 0.382069 0.0454993 0.0858647
0 0.397861 0.452025 0.0557244 0.226393
0 0.84741 0.508752 0.0496361 0.121112
0 0.353896 0.453909 0.0451947 0.193071
0 0.306314 0.444801 0.0352362 0.163173
0 0.330761 0.443522 0.0323427 0.176175
0 0.304672 0.393732 0.033295 0.0613666
0 0.0781992 0.383053 0.0322906 0.0705267
0 0.010522 0.387529 0.021022 0.0762771
0 0.865703 0.506103 0.0229256 0.115373
0 0.85938 0.508848 0.0311274 0.12071
0 0.398492 0.387835 0.0543968 0.10052
0 0.565037 0.394304 0.0366486 0.100026
0 0.599137 0.463644 0.0385353 0.190661
0 0.638952 0.479595 0.0350788 0.156724
0 0.512173 0.438958 0.0435985 0.159993
0 0.482514 0.377218 0.0241717 0.0437992
0 0.346528 0.445917 0.0378004 0.178444
0 0.383849 0.453783 0.0892995 0.221783
