0 0.235087 0.704929 0.0909858 0.428091
0 0.591904 0.730503 0.0715813 0.39762
0 0.658132 0.76027 0.0839868 0.465406
0 0.345844 0.625861 0.0701779 0.268033
0 0.388491 0.75395 0.115064 0.475599
0 0.733887 0.747434 0.10502 0.488555
0 0.461822 0.777114 0.075806 0.371414
0 0.536691 0.69107 0.0533371 0.301076
0 0.853493 0.653672 0.0496956 0.257718
0 0.79795 0.687493 0.055458 0.268222
0 0.965775 0.766824 0.0677963 0.439457
0 0.90056 0.663722 0.055417 0.220948
0 0.185855 0.557681 0.0406405 0.0731257
0 0.157101 0.54636 0.0364903 0.0891779
0 0.120479 0.541417 0.0457733 0.107548
0 0.914946 0.857061 0.109489 0.276792
0 0.965795 0.711233 0.0675854 0.298378
0 0.0627529 0.543556 0.0571111 0.116784
0 0.902713 0.823528 0.0834785 0.194613
0 0.920255 0.573536 0.036478 0.107907
0 0.769659 0.558739 0.0387802 0.104932
0 0.488966 0.683177 0.0538917 0.295725
0 0.111588 0.541511 0.0524238 0.110319
0 0.633433 0.564937 0.0301138 0.0989264
0 0.832287 0.652837 0.0311576 0.230108
0 0.978623 0.772829 0.0422752 0.438202
0 0.805332 0.550681 0.0286327 0.0663223
0 0.215059 0.529573 0.0337473 0.0677076
