0 0.921 0.706414 0.0420549 0.300884 0.777978
0 0.1337 0.723787 0.0676854 0.311957 0.741478
0 0.830579 0.718926 0.0360996 0.280181 0.733471
0 0.395481 0.706953 0.0612008 0.292718 0.545132
0 0.0598568 0.729764 0.0469386 0.27088 0.50703
0 0.640576 0.715298 0.0456789 0.286258 0.469248
0 0.700087 0.71287 0.0403485 0.279966 0.388257
0 0.179302 0.654262 0.0402812 0.156652 0.37932
0 0.324097 0.710809 0.0298071 0.18052 0.355184
0 0.495482 0.716219 0.0457933 0.261447 0.345039
0 0.649684 0.717356 0.052261 0.277996 0.340728
0 0.631224 0.718583 0.0355515 0.273494 0.273371
0 0.48721 0.71084 0.0293807 0.258503 0.239033
0 0.384983 0.706807 0.0488686 0.288746 0.237887
0 0.428653 0.760296 0.0594437 0.191263 0.204315
0 0.505676 0.718712 0.0425699 0.267007 0.197705
0 0.795991 0.736293 0.0409332 0.206346 0.176602
0 0.251581 0.726713 0.031944 0.136345 0.170956
0 0.624748 0.671244 0.0265388 0.174688 0.167899
0 0.625857 0.710337 0.0257183 0.255098 0.164038
0 0.0468287 0.729356 0.0512125 0.267494 0.145238
0 0.488428 0.671228 0.0257564 0.180235 0.145193
0 0.411386 0.753343 0.0902036 0.209023 0.119975
0 0.431692 0.784189 0.0524204 0.14464 0.110564
0 0.0682354 0.732101 0.0526075 0.256273 0.106106
