0 0.242079 0.825758 0.10416 0.29949 0.806331
0 0.234252 0.60532 0.0912402 0.30666 0.714404
0 0.325976 0.627393 0.0895558 0.421857 0.624488
0 0.512202 0.795693 0.0801751 0.324251 0.606989
0 0.588083 0.792614 0.0843226 0.335404 0.596356
0 0.726731 0.637432 0.0873503 0.306477 0.563894
0 0.446446 0.805355 0.102725 0.313589 0.54791
0 0.768536 0.768969 0.103428 0.29919 0.545617
0 0.798923 0.687513 0.0795879 0.437112 0.527052
0 0.348374 0.806042 0.150483 0.331336 0.522213
0 0.667718 0.791433 0.0938686 0.351645 0.518623
0 0.439749 0.595792 0.082733 0.278931 0.505529
0 0.376697 0.807604 0.160048 0.330906 0.498018
0 0.0711498 0.768962 0.0502687 0.300498 0.463197
0 0.596701 0.590994 0.0900366 0.260546 0.454769
0 0.395113 0.599473 0.0671319 0.314892 0.446703
0 0.496876 0.562961 0.0693576 0.276965 0.359126
0 0.545193 0.586763 0.0527754 0.280019 0.255662
0 0.652537 0.533774 0.0568096 0.1797 0.238153
0 0.414015 0.804399 0.167667 0.322929 0.233687
0 0.691978 0.52733 0.0449162 0.183955 0.156393
0 0.510267 0.571891 0.0936849 0.291398 0.150397
0 0.608431 0.517751 0.0877627 0.309679 0.131686
0 0.32599 0.549639 0.0878803 0.264864 0.122178
