0 0.733335 0.758823 0.14022 0.476833
0 0.15339 0.779093 0.154139 0.433916
0 0.0404974 0.771344 0.0809948 0.448023
0 0.879071 0.766789 0.1576 0.454637
0 0.584107 0.768978 0.154792 0.454202
0 0.438271 0.766253 0.158091 0.458914
0 0.298561 0.772552 0.140336 0.446218
0 0.211187 0.642572 0.0638678 0.304599
0 0.378648 0.622527 0.0696929 0.253841
0 0.118988 0.612959 0.0621262 0.234644
0 0.05536 0.643458 0.0639741 0.288549
0 0.968356 0.616523 0.0623169 0.308614
0 0.422135 0.444929 0.0286747 0.138964
0 0.355859 0.440287 0.0314016 0.152354
0 0.799668 0.581646 0.0839073 0.295585
0 0.890192 0.563529 0.0911243 0.265844
0 0.458989 0.433035 0.029488 0.150532
0 0.391957 0.433079 0.0259685 0.137415
0 0.64261 0.588576 0.0848999 0.278524
0 0.967743 0.725042 0.064021 0.53139
0 0.549174 0.572292 0.0598324 0.237761
0 0.981856 0.822163 0.035821 0.338403
0 0.493032 0.612702 0.0822874 0.270631
0 0.977402 0.7294 0.0447701 0.533605
0 0.610255 0.455884 0.0352175 0.170857
0 0.521291 0.439061 0.0279805 0.151115
0 0.677605 0.436527 0.0332362 0.155125
0 0.298038 0.697 0.136051 0.300113
0 0.489334 0.422381 0.0335599 0.111302
0 0.298846 0.591377 0.0983563 0.226431
0 0.0497795 0.608868 0.0696536 0.232457
0 0.709596 0.551271 0.0628582 0.217923
