0 0.569893 0.71727 0.252637 0.55396 0.93278
0 0.774403 0.635512 0.163212 0.393149 0.850479
0 0.320878 0.599475 0.191053 0.407834 0.838256
0 0.880415 0.599011 0.0728798 0.34031 0.753331
0 0.703303 0.531704 0.069931 0.277263 0.739864
0 0.228547 0.523488 0.0713705 0.320758 0.645788
0 0.455605 0.449277 0.0454596 0.19816 0.593723
0 0.146087 0.51206 0.044995 0.166312 0.486378
0 0.685875 0.421013 0.0435286 0.117326 0.442165
0 0.416016 0.494822 0.108508 0.271218 0.417169
0 0.400769 0.489062 0.0771416 0.264339 0.391357
0 0.460864 0.433361 0.0415076 0.161759 0.30394
0 0.550194 0.409479 0.044822 0.138245 0.269465
0 0.972284 0.592847 0.0527985 0.203644 0.242718
0 0.352362 0.596731 0.120771 0.40196 0.236755
0 0.538261 0.474035 0.100892 0.176035 0.236301
0 0.411065 0.459744 0.0965186 0.197483 0.168316
0 0.937004 0.516293 0.0474049 0.227175 0.145632
0 0.1291 0.482405 0.120109 0.217071 0.144858
0 0.584538 0.475783 0.192679 0.178108 0.138836
0 0.93718 0.437374 0.0381859 0.0712801 0.12447
0 0.641792 0.392174 0.0200377 0.0567835 0.119781
0 0.452627 0.459194 0.0369978 0.150097 0.116065
0 0.646692 0.435584 0.0436941 0.11676 0.109135
0 0.0985574 0.771388 0.0266074 0.0838478 0.108895
0 0.937161 0.455739 0.0421 0.104061 0.107799
0 0.565823 0.449221 0.0443565 0.125069 0.101195
0 0.100874 0.454087 0.0646515 0.172495 0.100966
