0 0.303127 0.537626 0.0475514 0.229372 0.821159
0 0.374814 0.53227 0.0340361 0.181299 0.820805
0 0.654008 0.536656 0.044498 0.230196 0.783263
0 0.777196 0.541069 0.0428585 0.21873 0.781426
0 0.480138 0.529234 0.0342993 0.1871 0.728074
0 0.543113 0.529804 0.0445246 0.232033 0.714843
0 0.579986 0.520803 0.0344797 0.196248 0.689666
0 0.697667 0.530107 0.0368462 0.183764 0.6807
0 0.418573 0.53678 0.0416547 0.223947 0.57532
0 0.806692 0.53137 0.0289822 0.180151 0.536551
0 0.441216 0.516938 0.0201565 0.124848 0.1828
