0 0.726006 0.670521 0.234843 0.632737 0.898999
0 0.256556 0.454477 0.143458 0.475624 0.823606
0 0.364018 0.520391 0.111321 0.42859 0.732944
0 0.0972788 0.536929 0.194249 0.581258 0.706584
0 0.548731 0.545172 0.166132 0.691662 0.696734
0 0.954012 0.594528 0.0912098 0.444533 0.645939
0 0.844516 0.594257 0.107989 0.532687 0.624705
0 0.431363 0.547769 0.107471 0.491263 0.607798
0 0.9132 0.372479 0.0937382 0.169191 0.365817
0 0.863828 0.296503 0.064341 0.124298 0.347548
0 0.667888 0.374932 0.0824011 0.218978 0.229213
0 0.970023 0.60099 0.0595546 0.453357 0.204912
0 0.754925 0.336982 0.0335485 0.0731435 0.194205
0 0.787333 0.397404 0.0538108 0.122082 0.180143
0 0.0659054 0.315526 0.0624173 0.0763129 0.145172
0 0.0229321 0.296415 0.0456348 0.107684 0.133069
0 0.895536 0.545226 0.0818424 0.359154 0.106941
