0 0.442212 0.36024 0.0816309 0.174997
0 0.227976 0.367651 0.0666107 0.160317
0 0.368538 0.366278 0.0910023 0.157165
0 0.381427 0.895584 0.0820736 0.206799
0 0.126741 0.361 0.0713329 0.173774
0 0.765791 0.356935 0.0502235 0.168717
0 0.457147 0.896924 0.0782476 0.206151
0 0.598106 0.935274 0.106307 0.129452
0 0.284441 0.901792 0.118982 0.188045
0 0.971875 0.915209 0.0552704 0.169582
0 0.0451594 0.891367 0.0902484 0.217266
0 0.845804 0.386012 0.0958283 0.126328
0 0.857804 0.933196 0.108818 0.133608
0 0.918751 0.353872 0.0583036 0.185737
0 0.0568116 0.377222 0.0869459 0.142162
0 0.729097 0.93481 0.0987271 0.130381
0 0.347207 0.836767 0.0515016 0.1606
0 0.564926 0.359289 0.0643955 0.168961
0 0.869999 0.353746 0.0510477 0.176742
0 0.543212 0.236796 0.0229067 0.091948
0 0.255303 0.227159 0.0214935 0.0877286
0 0.273703 0.703492 0.0313241 0.156201
0 0.10589 0.902185 0.0634873 0.195631
0 0.688407 0.33636 0.0494888 0.141084
0 0.751562 0.742255 0.0277219 0.146762
0 0.174517 0.889278 0.081778 0.221444
0 0.983851 0.376584 0.0317848 0.137854
0 0.78107 0.234674 0.0237803 0.0930464
0 0.65833 0.347351 0.0658171 0.130337
0 0.658271 0.404801 0.0777067 0.0823189
0 0.201903 0.695406 0.0409541 0.143788
0 0.0798716 0.230205 0.0197955 0.0872207
0 0.0819467 0.823148 0.0515432 0.156808
0 0.708642 0.229759 0.0193758 0.0727882
0 0.525188 0.347142 0.0372026 0.124327
0 0.215572 0.82056 0.0420575 0.102691
0 0.565933 0.229276 0.0195464 0.0752572
0 0.658075 0.33336 0.0589612 0.101749
0 0.582406 0.231717 0.0185797 0.0730749
0 0.157485 0.883385 0.055803 0.225701
0 0.213706 0.868208 0.0455812 0.196337
0 0.650425 0.36356 0.0857969 0.160871
0 0.543325 0.367136 0.0771568 0.157038
0 0.0566761 0.249567 0.0276013 0.0524595
0 0.147091 0.879537 0.0358843 0.223357
0 0.689807 0.31863 0.0458752 0.10428
0 0.267278 0.841348 0.0667073 0.136724
0 0.149304 0.832208 0.0381937 0.13048
0 0.0755859 0.230879 0.029478 0.09124
