0 0.268067 0.930667 0.0188812 0.0572326 0.420118
0 0.218092 0.924529 0.0183867 0.0544371 0.360436
0 0.318223 0.941131 0.0194796 0.0585194 0.354382
0 0.38101 0.744262 0.0318099 0.0383614 0.306712
0 0.422995 0.737059 0.0199525 0.0354463 0.282807
0 0.451336 0.735159 0.0261358 0.0344729 0.279563
0 0.152501 0.76087 0.0268048 0.0460622 0.261943
0 0.179946 0.75438 0.0271316 0.0498862 0.242405
0 0.400404 0.739606 0.0196587 0.0345413 0.20134
0 0.35237 0.746138 0.0203329 0.0347327 0.189481
0 0.0852663 0.773386 0.0221449 0.0410991 0.185047
0 0.380307 0.764494 0.0323325 0.0818557 0.170635
0 0.495372 0.729634 0.0254406 0.0361355 0.153985
0 0.230724 0.759924 0.0241078 0.0345187 0.141199
0 0.658521 0.720877 0.0227366 0.0265296 0.140965
0 0.329229 0.747261 0.0191242 0.0331277 0.137998
0 0.529492 0.733398 0.0231712 0.0252279 0.137562
0 0.200192 0.762622 0.0266125 0.0312328 0.123409
0 0.289135 0.751674 0.0216631 0.0356168 0.112893
0 0.305043 0.748415 0.0165403 0.0334405 0.112256
0 0.501721 0.728415 0.0232258 0.0360946 0.111368
0 0.636877 0.720469 0.0201717 0.0274631 0.105565
