0 0.346816 0.660084 0.117158 0.459472
0 0.450832 0.647105 0.112898 0.434296
0 0.608196 0.646201 0.0876646 0.395262
0 0.703655 0.630204 0.0986128 0.397138
0 0.0383416 0.659694 0.076673 0.439455
0 0.125305 0.661024 0.0911861 0.436477
0 0.533403 0.628642 0.0723799 0.320776
0 0.855608 0.616377 0.0770687 0.335032
0 0.219768 0.646109 0.0895341 0.410278
0 0.937551 0.579315 0.0678135 0.334528
0 0.785188 0.622339 0.0643612 0.332581
0 0.167537 0.642139 0.056227 0.419076
0 0.281948 0.671364 0.0642648 0.369254
0 0.4018 0.626295 0.0577536 0.383562
0 0.654165 0.613418 0.0422736 0.302609
0 0.0816742 0.609719 0.0518844 0.326827
0 0.968755 0.591032 0.0455567 0.304417
0 0.745442 0.604226 0.0387828 0.301614
