0 0.150316 0.726352 0.134385 0.291087 0.798059
0 0.763733 0.738607 0.0910087 0.180364 0.624941
0 0.87868 0.701375 0.0708195 0.17665 0.606886
0 0.271161 0.705304 0.138467 0.275118 0.573924
0 0.865388 0.828454 0.0804845 0.158808 0.534894
0 0.47059 0.817761 0.0969509 0.263289 0.485171
0 0.690874 0.811824 0.0741087 0.227523 0.418267
0 0.959793 0.863954 0.0794934 0.266586 0.276979
0 0.667323 0.461034 0.0706306 0.148995 0.268887
0 0.610967 0.857325 0.0740639 0.279167 0.255268
0 0.521922 0.713781 0.13912 0.319238 0.249765
0 0.194768 0.539746 0.0527895 0.216843 0.240965
0 0.628308 0.72978 0.0647669 0.396821 0.23425
0 0.400275 0.788566 0.0709955 0.275681 0.213773
0 0.968395 0.446265 0.0603371 0.20078 0.213105
0 0.0847784 0.538411 0.0904832 0.173196 0.202173
0 0.959845 0.819791 0.0797239 0.176534 0.201929
0 0.102621 0.546882 0.0538506 0.152457 0.172907
0 0.382265 0.527925 0.111192 0.200585 0.16149
0 0.0624607 0.538088 0.0452372 0.167223 0.142467
0 0.233838 0.598823 0.0629629 0.174059 0.137474
0 0.400169 0.735838 0.0690943 0.171227 0.133331
0 0.96974 0.212135 0.0308083 0.0802121 0.130724
0 0.429184 0.611852 0.0601429 0.0883263 0.128619
0 0.0773735 0.275571 0.0360829 0.128013 0.12639
0 0.102634 0.299782 0.0319944 0.178738 0.111011
0 0.91996 0.41969 0.0450077 0.147834 0.101133
