0 0.138363 0.57425 0.0961744 0.505378 0.554086
0 0.668215 0.576453 0.0863947 0.450574 0.478582
0 0.585254 0.573223 0.0836558 0.422197 0.400197
0 0.830647 0.532949 0.0870175 0.360217 0.38581
0 0.427656 0.549793 0.0848901 0.350992 0.385385
0 0.363445 0.5485 0.0768005 0.43202 0.384831
0 0.752089 0.527456 0.0990124 0.356279 0.357207
0 0.508377 0.529374 0.0812064 0.352287 0.32669
0 0.28772 0.516075 0.0890676 0.393687 0.320089
0 0.217593 0.503892 0.0748681 0.33857 0.289481
0 0.623095 0.750876 0.104446 0.379146 0.283015
0 0.725565 0.773544 0.0956711 0.342351 0.275249
0 0.228976 0.732384 0.103733 0.268937 0.265048
0 0.809433 0.75248 0.113676 0.239002 0.26092
0 0.430225 0.750592 0.0969358 0.251711 0.24661
0 0.107309 0.513774 0.086606 0.576774 0.236987
0 0.332942 0.74777 0.0917833 0.247446 0.228109
0 0.520267 0.758986 0.110998 0.29279 0.218126
0 0.592934 0.327137 0.0667065 0.15646 0.107306
0 0.499139 0.331763 0.0644816 0.120296 0.101549
0 0.687573 0.354587 0.0651235 0.216154 0.101207
