0 0.400311 0.711714 0.128251 0.528589
0 0.637247 0.707641 0.122289 0.531788
0 0.519761 0.70608 0.132858 0.544716
0 0.237592 0.515218 0.0966571 0.409169
0 0.307843 0.58955 0.0983787 0.441875
0 0.789775 0.510377 0.104316 0.410197
0 0.696767 0.570329 0.10275 0.464936
0 0.404208 0.447711 0.100139 0.21386
0 0.909554 0.509973 0.0323826 0.128214
0 0.629352 0.363823 0.071463 0.163537
0 0.496815 0.455517 0.0934862 0.233012
0 0.538462 0.361555 0.0742851 0.17426
0 0.587178 0.568054 0.0899625 0.465323
0 0.445724 0.373501 0.0664732 0.166023
0 0.35423 0.395162 0.0672076 0.166728
0 0.587425 0.462908 0.0882359 0.254325
0 0.71855 0.506294 0.0679456 0.406682
0 0.890466 0.514258 0.0214405 0.113062
0 0.868448 0.51693 0.02519 0.114973
0 0.715534 0.390789 0.0589062 0.16859
0 0.353947 0.435854 0.0667257 0.248121
0 0.862976 0.51592 0.0329147 0.115792
