0 0.188103 0.716384 0.069649 0.322092 0.718947
0 0.0639992 0.723651 0.0715694 0.316831 0.71546
0 0.929431 0.717689 0.0817871 0.331595 0.71031
0 0.452993 0.722178 0.0681893 0.320096 0.503416
0 0.529421 0.720139 0.0791481 0.334331 0.502466
0 0.528585 0.619115 0.0798781 0.129105 0.496569
0 0.259118 0.712209 0.0761361 0.331608 0.495142
0 0.126568 0.720536 0.0682835 0.324059 0.488619
0 0.605907 0.626827 0.0800395 0.123234 0.457262
0 0.804834 0.728243 0.0887858 0.331679 0.445184
0 0.690163 0.735236 0.0692375 0.310372 0.444569
0 0.320486 0.618523 0.053573 0.10773 0.434347
0 0.888228 0.705993 0.0419306 0.297291 0.386203
0 0.690257 0.632986 0.0673168 0.110332 0.352838
0 0.607273 0.726892 0.077747 0.327509 0.314097
0 0.378234 0.621143 0.0654626 0.115823 0.287431
0 0.453643 0.623079 0.0666638 0.117628 0.224779
0 0.722339 0.622033 0.0322427 0.123676 0.195394
0 0.804409 0.627521 0.0858005 0.127724 0.175926
0 0.66621 0.623262 0.041638 0.121977 0.161458
0 0.849612 0.624624 0.0450497 0.124628 0.159155
0 0.97567 0.68254 0.0474136 0.249257 0.153249
0 0.730402 0.623645 0.0481968 0.127774 0.13307
0 0.385988 0.713923 0.0818017 0.301647 0.126149
0 0.747716 0.623726 0.0339534 0.127003 0.124759
0 0.305136 0.563635 0.0542587 0.119468 0.122748
0 0.32227 0.720555 0.0620177 0.315276 0.106663
