0 0.625519 0.756376 0.0468939 0.350435
0 0.0384732 0.770577 0.0414325 0.291313
0 0.076536 0.766438 0.0389945 0.296192
0 0.371832 0.800911 0.0368036 0.194198
0 0.109743 0.760205 0.0386912 0.277993
0 0.413477 0.793962 0.034829 0.199646
0 0.447019 0.790661 0.0318056 0.202097
0 0.312765 0.79185 0.0323508 0.205805
0 0.873863 0.784414 0.0339874 0.19525
0 0.202561 0.790663 0.0303622 0.197711
0 0.338841 0.800229 0.0322911 0.191768
0 0.163185 0.79984 0.0293216 0.185942
0 0.785991 0.789378 0.0306854 0.190111
0 0.819658 0.779572 0.0333147 0.216589
0 0.261236 0.792988 0.0339521 0.194919
0 0.286924 0.795278 0.0288737 0.189289
0 0.569785 0.789104 0.0366324 0.199262
0 0.539721 0.79673 0.0283002 0.185599
0 0.47799 0.791519 0.0318254 0.200833
0 0.673181 0.791969 0.0350255 0.196556
0 0.759012 0.784996 0.0310682 0.196936
0 0.138978 0.804321 0.0275577 0.180024
0 0.73162 0.773667 0.0345921 0.215535
0 0.90596 0.784683 0.0316622 0.19745
