0 0.108271 0.883808 0.122934 0.22514
0 0.240886 0.834253 0.0831295 0.206142
0 0.728922 0.794348 0.0637483 0.196804
0 0.867654 0.784703 0.064795 0.174487
0 0.555377 0.79434 0.056038 0.151639
0 0.925514 0.768118 0.0551365 0.191007
0 0.449314 0.798039 0.0514351 0.168999
0 0.377731 0.796438 0.0407046 0.127212
0 0.616244 0.845438 0.0835467 0.239441
0 0.276146 0.814556 0.0633994 0.139408
0 0.161497 0.786474 0.0438337 0.144079
0 0.984279 0.730058 0.0307617 0.113276
0 0.811183 0.755496 0.0385044 0.115412
0 0.155337 0.787013 0.0310016 0.142584
0 0.506009 0.740375 0.0214875 0.0822959
0 0.601392 0.846752 0.0528637 0.235948
0 0.193215 0.757842 0.0255197 0.111077
0 0.564105 0.749214 0.0230664 0.0982758
0 0.276873 0.761179 0.0240043 0.0953443
