0 0.0504761 0.37854 0.10074 0.428683
0 0.957245 0.374205 0.0820698 0.351489
0 0.337633 0.393926 0.0510878 0.205756
0 0.388268 0.387584 0.04807 0.209462
0 0.12096 0.387094 0.0586244 0.26259
0 0.655497 0.393954 0.0381289 0.200556
0 0.493451 0.389828 0.041291 0.205214
0 0.431271 0.390661 0.0460512 0.194646
0 0.889046 0.373474 0.0796783 0.307171
0 0.154229 0.398017 0.0394573 0.225944
0 0.754901 0.389415 0.0548073 0.25064
0 0.703504 0.384983 0.0457497 0.214946
0 0.581568 0.389331 0.038656 0.198438
0 0.846613 0.389214 0.0591946 0.257316
0 0.61951 0.387958 0.0401982 0.196008
0 0.29639 0.390693 0.0419581 0.21336
0 0.551702 0.38958 0.0402299 0.196811
0 0.196276 0.392251 0.0535699 0.226182
0 0.802804 0.390516 0.0513088 0.243464
0 0.239257 0.392764 0.0457995 0.212248
0 0.267011 0.396217 0.0354004 0.19415
0 0.520288 0.391108 0.0297422 0.193271
0 0.98647 0.389284 0.0264208 0.360172
