0 0.0574312 0.623911 0.0809533 0.256916
0 0.118655 0.59597 0.0629901 0.276405
0 0.618869 0.60991 0.0432556 0.209565
0 0.355288 0.604914 0.0415607 0.237034
0 0.699105 0.608012 0.0464232 0.210287
0 0.579367 0.608115 0.042223 0.214678
0 0.166971 0.606208 0.05773 0.258056
0 0.451252 0.607959 0.0392358 0.224656
0 0.410735 0.610375 0.044804 0.226153
0 0.659647 0.606445 0.0408857 0.206229
0 0.54401 0.612765 0.0319658 0.208927
0 0.314446 0.608728 0.0443519 0.234958
0 0.257134 0.614864 0.0463423 0.227073
0 0.860366 0.60438 0.0356422 0.213037
0 0.216422 0.617113 0.0454866 0.227214
0 0.514743 0.612824 0.0344184 0.205058
0 0.487113 0.607932 0.0374457 0.203916
0 0.896071 0.603795 0.0424523 0.224623
0 0.789334 0.60696 0.0393482 0.208851
0 0.949518 0.613145 0.0404053 0.213009
0 0.170398 0.5273 0.0489282 0.101028
0 0.410374 0.543698 0.0444025 0.0901053
0 0.48624 0.548161 0.0346218 0.0801317
0 0.215481 0.542525 0.0433471 0.0779359
0 0.281969 0.541755 0.0330193 0.0839321
0 0.451462 0.542956 0.0385838 0.0918739
0 0.544141 0.546539 0.0304079 0.0749814
0 0.759197 0.602627 0.0317482 0.211394
0 0.731802 0.537014 0.0312389 0.0950805
0 0.118555 0.516893 0.0623495 0.116677
0 0.315681 0.539834 0.0368825 0.0957251
