0 0.727731 0.7689 0.125284 0.411788 0.77564
0 0.889418 0.688378 0.0885799 0.369799 0.755976
0 0.0793685 0.875455 0.106612 0.2489 0.716925
0 0.275021 0.796065 0.111497 0.378968 0.631398
0 0.178303 0.818007 0.114634 0.363474 0.612208
0 0.0923084 0.944604 0.0852575 0.109999 0.576725
0 0.221958 0.955119 0.0830944 0.0890107 0.569595
0 0.757709 0.36481 0.0807616 0.264838 0.482251
0 0.495026 0.658913 0.108438 0.357242 0.438774
0 0.0990273 0.41575 0.0936713 0.292896 0.40093
0 0.383671 0.759769 0.0726151 0.349729 0.372248
0 0.636351 0.356094 0.0656444 0.261087 0.369662
0 0.0167169 0.426594 0.033252 0.294908 0.34489
0 0.181923 0.471978 0.0605241 0.333572 0.340813
0 0.291631 0.572645 0.0823081 0.311061 0.339357
0 0.579788 0.333152 0.0648995 0.278375 0.294766
0 0.953687 0.660088 0.0757053 0.330751 0.29332
0 0.230831 0.484508 0.0530415 0.247928 0.283286
0 0.683115 0.362651 0.0951862 0.282276 0.278128
0 0.398568 0.339402 0.0653949 0.260652 0.214991
0 0.331541 0.530015 0.0574789 0.307138 0.209101
0 0.969262 0.436832 0.0608439 0.273142 0.204827
0 0.915453 0.432339 0.0665184 0.185272 0.198227
0 0.873711 0.365913 0.0552079 0.262211 0.194057
0 0.517628 0.375056 0.0793364 0.207932 0.188477
0 0.4779 0.558482 0.0895483 0.325169 0.182697
0 0.0472768 0.372156 0.0619309 0.277306 0.180618
0 0.46199 0.328403 0.053476 0.266019 0.152799
0 0.391222 0.580086 0.0674897 0.165021 0.146065
0 0.202794 0.127369 0.0397739 0.197031 0.143438
0 0.347217 0.382544 0.0795506 0.246204 0.123172
0 0.288029 0.374028 0.0554842 0.201101 0.112601
0 0.296567 0.135965 0.0484035 0.184237 0.110946
0 0.490132 0.114606 0.0385719 0.199284 0.109728
0 0.238959 0.302762 0.0550761 0.213913 0.103319
