0 0.259856 0.546138 0.40519 0.1057
0 0.681316 0.516404 0.21894 0.165998
0 0.739158 0.121486 0.260513 0.149602
0 0.473653 0.889991 0.109115 0.0559346
0 0.355863 0.324069 0.129079 0.125465
0 0.549602 0.890461 0.108777 0.0549038
0 0.443919 0.126402 0.115604 0.099287
0 0.552012 0.114395 0.0772604 0.0596143
0 0.546437 0.304034 0.1182 0.0721618
0 0.273348 0.738538 0.131766 0.121119
0 0.815685 0.946468 0.206674 0.0856543
0 0.150663 0.341608 0.193894 0.0970725
0 0.139406 0.940756 0.136509 0.0597526
0 0.366679 0.739188 0.136566 0.120517
0 0.0949597 0.12798 0.0810555 0.061837
0 0.371962 0.119962 0.0685717 0.0610134
0 0.947566 0.507777 0.104868 0.108173
0 0.202862 0.932632 0.0954518 0.0557812
0 0.459631 0.308051 0.065254 0.0606422
0 0.224043 0.311861 0.0751979 0.0527192
0 0.970069 0.117156 0.0598614 0.0676075
0 0.427167 0.307857 0.0502581 0.0615711
0 0.928253 0.117042 0.0567491 0.0641193
0 0.0524302 0.487032 0.10486 0.0689316
0 0.627043 0.909164 0.0446354 0.0182285
0 0.956787 0.718051 0.0864257 0.0539127
0 0.787096 0.921715 0.0819281 0.0449225
0 0.940771 0.743241 0.118458 0.104798
0 0.425454 0.712465 0.0694345 0.0418185
