0 0.859641 0.563873 0.0562373 0.382569
0 0.185257 0.609495 0.0817814 0.423064
0 0.463154 0.58608 0.0699321 0.396619
0 0.731625 0.551646 0.0727827 0.380608
0 0.537027 0.57676 0.0729799 0.394897
0 0.396842 0.593105 0.0662915 0.399141
0 0.610723 0.57768 0.0622359 0.366122
0 0.266061 0.608617 0.0706901 0.40141
0 0.335416 0.600827 0.0683728 0.391912
0 0.795798 0.551118 0.0669079 0.379877
0 0.675591 0.570678 0.0618395 0.363609
0 0.535496 0.435622 0.0684068 0.113297
0 0.333486 0.447261 0.0595571 0.086696
0 0.26714 0.44995 0.062155 0.0836776
0 0.396371 0.442779 0.0652729 0.0969335
0 0.463866 0.44286 0.0648147 0.10196
0 0.607423 0.439151 0.0522777 0.0878426
0 0.73205 0.416339 0.0718462 0.108471
0 0.0987321 0.645609 0.0321537 0.14197
