0 0.509179 0.649184 0.116487 0.389584
0 0.433539 0.620918 0.0807145 0.321358
0 0.817578 0.671 0.128122 0.406687
0 0.614137 0.651923 0.103783 0.498167
0 0.705567 0.565325 0.0515667 0.183827
0 0.756595 0.572588 0.0598785 0.236367
0 0.667334 0.630429 0.0614322 0.297827
0 0.987853 0.512547 0.023625 0.0759412
0 0.911484 0.507933 0.0192801 0.0680208
0 0.886218 0.506737 0.0179075 0.0709335
0 0.926595 0.513031 0.019981 0.0772099
0 0.952883 0.511522 0.0175409 0.0757192
0 0.968229 0.513569 0.0169694 0.0771379
0 0.940069 0.508257 0.0154441 0.0695011
0 0.85923 0.543009 0.0415867 0.162174
