0 0.681544 0.74051 0.0444477 0.188114 0.670173
0 0.307039 0.763196 0.0605193 0.180792 0.642285
0 0.795978 0.698636 0.0650664 0.179392 0.629571
0 0.176213 0.728257 0.0516261 0.180452 0.606251
0 0.692824 0.555068 0.0783074 0.190478 0.60155
0 0.44175 0.768851 0.0461437 0.206214 0.584378
0 0.569334 0.753721 0.0465677 0.179221 0.583152
0 0.132597 0.676101 0.0486453 0.155094 0.397592
0 0.283775 0.422118 0.0255222 0.0847645 0.290664
0 0.217029 0.553624 0.0512183 0.13618 0.283481
0 0.866792 0.64012 0.0958631 0.140456 0.269914
0 0.116794 0.495931 0.0353536 0.100527 0.264417
0 0.0986614 0.617126 0.0445732 0.138139 0.230428
0 0.8876 0.606584 0.0461786 0.118385 0.221682
0 0.630557 0.471332 0.0366798 0.147493 0.221179
0 0.784368 0.502134 0.037722 0.12212 0.196617
0 0.851593 0.484772 0.0500732 0.10228 0.19203
0 0.848983 0.639614 0.0607373 0.139673 0.191477
0 0.171763 0.46051 0.0269068 0.0881895 0.180838
0 0.158155 0.511429 0.0305907 0.108324 0.171146
0 0.661038 0.395506 0.0260031 0.0895134 0.152405
0 0.229609 0.437811 0.0261511 0.0947085 0.144778
0 0.48062 0.393243 0.0235525 0.10366 0.13695
0 0.0933366 0.52784 0.0310523 0.106778 0.128608
0 0.821203 0.456979 0.0370024 0.100085 0.128439
0 0.718258 0.415345 0.0299583 0.0908898 0.120752
0 0.41871 0.403827 0.0261188 0.0966753 0.119494
0 0.590266 0.386574 0.0249227 0.0937692 0.11675
0 0.180394 0.541557 0.0417966 0.11442 0.114664
0 0.905762 0.556553 0.0544067 0.0932368 0.101378
0 0.579493 0.736761 0.0728905 0.146589 0.100997
0 0.28127 0.591857 0.056069 0.111355 0.100221
