0 0.802117 0.656123 0.34467 0.669032 0.922861
0 0.262305 0.673277 0.122367 0.501036 0.892701
0 0.423558 0.667791 0.116932 0.492934 0.865644
0 0.558614 0.665301 0.122917 0.530131 0.838822
0 0.355905 0.599375 0.0724078 0.335297 0.779541
0 0.647208 0.571811 0.070765 0.332275 0.751743
0 0.916262 0.63383 0.108075 0.400157 0.650672
0 0.975208 0.56922 0.0485748 0.185562 0.47982
0 0.510921 0.537502 0.053595 0.18139 0.460008
0 0.987004 0.567602 0.0254173 0.182007 0.300785
0 0.393649 0.468686 0.0224831 0.034144 0.228147
0 0.849432 0.590984 0.0422642 0.277994 0.207445
0 0.85056 0.518116 0.0404234 0.132048 0.17047
0 0.488615 0.516032 0.0335183 0.139568 0.15878
0 0.964791 0.604071 0.0691403 0.257531 0.134661
0 0.46039 0.485236 0.0242296 0.0472829 0.116693
0 0.488936 0.491999 0.0339929 0.0928687 0.101639
