0 0.978452 0.454354 0.0319522 0.139931 0.786964
0 0.088894 0.459534 0.030112 0.103364 0.781244
0 0.882138 0.446883 0.0272963 0.141615 0.740278
0 0.214924 0.369784 0.0324237 0.14713 0.711487
0 0.347999 0.640996 0.0863843 0.26326 0.668662
0 0.767878 0.40191 0.0294931 0.0938515 0.665037
0 0.0342694 0.466771 0.0482679 0.0981839 0.662904
0 0.402659 0.362632 0.0276504 0.154133 0.642753
0 0.649879 0.674918 0.0694811 0.246942 0.571226
0 0.506132 0.579019 0.0963846 0.374378 0.567915
0 0.666749 0.406052 0.026732 0.0837796 0.567651
0 0.692018 0.403646 0.0258881 0.0900095 0.561535
0 0.257197 0.369874 0.0337201 0.139872 0.557887
0 0.731587 0.397834 0.0239174 0.0951146 0.516602
0 0.23534 0.358481 0.0229001 0.137238 0.39666
0 0.635723 0.412748 0.029406 0.0675173 0.321218
0 0.800826 0.417004 0.0290392 0.0712863 0.281529
0 0.609728 0.398195 0.0336538 0.0813959 0.272585
0 0.838852 0.444666 0.0269718 0.140437 0.262849
0 0.81202 0.384066 0.020888 0.121406 0.256704
0 0.00792688 0.474165 0.0158538 0.0753462 0.202013
0 0.837961 0.411835 0.0244581 0.0751544 0.194943
0 0.650243 0.642499 0.0807554 0.312058 0.143291
0 0.644093 0.400107 0.0169609 0.0748754 0.139628
