0 0.232689 0.63379 0.0645913 0.315884
0 0.886427 0.654761 0.054241 0.296239
0 0.837824 0.646129 0.0675514 0.342755
0 0.766607 0.650224 0.0741861 0.388065
0 0.700064 0.646735 0.0729618 0.340123
0 0.499517 0.657588 0.0517805 0.27498
0 0.611183 0.672112 0.0766619 0.339067
0 0.0919503 0.66916 0.0277342 0.140366
0 0.544549 0.663002 0.0617015 0.296852
0 0.377701 0.665202 0.0750392 0.292309
0 0.647929 0.659155 0.0455443 0.27638
0 0.159662 0.672294 0.0348163 0.145231
0 0.201423 0.672683 0.0234274 0.141379
0 0.110074 0.657354 0.0242453 0.113762
0 0.296538 0.669206 0.0330762 0.154231
0 0.131992 0.645216 0.0195546 0.080532
0 0.342327 0.658831 0.052901 0.279355
0 0.320597 0.672678 0.0327133 0.151043
