0 0.504615 0.685127 0.0888905 0.561331
0 0.645711 0.703507 0.0819593 0.495686
0 0.155219 0.710193 0.109867 0.563135
0 0.339971 0.721945 0.105013 0.535802
0 0.960924 0.617689 0.0773411 0.384997
0 0.25468 0.708798 0.0904599 0.574379
0 0.424224 0.703324 0.0824666 0.549514
0 0.576703 0.710401 0.0704458 0.487753
0 0.0533211 0.682413 0.105232 0.431751
0 0.906228 0.667671 0.089704 0.293983
0 0.710915 0.709361 0.0770691 0.448336
0 0.780182 0.65855 0.0803297 0.335374
0 0.824313 0.629995 0.0755596 0.383762
0 0.100871 0.459675 0.0774105 0.220945
0 0.723263 0.471957 0.0656551 0.203522
0 0.178632 0.422907 0.078605 0.237156
0 0.456697 0.437369 0.0630129 0.208338
0 0.311806 0.447988 0.0703012 0.225749
0 0.672898 0.463738 0.0456482 0.218873
0 0.378831 0.457964 0.069655 0.215319
0 0.869623 0.635271 0.0496254 0.358682
0 0.870325 0.54616 0.0438885 0.166961
0 0.539157 0.462689 0.0503296 0.19396
0 0.6463 0.473357 0.05999 0.1703
0 0.238716 0.491355 0.0795641 0.252414
