0 0.148729 0.647275 0.232271 0.305632 0.905653
0 0.942693 0.408364 0.105762 0.330949 0.901561
0 0.393991 0.618653 0.132575 0.281304 0.887197
0 0.778658 0.557858 0.156117 0.696271 0.874932
0 0.539599 0.400456 0.0816908 0.316574 0.835396
0 0.63385 0.395804 0.075613 0.278127 0.824835
0 0.0363817 0.434708 0.0726849 0.274284 0.772196
0 0.180185 0.39035 0.0426994 0.220311 0.694861
0 0.241348 0.382983 0.0459789 0.22395 0.690839
0 0.0768366 0.408893 0.0488019 0.219173 0.661137
0 0.340129 0.421967 0.0512342 0.248538 0.474117
0 0.391667 0.381246 0.0531518 0.204319 0.425519
0 0.501438 0.386035 0.0457737 0.22947 0.354384
0 0.445571 0.379789 0.0339813 0.147527 0.277339
0 0.320279 0.40016 0.0370286 0.242732 0.241871
0 0.00795127 0.416932 0.0159025 0.241056 0.201027
0 0.421067 0.37802 0.0269567 0.200661 0.15893
