0 0.936396 0.545528 0.0947695 0.403278
0 0.840318 0.548781 0.0587898 0.304199
0 0.7466 0.539442 0.0498668 0.298166
0 0.565365 0.503884 0.0457504 0.271346
0 0.604163 0.484329 0.0521562 0.276822
0 0.529064 0.493702 0.041596 0.246593
0 0.655182 0.510256 0.0529387 0.290161
0 0.356143 0.483452 0.0412086 0.203311
0 0.4113 0.492334 0.0370914 0.22358
0 0.981405 0.554309 0.036636 0.308628
0 0.316381 0.486471 0.0409671 0.219256
0 0.473629 0.495696 0.0471594 0.233963
0 0.446372 0.483247 0.0376044 0.221238
0 0.131945 0.474391 0.0336208 0.195246
0 0.261219 0.483091 0.0475541 0.215981
0 0.0823957 0.482979 0.0371581 0.166119
0 0.390273 0.477378 0.0260046 0.190937
0 0.00602674 0.486371 0.0120535 0.177965
0 0.796612 0.514741 0.0541635 0.291765
0 0.0134187 0.485989 0.0267859 0.179934
