0 0.113822 0.579828 0.114325 0.312141
0 0.438214 0.585207 0.0850173 0.360638
0 0.0481788 0.575166 0.0954597 0.302383
0 0.96299 0.590015 0.0724792 0.281167
0 0.536967 0.602962 0.0690752 0.357347
0 0.191514 0.580668 0.103124 0.325108
0 0.491195 0.575587 0.0608347 0.311347
0 0.370688 0.585448 0.0762599 0.345019
0 0.628288 0.605439 0.0743153 0.371296
0 0.287454 0.577916 0.0917561 0.340761
0 0.837946 0.622676 0.195972 0.405513
0 0.576943 0.588226 0.074284 0.312948
0 0.778671 0.61073 0.0755283 0.331405
0 0.688637 0.615024 0.145571 0.381995
0 0.721983 0.616884 0.0817346 0.381176
0 0.259523 0.569465 0.0480611 0.274311
0 0.895302 0.581802 0.0782446 0.284258
0 0.603829 0.60456 0.12165 0.369972
0 0.864089 0.62531 0.13703 0.400247
0 0.667333 0.610141 0.0996482 0.369401
0 0.812187 0.62211 0.138717 0.400811
0 0.838089 0.624774 0.0845457 0.39797
0 0.590083 0.593205 0.048012 0.324443
