0 0.89628 0.656294 0.0686111 0.313804 0.830319
0 0.299181 0.699162 0.0533331 0.292697 0.814115
0 0.218593 0.703057 0.0602851 0.295906 0.809161
0 0.504543 0.686689 0.0531456 0.29887 0.800269
0 0.37381 0.703971 0.0570811 0.275107 0.797597
0 0.438661 0.69154 0.059692 0.29 0.795536
0 0.767539 0.662693 0.063342 0.3215 0.792601
0 0.706841 0.675191 0.0638798 0.304452 0.773467
0 0.572448 0.679279 0.0564135 0.306411 0.769597
0 0.828363 0.659228 0.0635286 0.309703 0.728974
0 0.645554 0.670915 0.060626 0.319764 0.719325
0 0.263691 0.679874 0.0388703 0.231202 0.706625
0 0.331133 0.68167 0.0313573 0.21487 0.563745
0 0.609772 0.657129 0.0341674 0.23396 0.436296
0 0.471037 0.671252 0.0319883 0.21821 0.182653
