0 0.175256 0.503955 0.116839 0.360803 0.864514
0 0.773881 0.395506 0.1956 0.632807 0.864126
0 0.284134 0.498862 0.0754851 0.278959 0.82296
0 0.966029 0.551634 0.0670917 0.880714 0.784106
0 0.652284 0.4924 0.0926384 0.389661 0.77395
0 0.348341 0.490562 0.0465051 0.238334 0.76693
0 0.89921 0.303275 0.108676 0.283162 0.764182
0 0.493465 0.738025 0.131811 0.517594 0.720862
0 0.0257813 0.495269 0.051303 0.200194 0.670016
0 0.53169 0.443037 0.193448 0.556691 0.659722
0 0.0855294 0.531644 0.0693618 0.272323 0.370724
0 0.413483 0.507172 0.0509038 0.148594 0.261444
0 0.0872199 0.475246 0.0653213 0.159778 0.213776
0 0.245356 0.437141 0.0293244 0.0907149 0.173629
0 0.393497 0.479607 0.0216125 0.0800833 0.152848
0 0.00587666 0.491297 0.0117533 0.0873435 0.149168
0 0.0996201 0.425448 0.029754 0.0598719 0.139186
0 0.419036 0.511566 0.036976 0.141444 0.105962
