0 0.0586854 0.640279 0.115841 0.440409
0 0.932228 0.602921 0.0999685 0.419656
0 0.164219 0.637123 0.0801742 0.435218
0 0.748707 0.613565 0.0797292 0.396397
0 0.228448 0.636846 0.0769086 0.43647
0 0.810629 0.601813 0.0757507 0.414729
0 0.864213 0.592063 0.0699807 0.43137
0 0.286582 0.611405 0.0864715 0.432306
0 0.439149 0.61507 0.0857651 0.42461
0 0.365388 0.62394 0.0785479 0.424552
0 0.515269 0.610984 0.0772677 0.417434
0 0.574009 0.586402 0.0731898 0.406881
0 0.644885 0.603384 0.0752237 0.407076
0 0.514612 0.475418 0.0738924 0.144601
0 0.701584 0.592729 0.0719383 0.397801
0 0.727283 0.436974 0.0328787 0.0751136
0 0.571678 0.463767 0.07721 0.165409
0 0.697347 0.465797 0.0570793 0.138932
0 0.438921 0.47641 0.0862764 0.148266
0 0.398116 0.449761 0.0378586 0.0758833
0 0.647089 0.472103 0.0728256 0.140848
0 0.608267 0.440205 0.0358478 0.0829132
0 0.474774 0.456028 0.0379995 0.075807
