0 0.592242 0.720833 0.0654668 0.34964
0 0.370622 0.727269 0.0622285 0.328746
0 0.10819 0.735693 0.0575977 0.323508
0 0.914755 0.731588 0.0977932 0.31696
0 0.451543 0.603278 0.0874686 0.216077
0 0.532186 0.754032 0.0718333 0.292574
0 0.636263 0.713721 0.0662087 0.333639
0 0.83312 0.735216 0.0871134 0.315924
0 0.72703 0.770087 0.0894961 0.269765
0 0.776819 0.745639 0.0997986 0.297811
0 0.325395 0.684842 0.0753163 0.404995
0 0.442249 0.770522 0.0718796 0.248307
0 0.297269 0.785115 0.0626549 0.255486
0 0.0382489 0.734558 0.0575903 0.261898
0 0.730379 0.59781 0.0731453 0.172936
0 0.672729 0.697084 0.0529112 0.358679
0 0.527005 0.633072 0.0651285 0.153363
0 0.262449 0.75641 0.0613386 0.296403
0 0.0468343 0.738348 0.0416199 0.251039
0 0.579587 0.5475 0.0882679 0.156197
0 0.198681 0.729116 0.0747289 0.339171
