0 0.47997 0.526307 0.393737 0.86 0.905043
0 0.0355442 0.414392 0.0706768 0.267562 0.698084
0 0.788982 0.357004 0.061409 0.093539 0.6833
0 0.741366 0.355063 0.0457573 0.0961244 0.672597
0 0.869456 0.359669 0.0604189 0.101832 0.644749
0 0.223757 0.360169 0.0332503 0.0690909 0.604184
0 0.176064 0.360582 0.025149 0.0596826 0.583384
0 0.124941 0.362352 0.0269968 0.0587498 0.536411
0 0.149661 0.362517 0.0291621 0.0573107 0.53572
0 0.0727863 0.360716 0.0285388 0.0490378 0.395933
0 0.813681 0.354304 0.0261158 0.0852158 0.32271
0 0.703883 0.352451 0.031226 0.0623634 0.289607
0 0.278191 0.367884 0.0312352 0.093934 0.276274
0 0.679381 0.349459 0.0263889 0.0620534 0.247743
0 0.909411 0.34677 0.0218197 0.0502602 0.220035
0 0.619075 0.35776 0.0306379 0.0711761 0.181516
0 0.892351 0.355397 0.0253664 0.0649839 0.170395
0 0.65586 0.345968 0.0212086 0.0415482 0.112707
