0 0.458658 0.517169 0.160642 0.318668
0 0.309985 0.500156 0.116676 0.257229
0 0.170312 0.476476 0.0982728 0.22835
0 0.777547 0.567891 0.289611 0.413916
0 0.651793 0.499793 0.147678 0.25384
0 0.572434 0.470375 0.0926309 0.198565
0 0.356726 0.470565 0.0415092 0.186601
0 0.939704 0.462655 0.0270374 0.119306
0 0.992319 0.462799 0.0147049 0.128743
0 0.911388 0.46354 0.0398262 0.129023
0 0.87411 0.496364 0.0464369 0.239665
0 0.384486 0.4599 0.0337937 0.114188
0 0.889139 0.496184 0.0770813 0.238159
0 0.874558 0.45747 0.0461892 0.158913
0 0.0164589 0.41979 0.0238088 0.0823576
0 0.203466 0.446093 0.0286332 0.140843
0 0.0637633 0.418743 0.0219933 0.0730583
0 0.0301177 0.418771 0.0182885 0.0787789
0 0.0869112 0.421546 0.0244682 0.0754597
0 0.827739 0.50054 0.0814972 0.257588
0 0.829193 0.412279 0.0668568 0.0802005
