0 0.843555 0.631398 0.0991383 0.309089
0 0.772815 0.622629 0.0834287 0.314381
0 0.111233 0.608304 0.0632695 0.259155
0 0.474229 0.662032 0.095167 0.345558
0 0.936769 0.586551 0.0647831 0.282736
0 0.18303 0.594952 0.0644549 0.284181
0 0.388502 0.629466 0.0586043 0.324649
0 0.615424 0.57936 0.0646769 0.302406
0 0.535645 0.583345 0.0582656 0.302434
0 0.23727 0.608832 0.0469475 0.27226
0 0.272474 0.600203 0.0527183 0.294103
0 0.691403 0.591974 0.0649286 0.2824
0 0.321776 0.60544 0.0600365 0.285621
0 0.57255 0.59364 0.0361817 0.27781
0 0.356289 0.579282 0.0413588 0.277719
0 0.150448 0.6 0.035478 0.242965
0 0.876064 0.535956 0.0457508 0.208419
0 0.716647 0.579514 0.0440569 0.273871
0 0.797072 0.492915 0.0323232 0.104196
