0 0.744458 0.665765 0.321501 0.641609
0 0.212685 0.600261 0.262391 0.57153
0 0.541156 0.573476 0.159727 0.361199
0 0.0552203 0.551448 0.110441 0.313802
0 0.932078 0.551955 0.135092 0.346321
0 0.117422 0.509098 0.0687878 0.313072
0 0.31722 0.542982 0.106216 0.379096
0 0.870248 0.508648 0.0867741 0.262891
0 0.956479 0.555491 0.0863758 0.296605
0 0.466413 0.536015 0.0964205 0.294014
0 0.600858 0.520639 0.114957 0.340977
0 0.59946 0.415242 0.0712514 0.130708
0 0.38816 0.502202 0.0745279 0.219454
0 0.371496 0.541625 0.0912556 0.229897
0 0.0056907 0.646803 0.0113814 0.305248
