0 0.541042 0.577331 0.0813332 0.351464
0 0.0253414 0.669785 0.0503335 0.453591
0 0.346994 0.640119 0.0826422 0.470133
0 0.476009 0.586051 0.0590475 0.352989
0 0.0582429 0.641682 0.0858358 0.446048
0 0.958577 0.506645 0.064035 0.286841
0 0.296183 0.647202 0.122633 0.489826
0 0.872436 0.507264 0.0656014 0.265944
0 0.680157 0.493208 0.0634468 0.256536
0 0.734408 0.49145 0.0381323 0.211761
0 0.159639 0.5349 0.0467974 0.220504
0 0.1859 0.534053 0.0347899 0.223072
0 0.412308 0.496888 0.0405762 0.202482
0 0.114067 0.51323 0.0461253 0.186535
0 0.825931 0.506703 0.0559861 0.253752
0 0.625805 0.467474 0.048011 0.166858
0 0.795884 0.470668 0.0308268 0.154674
0 0.904174 0.486875 0.0378545 0.232205
0 0.215506 0.513095 0.0415401 0.202077
0 0.0889075 0.514821 0.0336277 0.191437
0 0.708205 0.488042 0.0309752 0.204028
