0 0.338564 0.77862 0.0955506 0.200368 0.70302
0 0.0744522 0.797233 0.0995726 0.223611 0.672119
0 0.883043 0.732376 0.0931839 0.209186 0.654808
0 0.171167 0.795852 0.0505667 0.199925 0.496356
0 0.714301 0.758371 0.076808 0.175166 0.390753
0 0.936902 0.672485 0.0628807 0.180039 0.23762
0 0.496363 0.767029 0.101911 0.20009 0.223905
0 0.206832 0.758297 0.0697623 0.233799 0.165896
0 0.707431 0.732061 0.0900625 0.225928 0.155667
0 0.485967 0.724228 0.12208 0.286511 0.105608
0 0.781604 0.676809 0.0781774 0.208287 0.100791
