0 0.113076 0.533815 0.0928979 0.238255
0 0.474692 0.658464 0.0669561 0.296117
0 0.112349 0.706062 0.120244 0.283113
0 0.595709 0.663974 0.0677663 0.272241
0 0.796736 0.722695 0.128238 0.25292
0 0.686183 0.405966 0.0941294 0.177338
0 0.408695 0.656682 0.0732985 0.31272
0 0.345539 0.637683 0.0674157 0.278472
0 0.828448 0.559971 0.0689132 0.21572
0 0.279726 0.648663 0.0730602 0.29729
0 0.248518 0.523003 0.0750308 0.183205
0 0.536455 0.662248 0.0635669 0.288853
0 0.906837 0.722967 0.0997971 0.236348
0 0.510924 0.508024 0.0609951 0.159718
0 0.900786 0.550397 0.0827389 0.221497
0 0.462067 0.495279 0.0635218 0.168008
0 0.709814 0.665884 0.0667338 0.297866
0 0.181725 0.500446 0.074254 0.223744
0 0.64878 0.561938 0.0634708 0.101601
0 0.247865 0.604472 0.072332 0.350872
0 0.6223 0.520608 0.0426018 0.126686
0 0.672038 0.512899 0.0540718 0.126495
0 0.181919 0.588264 0.0755562 0.397288
0 0.57338 0.513334 0.0591448 0.151202
0 0.834635 0.432969 0.0902226 0.184035
0 0.405052 0.48648 0.0623833 0.161913
0 0.732533 0.50282 0.0601103 0.143583
0 0.360096 0.499844 0.0530649 0.137878
0 0.768789 0.589663 0.0665981 0.152791
0 0.27919 0.555318 0.0746766 0.111323
0 0.525463 0.422753 0.0641195 0.15252
0 0.474519 0.566163 0.067925 0.112121
0 0.594398 0.573529 0.0654494 0.08787
0 0.30424 0.460371 0.0647524 0.211851
