0 0.850749 0.64098 0.0930225 0.378821 0.837578
0 0.330205 0.420851 0.0901732 0.183151 0.797781
0 0.717051 0.443582 0.0725039 0.186358 0.794066
0 0.539836 0.409318 0.0738373 0.217744 0.746744
0 0.468194 0.419472 0.0811884 0.193779 0.745224
0 0.596595 0.423208 0.0631801 0.190801 0.736015
0 0.653794 0.436328 0.0645205 0.186458 0.615798
0 0.399112 0.42145 0.0570122 0.132531 0.609562
0 0.82012 0.554516 0.0714876 0.35446 0.391557
0 0.773274 0.467093 0.0626717 0.139315 0.382861
0 0.394485 0.471 0.108984 0.0999293 0.338861
0 0.823493 0.457575 0.0640704 0.158422 0.303498
0 0.719871 0.380132 0.0765334 0.139469 0.288324
0 0.600712 0.316691 0.0946231 0.128705 0.228066
0 0.775706 0.566323 0.0674313 0.340621 0.167603
0 0.387739 0.784463 0.108982 0.0930911 0.154387
0 0.634442 0.360271 0.0419003 0.0749097 0.112857
0 0.387966 0.623239 0.130913 0.418597 0.108401
