0 0.927683 0.639014 0.14412 0.525972 0.9052
0 0.746724 0.637005 0.173154 0.40511 0.891852
0 0.600255 0.571321 0.14017 0.40326 0.84672
0 0.269736 0.506243 0.15148 0.364027 0.787831
0 0.379178 0.552846 0.114325 0.367389 0.774884
0 0.0538213 0.497781 0.0765369 0.393113 0.746422
0 0.849179 0.500276 0.0798038 0.306137 0.559539
0 0.114991 0.502034 0.0802662 0.369652 0.536942
0 0.16998 0.49775 0.0766837 0.374626 0.485979
0 0.975775 0.509812 0.0478583 0.308627 0.482615
0 0.433228 0.486057 0.0618543 0.351194 0.478514
0 0.631717 0.496195 0.0656719 0.289701 0.473922
0 0.769232 0.484053 0.0748691 0.289041 0.409941
0 0.480139 0.496552 0.0537983 0.31829 0.406544
0 0.521695 0.487789 0.06295 0.334145 0.252034
0 0.00881759 0.47572 0.0176262 0.244106 0.251306
0 0.714979 0.403293 0.0474882 0.100957 0.220218
0 0.768857 0.426203 0.0719525 0.172714 0.220109
0 0.976567 0.427512 0.0462382 0.144755 0.206055
0 0.671449 0.502429 0.0473612 0.291329 0.201271
0 0.286022 0.494969 0.0511695 0.355594 0.170625
0 0.384934 0.373896 0.0424536 0.091395 0.149637
0 0.00989354 0.51653 0.0197871 0.321511 0.148446
0 0.328392 0.471439 0.0497365 0.30189 0.135384
0 0.176108 0.282337 0.0369976 0.082884 0.133413
0 0.0122794 0.468985 0.0245589 0.260803 0.111291
0 0.411027 0.339402 0.0377272 0.104733 0.106812
