0 0.796898 0.727295 0.179786 0.529078 0.859178
0 0.521449 0.762639 0.176787 0.468178 0.844844
0 0.918898 0.767748 0.161608 0.457593 0.826537
0 0.609313 0.718561 0.105433 0.559659 0.746176
0 0.23554 0.849742 0.164144 0.298229 0.63545
0 0.689902 0.724989 0.091146 0.54739 0.632132
0 0.545191 0.550917 0.0582109 0.265306 0.569942
0 0.776393 0.50288 0.0460966 0.181098 0.340377
0 0.737718 0.523194 0.0416876 0.193206 0.330061
0 0.870903 0.524085 0.0630588 0.227854 0.296011
0 0.45088 0.49471 0.0538796 0.177662 0.294307
0 0.422005 0.515137 0.041083 0.24199 0.228207
0 0.366029 0.463973 0.0453728 0.171437 0.180296
0 0.495435 0.526139 0.0809652 0.119757 0.149799
0 0.497498 0.549478 0.0866361 0.167875 0.113733
0 0.504494 0.441555 0.0343245 0.0975237 0.106337
0 0.361858 0.583079 0.0559336 0.137467 0.101877
