0 0.193415 0.735088 0.0785249 0.336826 0.856153
0 0.0965949 0.78947 0.109816 0.419165 0.850448
0 0.889064 0.730567 0.102473 0.441573 0.78127
0 0.546716 0.622367 0.104938 0.187815 0.740522
0 0.0252798 0.766002 0.0504432 0.322624 0.698061
0 0.443112 0.634197 0.0430359 0.134049 0.641307
0 0.263315 0.726942 0.0511304 0.289988 0.633744
0 0.346651 0.755784 0.0662424 0.32913 0.594636
0 0.682913 0.631443 0.103687 0.177182 0.587072
0 0.305082 0.708291 0.0429194 0.23389 0.500144
0 0.685247 0.682819 0.106869 0.281162 0.356713
0 0.978434 0.770449 0.0425259 0.380448 0.336351
0 0.813155 0.64631 0.0411831 0.132526 0.260547
0 0.389885 0.682669 0.0373759 0.206463 0.240224
0 0.96985 0.761319 0.0504666 0.38153 0.196099
0 0.782878 0.645632 0.0351991 0.116772 0.17845
0 0.347032 0.702875 0.0651829 0.222332 0.173324
0 0.818801 0.703353 0.0602709 0.262733 0.172956
0 0.615074 0.656606 0.051354 0.122587 0.168779
0 0.475722 0.641429 0.0398897 0.105094 0.157056
0 0.964072 0.666628 0.0470426 0.192363 0.140225
0 0.811115 0.62307 0.0349628 0.0859074 0.131233
0 0.992796 0.780766 0.0137604 0.383732 0.125739
0 0.944818 0.636501 0.0271123 0.0699259 0.123689
0 0.759547 0.662355 0.0326855 0.107357 0.101592
