0 0.309324 0.504455 0.066451 0.276402 0.90464
0 0.074744 0.510119 0.0766448 0.348107 0.896414
0 0.713307 0.496569 0.0692112 0.279563 0.895525
0 0.780993 0.495364 0.0579283 0.277076 0.887171
0 0.629361 0.501991 0.0546438 0.270098 0.887132
0 0.534536 0.502457 0.0583684 0.270261 0.876995
0 0.162314 0.496977 0.0848128 0.359711 0.875199
0 0.371863 0.50799 0.0607457 0.264449 0.860329
0 0.44596 0.498404 0.0588629 0.280532 0.85764
0 0.840741 0.496468 0.0584907 0.275793 0.855924
0 0.015881 0.489533 0.0163455 0.0620782 0.238533
0 0.415321 0.445003 0.0377566 0.12995 0.163789
