0 0.0691096 0.619832 0.131803 0.675726 0.906891
0 0.449514 0.593381 0.153797 0.60314 0.898849
0 0.252037 0.61524 0.122542 0.587852 0.89242
0 0.562074 0.577455 0.131924 0.641297 0.892191
0 0.67468 0.594838 0.14385 0.63459 0.872355
0 0.830883 0.618987 0.190752 0.675532 0.859133
0 0.151788 0.600059 0.120998 0.677704 0.845944
0 0.949233 0.630308 0.100284 0.644518 0.831562
0 0.353553 0.582298 0.11627 0.596568 0.820935
0 0.761025 0.591021 0.0809423 0.607729 0.635722
0 0.905982 0.369383 0.0495831 0.125591 0.397968
0 0.294941 0.376452 0.0767732 0.227073 0.350043
0 0.295924 0.562667 0.0766078 0.59583 0.348061
0 0.498033 0.350824 0.0507865 0.112248 0.229641
0 0.627852 0.338736 0.0459805 0.111746 0.115138
0 0.758298 0.403095 0.0700537 0.23191 0.108336
