0 0.448027 0.947501 0.0162074 0.067757 0.751587
0 0.344606 0.694706 0.0186581 0.0656478 0.696481
0 0.10802 0.503537 0.0166271 0.0565747 0.601989
0 0.4912 0.904431 0.0169506 0.0688875 0.589011
0 0.217772 0.450096 0.0162983 0.0595341 0.550515
0 0.245518 0.400825 0.0174614 0.0593679 0.476753
0 0.234126 0.453876 0.0138359 0.0600504 0.456019
0 0.504669 0.90487 0.0146523 0.0621047 0.434561
0 0.653824 0.498702 0.0188091 0.0629899 0.414819
0 0.665764 0.476947 0.0154871 0.05501 0.404892
0 0.838328 0.654704 0.021361 0.059439 0.392143
0 0.152648 0.614472 0.0206981 0.0567536 0.346259
0 0.600999 0.698728 0.0176109 0.0602788 0.316156
0 0.634214 0.651599 0.0147187 0.05618 0.297225
0 0.575379 0.249258 0.0109053 0.0465084 0.259667
0 0.958741 0.343285 0.0159683 0.0512554 0.213581
0 0.539805 0.32994 0.0133175 0.0489296 0.168688
0 0.194976 0.672236 0.0240837 0.04973 0.143556
0 0.32039 0.333478 0.0207307 0.0532663 0.133247
0 0.480817 0.173604 0.0141612 0.052864 0.130805
0 0.584844 0.655103 0.0181931 0.0606565 0.124835
0 0.0196501 0.267742 0.0143154 0.0517704 0.116685
0 0.698713 0.611829 0.0126118 0.0579591 0.108337
0 0.669315 0.253822 0.0177263 0.0448002 0.103363
0 0.197053 0.674139 0.0330916 0.0541333 0.102051
