0 0.650901 0.705082 0.0868431 0.419604
0 0.4072 0.716936 0.0995173 0.410409
0 0.608918 0.709128 0.0959371 0.437725
0 0.0848235 0.708691 0.0903148 0.455114
0 0.522809 0.735708 0.0878337 0.428311
0 0.139089 0.602776 0.0743408 0.156442
0 0.827981 0.766652 0.0852776 0.322277
0 0.340798 0.602813 0.0883555 0.16716
0 0.144028 0.734613 0.0964604 0.420129
0 0.466672 0.677133 0.059369 0.380919
0 0.713535 0.70777 0.0619125 0.30619
0 0.341014 0.737889 0.0915447 0.43895
0 0.766943 0.743672 0.0646067 0.293103
0 0.953648 0.739578 0.0729515 0.361993
0 0.290008 0.70565 0.088106 0.454232
0 0.0182226 0.716936 0.036326 0.375938
0 0.523993 0.603965 0.0769897 0.163248
0 0.950029 0.79394 0.0652338 0.252388
0 0.987324 0.725822 0.0245125 0.316943
0 0.890111 0.773499 0.0523281 0.245744
0 0.906954 0.777285 0.0418926 0.257928
0 0.208852 0.74417 0.0583774 0.354077
