0 0.879658 0.502152 0.0987833 0.459868 0.611203
0 0.837086 0.594061 0.141822 0.335709 0.60911
0 0.958342 0.491782 0.0830635 0.351929 0.591937
0 0.697228 0.628942 0.154542 0.258857 0.526768
0 0.617228 0.62132 0.175094 0.243596 0.491041
0 0.0614 0.476019 0.0479449 0.194611 0.485546
0 0.364995 0.617461 0.119433 0.229138 0.448824
0 0.14379 0.428199 0.104087 0.207052 0.421715
0 0.138887 0.615964 0.144731 0.29659 0.392443
0 0.430708 0.611827 0.0924924 0.228109 0.321822
0 0.558688 0.49916 0.0648178 0.119632 0.294271
0 0.562421 0.406088 0.0733192 0.206256 0.273463
0 0.303912 0.629411 0.126178 0.235958 0.246655
0 0.00932007 0.472162 0.0186401 0.159562 0.239619
0 0.208681 0.626753 0.104828 0.245088 0.221293
0 0.50383 0.504024 0.0690725 0.104041 0.215012
0 0.395989 0.403728 0.0843613 0.202635 0.208791
0 0.629984 0.382357 0.0634377 0.165269 0.205469
0 0.771676 0.365459 0.0596285 0.148306 0.199499
0 0.510359 0.402504 0.0657543 0.196784 0.189654
0 0.810671 0.377455 0.0624699 0.154933 0.187476
0 0.360619 0.397693 0.0511821 0.207106 0.172455
0 0.605908 0.485869 0.0539736 0.146549 0.171869
0 0.31965 0.367896 0.0571485 0.162148 0.154663
0 0.455833 0.412898 0.0573326 0.168119 0.15024
0 0.241162 0.422972 0.0613617 0.170677 0.140655
0 0.72018 0.375896 0.0615404 0.163315 0.137953
0 0.290853 0.425349 0.0564927 0.167147 0.127818
0 0.761149 0.524735 0.0779534 0.197774 0.123964
0 0.652423 0.482103 0.0580139 0.153304 0.11407
0 0.681024 0.373453 0.0493172 0.147375 0.113503
0 0.32282 0.503097 0.0609148 0.130653 0.107956
0 0.698827 0.465334 0.0604552 0.11638 0.107464
0 0.452272 0.497771 0.0550711 0.112882 0.105418
