0 0.222942 0.170331 0.0766331 0.141487 0.868252
0 0.439716 0.15849 0.0749382 0.164781 0.825081
0 0.55634 0.164042 0.0514427 0.132332 0.818768
0 0.923601 0.806454 0.140965 0.379237 0.817152
0 0.738647 0.813766 0.260988 0.354902 0.808863
0 0.396391 0.175597 0.0511161 0.121711 0.807816
0 0.146486 0.576569 0.0656526 0.138659 0.769413
0 0.721484 0.563086 0.0853535 0.188527 0.765521
0 0.262237 0.201724 0.0743587 0.0720643 0.752763
0 0.496601 0.155952 0.0572486 0.118407 0.739444
0 0.641481 0.636551 0.112562 0.226319 0.709132
0 0.731618 0.239378 0.067352 0.131047 0.678606
0 0.444633 0.601445 0.0968632 0.102824 0.663498
0 0.588314 0.0866162 0.0438782 0.0648538 0.650389
0 0.0594514 0.658411 0.0743704 0.179805 0.613702
0 0.133089 0.767902 0.0927485 0.187 0.577934
0 0.332097 0.200507 0.0655392 0.0728178 0.546397
0 0.32674 0.139844 0.0606426 0.078922 0.535506
0 0.574832 0.59938 0.095276 0.192315 0.528315
0 0.417576 0.879222 0.147324 0.156604 0.464776
0 0.522743 0.92451 0.198173 0.141301 0.448486
0 0.169431 0.875258 0.126376 0.128195 0.429018
0 0.545898 0.856639 0.115209 0.105774 0.422567
0 0.0684625 0.88715 0.104137 0.127393 0.367715
0 0.840242 0.66432 0.0846238 0.136629 0.309161
0 0.339431 0.855851 0.131175 0.150649 0.297191
0 0.106841 0.928476 0.154913 0.0709156 0.258327
0 0.328022 0.165555 0.0640765 0.131799 0.228023
0 0.961784 0.537117 0.0620987 0.128723 0.224373
0 0.294061 0.855443 0.108191 0.148235 0.217718
0 0.415346 0.101145 0.0311444 0.0571946 0.165497
0 0.759071 0.237051 0.0393308 0.0631548 0.159668
0 0.703921 0.615591 0.0491459 0.0532796 0.158601
0 0.101925 0.893211 0.1693 0.138386 0.15531
