0 0.737008 0.574207 0.195969 0.825426
0 0.0513439 0.455516 0.102676 0.569635
0 0.301676 0.424037 0.102408 0.467708
0 0.152977 0.412685 0.128391 0.557837
0 0.864317 0.488939 0.11905 0.539182
0 0.361753 0.400001 0.0768492 0.396434
0 0.469681 0.411317 0.0832874 0.439631
0 0.638676 0.428666 0.114216 0.528258
0 0.940728 0.511136 0.116492 0.687346
0 0.532614 0.417215 0.0709894 0.381124
0 0.599284 0.429414 0.0642253 0.422925
0 0.968052 0.524429 0.0632778 0.665868
0 0.941163 0.381364 0.089066 0.444987
0 0.0108393 0.33985 0.0216606 0.302136
0 0.571746 0.410221 0.0925634 0.422121
0 0.847305 0.28361 0.0599378 0.144709
0 0.0100188 0.232722 0.0200375 0.0863206
0 0.571992 0.318034 0.0905301 0.236255
0 0.0109771 0.405609 0.0218208 0.433212
