0 0.800801 0.700061 0.112691 0.328961
0 0.150039 0.628808 0.115788 0.512535
0 0.933748 0.593956 0.0962368 0.485065
0 0.859848 0.615231 0.0853508 0.43932
0 0.0529365 0.620601 0.0895538 0.425846
0 0.237362 0.618666 0.0882405 0.501615
0 0.70753 0.702298 0.074064 0.314142
0 0.607966 0.512922 0.0846293 0.261294
0 0.773782 0.489048 0.0987199 0.260468
0 0.519146 0.711788 0.0920236 0.329109
0 0.536558 0.540065 0.0912622 0.295087
0 0.384764 0.475251 0.0815 0.193427
0 0.459187 0.522316 0.076794 0.262307
0 0.308066 0.726242 0.156614 0.364527
0 0.604313 0.710291 0.0848148 0.31632
0 0.657393 0.470393 0.0513575 0.140599
0 0.717773 0.47114 0.0705891 0.235087
0 0.427089 0.726928 0.126858 0.3181
