0 0.799754 0.871881 0.029396 0.108263
0 0.710317 0.871066 0.024004 0.10462
0 0.458641 0.862391 0.0280885 0.103173
0 0.971392 0.872104 0.0419298 0.114892
0 0.374399 0.86401 0.0239609 0.0763242
0 0.322695 0.861581 0.0216416 0.0869643
0 0.0821205 0.869988 0.0189424 0.0738772
0 0.927614 0.851957 0.0336067 0.0754351
0 0.210562 0.866825 0.0218306 0.0751234
0 0.14056 0.866651 0.0302099 0.0800538
0 0.899954 0.853505 0.0291386 0.0696465
0 0.927264 0.867492 0.0346957 0.106664
0 0.167431 0.866934 0.0189323 0.077523
0 0.295019 0.858849 0.0189856 0.0781429
0 0.278023 0.862557 0.0195139 0.075208
0 0.122903 0.868359 0.0157875 0.0746206
0 0.23809 0.858921 0.0159743 0.0728869
0 0.0176602 0.866827 0.0221229 0.0796799
