0 0.374723 0.577238 0.112011 0.415763
0 0.469118 0.630415 0.113477 0.643981
0 0.826717 0.575673 0.120419 0.445147
0 0.678257 0.566765 0.103854 0.433843
0 0.0100923 0.252021 0.0201847 0.086602
0 0.609994 0.532432 0.0719249 0.353474
0 0.0631491 0.260999 0.0404268 0.0997887
0 0.870671 0.530225 0.0680424 0.376268
0 0.533418 0.564086 0.078422 0.438593
0 0.136014 0.270673 0.0331704 0.0964513
0 0.736466 0.536019 0.0743234 0.363541
0 0.106461 0.261372 0.0374208 0.0877838
0 0.030082 0.256095 0.0294816 0.0968578
0 0.906356 0.494899 0.0607147 0.302338
0 0.767583 0.504214 0.0610674 0.328749
0 0.584866 0.402294 0.0376424 0.102668
0 0.921181 0.486986 0.0605942 0.295419
0 0.792095 0.383783 0.0381805 0.0900851
0 0.924355 0.425292 0.062617 0.177125
0 0.954135 0.417557 0.0282749 0.0935955
