0 0.172698 0.603889 0.176624 0.542782 0.887137
0 0.689089 0.625749 0.198775 0.746992 0.882382
0 0.060359 0.549989 0.0802687 0.40139 0.85904
0 0.742251 0.521142 0.103989 0.473119 0.804652
0 0.970166 0.618159 0.0588277 0.761448 0.797003
0 0.401764 0.614012 0.202234 0.66846 0.792008
0 0.930969 0.528718 0.089661 0.530021 0.718411
0 0.883288 0.461327 0.0658863 0.356998 0.684268
0 0.554387 0.504122 0.069519 0.40641 0.679438
0 0.306401 0.485886 0.054688 0.304702 0.572628
0 0.404048 0.35409 0.0509907 0.0933676 0.385302
0 0.506414 0.462128 0.0473842 0.264977 0.354208
0 0.406428 0.481748 0.0585121 0.353786 0.285473
0 0.799909 0.410478 0.0501601 0.201727 0.162924
0 0.477614 0.457956 0.106435 0.270334 0.129323
