0 0.541772 0.60096 0.0502727 0.211931 0.801708
0 0.603254 0.599908 0.0457567 0.208185 0.784839
0 0.493963 0.592807 0.0450287 0.2216 0.772887
0 0.387962 0.598272 0.0473348 0.21301 0.696723
0 0.064483 0.602937 0.0427745 0.199412 0.66871
0 0.825299 0.598094 0.0502517 0.208861 0.652112
0 0.709114 0.594911 0.0458882 0.213786 0.598244
0 0.175788 0.595518 0.0466145 0.204925 0.542558
0 0.27618 0.597682 0.0497972 0.209897 0.524607
0 0.437111 0.601324 0.0567132 0.207973 0.460727
0 0.924266 0.592708 0.0562812 0.220304 0.408656
0 0.132995 0.588589 0.0429376 0.196644 0.252401
0 0.744774 0.592124 0.0365318 0.19812 0.211072
0 0.649949 0.597687 0.0512375 0.207952 0.193588
0 0.767142 0.611254 0.052776 0.174525 0.186942
0 0.923104 0.534536 0.0548223 0.103609 0.179948
0 0.348522 0.594447 0.0329355 0.203535 0.15582
0 0.745007 0.536483 0.0354586 0.0851842 0.149137
0 0.253135 0.535252 0.0267623 0.0831663 0.122231
0 0.132963 0.539631 0.0423824 0.0985446 0.107223
