0 0.0705646 0.63517 0.140614 0.637555
0 0.847885 0.628505 0.144817 0.588548
0 0.725323 0.602921 0.139536 0.561458
0 0.322159 0.596179 0.124074 0.55844
0 0.608998 0.618359 0.133665 0.558993
0 0.487792 0.593481 0.153798 0.560999
0 0.199536 0.660499 0.180727 0.481195
0 0.410425 0.565207 0.084794 0.476927
0 0.939761 0.668209 0.100158 0.177772
0 0.137897 0.575424 0.109358 0.539893
0 0.236468 0.423188 0.0842492 0.143126
0 0.701208 0.375143 0.037362 0.106721
0 0.668478 0.411979 0.0418728 0.100384
0 0.583884 0.401587 0.0520794 0.102261
0 0.984448 0.578136 0.0304774 0.090346
0 0.667313 0.540711 0.0469284 0.35387
0 0.97503 0.86393 0.049052 0.0403379
0 0.381399 0.407815 0.0520718 0.097282
0 0.5481 0.550339 0.0436216 0.36199
0 0.470566 0.376259 0.0305732 0.040024
0 0.556778 0.550353 0.0623165 0.359935
0 0.545655 0.403833 0.0351653 0.0714554
0 0.974776 0.706818 0.0495941 0.360512
0 0.237334 0.533148 0.0887681 0.36363
