0 0.547826 0.574548 0.187331 0.832713 0.895988
0 0.960064 0.704161 0.0793655 0.492959 0.888185
0 0.88463 0.669708 0.0993228 0.419697 0.881374
0 0.0778603 0.660046 0.0989613 0.593213 0.863048
0 0.122065 0.645793 0.0845983 0.523489 0.849944
0 0.666526 0.705456 0.0967501 0.573659 0.750749
0 0.199286 0.628038 0.0617286 0.365775 0.739034
0 0.81139 0.65062 0.0577435 0.342278 0.710778
0 0.0204291 0.667299 0.040728 0.552167 0.685832
0 0.386285 0.571661 0.165128 0.83856 0.640316
0 0.259107 0.625211 0.0457748 0.288135 0.59794
0 0.764533 0.642281 0.0344201 0.27559 0.537831
0 0.406121 0.507832 0.207738 0.961489 0.384759
0 0.170193 0.631629 0.0455752 0.354299 0.37574
0 0.83886 0.643643 0.0350472 0.262692 0.297221
0 0.734817 0.635238 0.0370164 0.220284 0.254019
0 0.296787 0.619924 0.0294727 0.230284 0.200407
0 0.685667 0.669633 0.0527466 0.352237 0.175622
