0 0.500461 0.671735 0.255697 0.654382 0.926045
0 0.888134 0.562791 0.150507 0.380511 0.873713
0 0.0605341 0.545447 0.120912 0.39086 0.870941
0 0.771493 0.567659 0.136829 0.368703 0.860112
0 0.388363 0.656228 0.144291 0.580437 0.769505
0 0.253913 0.556527 0.122097 0.377533 0.752044
0 0.953862 0.557932 0.0917805 0.384104 0.679686
0 0.170974 0.54231 0.0995336 0.403206 0.554812
0 0.691512 0.596975 0.101682 0.298573 0.429407
0 0.3242 0.550737 0.0799033 0.38734 0.387399
0 0.715589 0.409827 0.0622272 0.113181 0.30182
0 0.609811 0.582626 0.0866772 0.321636 0.263036
0 0.677026 0.478374 0.0614412 0.186168 0.244299
0 0.256705 0.42558 0.126619 0.118954 0.234783
0 0.652391 0.421708 0.0454475 0.173023 0.221914
0 0.00764429 0.409872 0.0152886 0.0712099 0.150653
0 0.828374 0.450324 0.0607936 0.129698 0.111059
