0 0.12693 0.603056 0.142294 0.509852
0 0.483319 0.681309 0.106428 0.328199
0 0.273938 0.587819 0.111161 0.427301
0 0.38914 0.69208 0.0935287 0.30727
0 0.395252 0.439339 0.116243 0.167777
0 0.69756 0.664768 0.113213 0.314587
0 0.81755 0.667278 0.125449 0.310133
0 0.587504 0.663776 0.114353 0.334927
0 0.507477 0.495843 0.132623 0.280816
0 0.644945 0.468447 0.106952 0.282103
0 0.796361 0.490053 0.139384 0.26773
0 0.645782 0.549275 0.106954 0.44733
0 0.0271369 0.501678 0.0440627 0.0622588
0 0.564167 0.411188 0.0302015 0.0923255
