0 0.406265 0.877 0.0744311 0.222402
0 0.585071 0.887877 0.066937 0.193901
0 0.646439 0.885336 0.0747777 0.229328
0 0.774615 0.887188 0.0603733 0.189382
0 0.239813 0.848852 0.039334 0.112803
0 0.3505 0.855789 0.0485405 0.121709
0 0.843288 0.866082 0.0432473 0.111176
0 0.695053 0.897514 0.07106 0.17012
0 0.283321 0.842027 0.0363477 0.0849094
0 0.727252 0.859171 0.0384313 0.0891281
0 0.00807849 0.844186 0.016157 0.0830256
0 0.943963 0.857262 0.0366939 0.101491
0 0.479472 0.8556 0.0258813 0.0809996
0 0.109954 0.851742 0.0315069 0.0777103
0 0.864225 0.858379 0.0230934 0.0844608
0 0.0913044 0.849463 0.0316245 0.0738548
0 0.134032 0.8495 0.0288822 0.0765159
0 0.530543 0.8545 0.0245407 0.0598057
0 0.917051 0.859512 0.0236485 0.0938694
