0 0.79316 0.772657 0.123079 0.391459 0.83306
0 0.204098 0.774389 0.12213 0.32115 0.821656
0 0.72712 0.757591 0.0909464 0.279107 0.805831
0 0.320313 0.783543 0.1431 0.341198 0.805322
0 0.073276 0.767529 0.10203 0.31513 0.780953
0 0.608884 0.775476 0.131899 0.406647 0.7725
0 0.970993 0.716177 0.0556633 0.214299 0.716237
0 0.895649 0.754208 0.0978981 0.295728 0.690119
0 0.678731 0.742369 0.0490408 0.216459 0.643548
0 0.54484 0.73006 0.0465057 0.230633 0.586928
0 0.466135 0.789838 0.128627 0.344929 0.457762
0 0.576838 0.743518 0.0641251 0.306039 0.404345
0 0.437426 0.755866 0.0562582 0.275587 0.2613
0 0.489444 0.791976 0.0818136 0.342729 0.252098
0 0.9291 0.727709 0.0470276 0.239864 0.184601
