0 0.268787 0.492302 0.104385 0.660402
0 0.893675 0.50918 0.0942362 0.707523
0 0.389339 0.527305 0.108725 0.767949
0 0.702352 0.47057 0.0704096 0.540239
0 0.19231 0.469787 0.0560373 0.475474
0 0.498994 0.539606 0.118002 0.425287
0 0.827889 0.517176 0.0926141 0.621574
0 0.0138936 0.458085 0.0277872 0.220778
0 0.148422 0.456609 0.0454554 0.212386
0 0.239426 0.463939 0.0868221 0.592727
0 0.761407 0.468525 0.0592736 0.188851
0 0.515172 0.461971 0.0540453 0.41086
0 0.985284 0.455104 0.0284634 0.191457
0 0.941785 0.462772 0.0353222 0.186682
0 0.973035 0.457654 0.0510654 0.189802
0 0.682395 0.538258 0.0390279 0.272765
0 0.240027 0.318695 0.0879917 0.30417
