0 0.502541 0.286736 0.11816 0.436353
0 0.190074 0.399879 0.187395 0.547586
0 0.691702 0.412078 0.165302 0.631993
0 0.0660783 0.357846 0.117704 0.514204
0 0.271015 0.287233 0.101131 0.381966
0 0.980144 0.22465 0.0391232 0.275755
0 0.889397 0.343805 0.173172 0.476501
0 0.610303 0.35551 0.110553 0.498306
0 0.827759 0.188434 0.0512009 0.188363
0 0.583215 0.258609 0.0826214 0.479686
0 0.422967 0.208452 0.0492428 0.177556
0 0.342207 0.207799 0.0578665 0.211565
0 0.383824 0.192949 0.0319679 0.165613
0 0.409991 0.185187 0.0303082 0.178758
