0 0.216943 0.594622 0.104042 0.450264 0.87003
0 0.880252 0.589573 0.0892231 0.477984 0.794218
0 0.814483 0.584673 0.0679943 0.383851 0.73023
0 0.976466 0.572496 0.0464523 0.45779 0.721519
0 0.758224 0.595564 0.0998459 0.449972 0.717883
0 0.643576 0.573277 0.107361 0.518531 0.694064
0 0.372206 0.367688 0.0966362 0.116368 0.629212
0 0.116574 0.5223 0.0552476 0.225616 0.610208
0 0.0509507 0.514534 0.0565424 0.254597 0.554219
0 0.0178243 0.514525 0.0356485 0.227409 0.545387
0 0.372849 0.579185 0.0964071 0.54022 0.515118
0 0.569557 0.561674 0.0972523 0.513941 0.456801
0 0.565445 0.368114 0.0866402 0.124877 0.396732
0 0.499007 0.381331 0.0578973 0.0917231 0.352382
0 0.924682 0.552367 0.0503889 0.339786 0.329479
0 0.688432 0.578762 0.0730419 0.365384 0.216097
0 0.435068 0.387874 0.0425977 0.0733091 0.185928
0 0.372803 0.793505 0.06753 0.106909 0.165527
0 0.158856 0.552555 0.0549617 0.288817 0.153856
0 0.0724742 0.503631 0.0371439 0.217956 0.122485
