0 0.663166 0.738015 0.165623 0.513872
0 0.816249 0.792238 0.129799 0.407297
0 0.292521 0.753575 0.135233 0.487128
0 0.517106 0.720514 0.162704 0.552972
0 0.210858 0.723292 0.117321 0.549274
0 0.414646 0.715367 0.110293 0.566457
0 0.04759 0.608877 0.0950627 0.529868
0 0.1506 0.675967 0.0957555 0.526664
0 0.965345 0.661906 0.0681643 0.247755
0 0.358597 0.652881 0.0929529 0.534506
0 0.281073 0.473889 0.0979628 0.232968
0 0.580773 0.402035 0.0676426 0.437882
0 0.120601 0.64901 0.0742783 0.52575
0 0.675024 0.390231 0.0729902 0.38863
0 0.495044 0.31286 0.0739187 0.276806
0 0.967048 0.471388 0.0654867 0.628334
0 0.358349 0.544695 0.0929993 0.316339
0 0.0845455 0.378224 0.0671186 0.223479
0 0.195246 0.41301 0.0717478 0.148791
0 0.290252 0.182791 0.0626693 0.289929
0 0.116197 0.446477 0.109357 0.319796
