0 0.117018 0.654229 0.0782844 0.310049
0 0.786122 0.680086 0.100573 0.429008
0 0.543373 0.656167 0.0789547 0.369316
0 0.701234 0.681268 0.0682089 0.388113
0 0.475156 0.677743 0.0761613 0.307021
0 0.288366 0.668282 0.0671862 0.28897
0 0.834453 0.635787 0.0703587 0.370671
0 0.207862 0.581841 0.0633908 0.116483
0 0.383748 0.661849 0.0889992 0.344848
0 0.604675 0.676326 0.0580111 0.339485
0 0.839761 0.450128 0.0826569 0.121141
0 0.261941 0.570353 0.053013 0.135032
0 0.438286 0.669045 0.0614304 0.326701
0 0.175963 0.573675 0.0526259 0.135554
0 0.175282 0.658023 0.0567453 0.301583
0 0.730994 0.535041 0.0351828 0.120464
0 0.473259 0.583172 0.073312 0.118383
0 0.325469 0.529814 0.0376041 0.0818138
0 0.507089 0.541107 0.0285955 0.0885375
0 0.543752 0.558299 0.0784553 0.171251
0 0.604 0.569503 0.0560295 0.131346
0 0.648131 0.572127 0.0442066 0.118379
0 0.435573 0.574677 0.0640979 0.137684
0 0.651428 0.68432 0.0533473 0.350153
0 0.337359 0.6702 0.0536184 0.308326
0 0.208299 0.663236 0.0640536 0.287244
0 0.3826 0.566575 0.0880703 0.152806
0 0.704382 0.56423 0.0611704 0.148058
0 0.672905 0.530395 0.0317335 0.0778762
0 0.776127 0.479508 0.0728865 0.095054
0 0.423731 0.528971 0.0272118 0.0579551
0 0.262948 0.654876 0.0503071 0.312017
0 0.242755 0.53949 0.0283266 0.077928
0 0.507099 0.562796 0.0275225 0.137879
0 0.338136 0.577196 0.0479196 0.114015
0 0.288272 0.580148 0.0661923 0.112089
