0 0.132189 0.375412 0.152479 0.550319
0 0.608612 0.39106 0.102249 0.431665
0 0.402137 0.402079 0.138141 0.443085
0 0.517366 0.411141 0.0888045 0.331161
0 0.758192 0.405078 0.0960716 0.371613
0 0.658542 0.397708 0.0711017 0.324849
0 0.878348 0.432882 0.0570457 0.237468
0 0.338059 0.429108 0.0805676 0.327177
0 0.831755 0.432285 0.0428181 0.228671
0 0.923034 0.439678 0.0516821 0.228486
0 0.973381 0.428325 0.050378 0.229813
0 0.0509501 0.464186 0.0607714 0.198228
0 0.289501 0.461878 0.0482838 0.158514
0 0.682343 0.437041 0.0363478 0.184796
0 0.207358 0.402211 0.0376827 0.0742909
0 0.464926 0.430674 0.0378611 0.169809
0 0.178425 0.41305 0.0306013 0.0551439
0 0.708326 0.435056 0.0296845 0.191043
