0 0.557268 0.655697 0.0688333 0.249662
0 0.479719 0.661841 0.0650522 0.23104
0 0.0743719 0.728538 0.0934883 0.343934
0 0.930536 0.693281 0.0898239 0.300067
0 0.612566 0.677249 0.0606049 0.20439
0 0.217569 0.705831 0.055118 0.271194
0 0.815768 0.721053 0.0987728 0.412799
0 0.295128 0.685374 0.0565864 0.234553
0 0.354716 0.659193 0.0424225 0.169557
0 0.431251 0.668687 0.0315622 0.157635
0 0.188369 0.697939 0.0306955 0.169233
0 0.658478 0.651293 0.0240995 0.149425
0 0.674774 0.657031 0.028949 0.169802
0 0.721212 0.631747 0.0294046 0.146295
0 0.721396 0.660726 0.0311484 0.205497
0 0.698059 0.653919 0.0285773 0.184405
0 0.110453 0.725221 0.0239151 0.162519
