0 0.41738 0.610272 0.171612 0.71402 0.910533
0 0.228791 0.622501 0.151811 0.479429 0.887875
0 0.711141 0.64022 0.124267 0.485938 0.883191
0 0.877721 0.637081 0.0969507 0.412072 0.826949
0 0.621474 0.633853 0.0781353 0.300532 0.772005
0 0.14145 0.624178 0.0769572 0.318869 0.71755
0 0.98133 0.63827 0.0366606 0.227924 0.636916
0 0.808801 0.633341 0.0641802 0.258011 0.636462
0 0.544039 0.632595 0.059356 0.22666 0.608186
0 0.32151 0.632352 0.0489245 0.201458 0.358358
0 0.101379 0.616072 0.0307584 0.222477 0.34112
0 0.950395 0.634445 0.020662 0.127183 0.205902
0 0.294188 0.626607 0.0258961 0.125393 0.182222
0 0.267292 0.632945 0.0261616 0.167231 0.158836
0 0.475072 0.636686 0.029511 0.179013 0.147412
0 0.0789298 0.610137 0.0314121 0.153753 0.10502
