0 0.377103 0.72051 0.428496 0.293096 0.749745
0 0.883086 0.647554 0.233829 0.122563 0.745044
0 0.389767 0.828534 0.534537 0.311117 0.694014
0 0.0390828 0.393811 0.0781596 0.226229 0.664997
0 0.944268 0.411629 0.103408 0.377177 0.662702
0 0.756229 0.588683 0.247289 0.104984 0.636905
0 0.212137 0.49344 0.235067 0.12497 0.550318
0 0.699881 0.8758 0.24178 0.246667 0.526232
0 0.84436 0.341277 0.0722836 0.241609 0.499806
0 0.766121 0.383122 0.0723887 0.264439 0.484739
0 0.273115 0.607993 0.28101 0.133912 0.48153
0 0.701256 0.363081 0.0574436 0.25321 0.46968
0 0.700968 0.540868 0.230737 0.109807 0.468323
0 0.0718164 0.811541 0.143112 0.366591 0.421069
0 0.095705 0.381959 0.0490953 0.211075 0.394704
0 0.968889 0.710259 0.0613863 0.162497 0.38398
0 0.346919 0.641122 0.361358 0.216738 0.34674
0 0.639526 0.368139 0.0410931 0.225416 0.312988
0 0.129533 0.374245 0.055814 0.196915 0.270226
0 0.357386 0.354304 0.0424192 0.181764 0.267981
0 0.250762 0.569238 0.26832 0.142104 0.212213
