0 0.292151 0.69935 0.146264 0.484351 0.902683
0 0.720134 0.617607 0.10725 0.534541 0.855848
0 0.406862 0.649447 0.0624689 0.330363 0.855514
0 0.640113 0.692381 0.0823628 0.403213 0.842874
0 0.521672 0.650512 0.120279 0.463765 0.833813
0 0.348252 0.586939 0.0688048 0.228948 0.752193
0 0.587605 0.613689 0.0489193 0.297424 0.681255
0 0.829962 0.640815 0.0590439 0.350286 0.680561
0 0.0662579 0.72449 0.053976 0.437549 0.564881
0 0.222364 0.608509 0.0710261 0.375968 0.560652
0 0.783019 0.655263 0.0529213 0.391494 0.488358
0 0.0659142 0.647788 0.0530456 0.283479 0.432993
0 0.866361 0.505958 0.0207363 0.0509675 0.400227
0 0.314484 0.511374 0.0275309 0.0510857 0.37344
0 0.681731 0.639082 0.0523405 0.296679 0.274083
