0 0.512322 0.551631 0.301268 0.873196 0.95073
0 0.21018 0.67256 0.359234 0.636218 0.950172
0 0.685458 0.693066 0.103131 0.598833 0.854951
0 0.801087 0.362956 0.0290348 0.088424 0.793804
0 0.409766 0.348471 0.0411583 0.10158 0.780053
0 0.774096 0.358496 0.0216758 0.0936807 0.737333
0 0.905061 0.354901 0.0193039 0.0828849 0.647749
0 0.736837 0.362761 0.0253637 0.0940944 0.6269
0 0.704834 0.366273 0.0218204 0.0906685 0.570823
0 0.683766 0.354933 0.0225861 0.0913451 0.547739
0 0.333119 0.379533 0.0414602 0.0603872 0.515324
0 0.344896 0.350623 0.0264463 0.0732302 0.512716
0 0.758371 0.356872 0.018309 0.0854056 0.499886
0 0.668938 0.354227 0.017802 0.0864693 0.358018
0 0.718463 0.367231 0.0144852 0.0901096 0.335942
0 0.880344 0.367876 0.0246727 0.0620456 0.331214
0 0.444619 0.342702 0.0179109 0.043137 0.287412
0 0.925614 0.334396 0.0128395 0.0404805 0.280897
0 0.67913 0.355171 0.0218481 0.0899633 0.267487
