0 0.721074 0.69805 0.13799 0.304012 0.904469
0 0.162441 0.681168 0.128942 0.321158 0.831691
0 0.418366 0.692567 0.110554 0.251602 0.785263
0 0.4688 0.670621 0.0871915 0.218266 0.746279
0 0.311612 0.685812 0.0983978 0.232387 0.726183
0 0.96186 0.642388 0.0515233 0.13149 0.671223
0 0.515835 0.650466 0.070916 0.200939 0.666931
0 0.558335 0.650367 0.0584426 0.186538 0.549653
0 0.593116 0.645225 0.0572585 0.174577 0.540223
0 0.230678 0.670439 0.0795793 0.220976 0.510737
0 0.360195 0.672892 0.0768897 0.213423 0.445609
0 0.0818152 0.680852 0.0641267 0.228312 0.403467
0 0.820934 0.604741 0.0290152 0.0744623 0.285731
0 0.618711 0.638961 0.0416153 0.157399 0.2061
