0 0.882709 0.494623 0.0664782 0.355145 0.631287
0 0.737643 0.506897 0.0636698 0.343953 0.588509
0 0.440677 0.551548 0.070074 0.281955 0.587694
0 0.185951 0.471942 0.0535098 0.338406 0.565167
0 0.829514 0.507401 0.0564877 0.344441 0.507511
0 0.591393 0.555678 0.067576 0.287376 0.478658
0 0.785096 0.508173 0.0552919 0.333358 0.458608
0 0.367605 0.550405 0.0682781 0.262053 0.451359
0 0.0760651 0.471737 0.0526891 0.324429 0.419128
0 0.109366 0.481892 0.0596659 0.307326 0.41001
0 0.515896 0.554015 0.0741585 0.268142 0.401297
0 0.289836 0.539075 0.0798812 0.286865 0.387034
0 0.669385 0.561245 0.0732494 0.277236 0.381884
0 0.239535 0.486075 0.0620116 0.331693 0.256132
0 0.151348 0.47364 0.0426438 0.329902 0.239431
0 0.691498 0.425692 0.0448721 0.206008 0.231495
