0 0.0318328 0.653919 0.0635062 0.349647 0.872955
0 0.0914077 0.645383 0.079348 0.368402 0.845098
0 0.157406 0.651257 0.0655845 0.353618 0.833621
0 0.901796 0.653455 0.0948414 0.369412 0.813262
0 0.492397 0.645855 0.0675089 0.370503 0.79357
0 0.836627 0.662859 0.0668942 0.35487 0.766167
0 0.946327 0.655285 0.0556468 0.345646 0.759113
0 0.983609 0.652202 0.032082 0.348276 0.752101
0 0.731329 0.648632 0.0899379 0.368293 0.743923
0 0.603909 0.653891 0.0705593 0.352905 0.710994
0 0.55 0.65118 0.0556184 0.351555 0.694027
0 0.219194 0.642505 0.0826055 0.381743 0.690843
0 0.379608 0.658401 0.071776 0.358197 0.670917
0 0.66133 0.642649 0.0698305 0.361996 0.649421
0 0.433969 0.661211 0.0627539 0.340913 0.639041
0 0.286357 0.646582 0.0719341 0.352402 0.626808
0 0.776806 0.650777 0.0533392 0.342053 0.577987
0 0.336995 0.649207 0.0556552 0.341509 0.497954
