0 0.555808 0.574042 0.0235056 0.0947387 0.386836
0 0.574288 0.569725 0.0180332 0.107808 0.373297
0 0.52336 0.55495 0.0186293 0.0909792 0.360229
0 0.592848 0.577193 0.0225694 0.0922508 0.356898
0 0.528844 0.45224 0.0226151 0.106379 0.319064
0 0.638518 0.580033 0.0231849 0.0998 0.300041
0 0.656158 0.582702 0.0195973 0.0925954 0.249561
0 0.506912 0.450505 0.0217161 0.108782 0.243792
0 0.992437 0.42572 0.0144661 0.0657287 0.226876
0 0.620512 0.580462 0.0170626 0.0942825 0.217938
0 0.543359 0.554219 0.0215588 0.0946216 0.203798
