0 0.605 0.748364 0.0646783 0.349407
0 0.734874 0.725928 0.0671524 0.361941
0 0.668099 0.745543 0.0665005 0.344461
0 0.0524885 0.692834 0.0569357 0.109803
0 0.799326 0.684772 0.0677136 0.235551
0 0.558085 0.675815 0.039947 0.0928281
0 0.33493 0.689506 0.0483582 0.0809779
0 0.394619 0.690684 0.0545867 0.0777213
0 0.256933 0.694158 0.0452828 0.0812798
0 0.857181 0.744946 0.0700645 0.403294
0 0.484248 0.679388 0.0597496 0.0935204
0 0.174403 0.693859 0.0528764 0.0900742
0 0.926129 0.726948 0.0752746 0.318231
0 0.857776 0.672532 0.0698067 0.255549
0 0.924473 0.685297 0.0711285 0.237072
0 0.991981 0.633009 0.0154016 0.127869
