0 0.681544 0.74051 0.0444477 0.188114 0.670173
0 0.307039 0.763196 0.0605193 0.180792 0.642285
0 0.795978 0.698636 0.0650664 0.179392 0.629571
0 0.176213 0.728257 0.0516261 0.180452 0.606251
0 0.692824 0.555068 0.0783074 0.190478 0.60155
0 0.44175 0.768851 0.0461437 0.206214 0.584378
0 0.569334 0.753721 0.0465677 0.179221 0.583152
0 0.132597 0.676101 0.0486453 0.155094 0.397592
0 0.283775 0.422118 0.0255222 0.0847645 0.290664
0 0.217029 0.553624 0.0512183 0.13618 0.283481
0 0.866792 0.64012 0.0958631 0.140456 0.269914
0 0.116794 0.495931 0.0353536 0.100527 0.264417
0 0.0986614 0.617126 0.0445732 0.138139 0.230428
0 0.8876 0.606584 0.0461786 0.118385 0.221682
0 0.630557 0.471332 0.0366798 0.147493 0.221179
