0 0.593668 0.662338 0.061042 0.254719
0 0.197193 0.585646 0.0432099 0.170621
0 0.958816 0.559857 0.035356 0.189479
0 0.454772 0.586983 0.0332958 0.17068
0 0.857104 0.625547 0.0574812 0.215248
0 0.113869 0.551993 0.0403532 0.14369
0 0.0419043 0.548779 0.0384124 0.144594
0 0.336831 0.554486 0.0395613 0.146095
0 0.301729 0.552194 0.037846 0.14796
0 0.26577 0.553214 0.0390332 0.144982
0 0.231046 0.552592 0.032583 0.146864
0 0.916371 0.558929 0.0415283 0.181713
0 0.370609 0.55227 0.0354305 0.14961
0 0.154455 0.550098 0.039855 0.148775
0 0.0791789 0.549733 0.0353653 0.14946
0 0.406976 0.553091 0.0348186 0.152981
0 0.746429 0.562134 0.0528519 0.182217
0 0.67143 0.576409 0.0455728 0.1639
0 0.791732 0.556446 0.0408362 0.175038
0 0.538209 0.553033 0.039213 0.156776
0 0.716899 0.551594 0.0366114 0.174267
0 0.65059 0.559623 0.0275601 0.156623
0 0.823833 0.559006 0.0346171 0.168328
0 0.574839 0.548985 0.0377203 0.139948
