0 0.353729 0.51377 0.165003 0.867569
0 0.595409 0.544582 0.148194 0.73775
0 0.459341 0.550765 0.155289 0.76156
0 0.708748 0.542941 0.127163 0.71682
0 0.245754 0.26923 0.101015 0.536266
0 0.972286 0.437356 0.0548742 0.661727
0 0.895491 0.365951 0.117807 0.608471
0 0.0311024 0.330867 0.0620762 0.583178
0 0.483963 0.174664 0.0940571 0.348901
0 0.807283 0.35916 0.0969498 0.631839
0 0.0820515 0.283456 0.100762 0.508832
0 0.756833 0.40646 0.0972451 0.669945
0 0.557552 0.206168 0.0582184 0.185903
0 0.12882 0.162313 0.0969896 0.32208
0 0.589095 0.0985278 0.0629756 0.152453
0 0.040698 0.899312 0.0809772 0.188927
0 0.415269 0.129632 0.049041 0.232928
0 0.644504 0.0910898 0.0599477 0.171939
0 0.357991 0.0669821 0.0841937 0.131769
