0 0.591062 0.565325 0.0327532 0.154722
0 0.664432 0.554052 0.0235908 0.134178
0 0.404075 0.569569 0.0338841 0.14107
0 0.644873 0.556624 0.0242903 0.137828
0 0.567572 0.572129 0.0270496 0.151193
0 0.623175 0.563096 0.0241548 0.139713
0 0.945171 0.522013 0.014647 0.0576597
0 0.133402 0.521228 0.0314977 0.0432274
0 0.0669956 0.523138 0.030146 0.0433543
0 0.529728 0.578113 0.0285142 0.160157
0 0.436445 0.56478 0.0289938 0.137738
0 0.0955388 0.522705 0.0275136 0.0407468
0 0.167 0.5203 0.0324299 0.0415293
0 0.549896 0.555729 0.0256617 0.126957
0 0.19752 0.518238 0.0263131 0.0399086
0 0.224303 0.518403 0.0231113 0.035287
0 0.0301016 0.525065 0.0273028 0.0454103
0 0.316483 0.540587 0.0167593 0.0399222
0 0.797439 0.537588 0.0129601 0.073085
