0 0.434202 0.624926 0.09784 0.421587 0.843015
0 0.530681 0.570656 0.0854644 0.381163 0.768303
0 0.32441 0.610887 0.107672 0.399794 0.691066
0 0.246219 0.597525 0.0806347 0.347675 0.672411
0 0.206957 0.582155 0.0755267 0.332167 0.644943
0 0.0286297 0.497413 0.056963 0.163718 0.577693
0 0.653371 0.537874 0.0754711 0.261921 0.562355
0 0.365975 0.564155 0.0686671 0.307902 0.464448
0 0.152825 0.476725 0.0232674 0.111463 0.42757
0 0.582664 0.542847 0.059688 0.296579 0.406901
0 0.74457 0.496808 0.0464878 0.220839 0.287721
0 0.771361 0.49284 0.0306294 0.138965 0.271257
0 0.873546 0.481102 0.0415201 0.145389 0.210785
0 0.812665 0.493668 0.0372617 0.156418 0.204462
