0 0.601497 0.868365 0.0768191 0.121769 0.607951
0 0.442489 0.861663 0.0408104 0.125958 0.51343
0 0.272875 0.856753 0.0450281 0.112892 0.502071
0 0.207974 0.737291 0.0461707 0.174631 0.501126
0 0.565822 0.719096 0.0413831 0.130481 0.365399
0 0.176942 0.826786 0.0553359 0.123925 0.358099
0 0.867589 0.567645 0.0310772 0.145895 0.346318
0 0.70359 0.839215 0.0583934 0.124482 0.33576
0 0.459545 0.650803 0.0359763 0.128369 0.326195
0 0.502429 0.697673 0.0276626 0.136397 0.286469
0 0.735763 0.776102 0.0551705 0.150627 0.280846
0 0.324518 0.648111 0.030813 0.128372 0.270827
0 0.809145 0.83171 0.0654667 0.128822 0.258037
0 0.930338 0.825262 0.0529378 0.124244 0.249481
0 0.107278 0.974121 0.0526033 0.0509964 0.223812
0 0.412472 0.569564 0.0269177 0.0967828 0.206123
0 0.616835 0.729453 0.0337349 0.136798 0.205984
