0 0.570514 0.610443 0.146917 0.533956 0.889053
0 0.169369 0.563576 0.104857 0.454165 0.882891
0 0.71511 0.611298 0.158152 0.512349 0.881557
0 0.878586 0.571234 0.112602 0.501113 0.862488
0 0.282204 0.552465 0.0959214 0.504707 0.850075
0 0.458258 0.654561 0.115471 0.587081 0.824402
0 0.958116 0.5297 0.0786033 0.424591 0.777413
0 0.784318 0.570438 0.0750797 0.493834 0.687397
0 0.975318 0.740921 0.0487627 0.497742 0.593416
0 0.522275 0.382937 0.0599499 0.183444 0.493975
0 0.409502 0.587121 0.0677665 0.494999 0.406513
0 0.665925 0.537586 0.0686968 0.425052 0.401349
0 0.143394 0.310244 0.0538703 0.113892 0.275498
