0 0.912449 0.723102 0.0727921 0.177823 0.761422
0 0.591693 0.699362 0.0705598 0.189985 0.731137
0 0.418127 0.692004 0.0547071 0.18223 0.663511
0 0.120201 0.67046 0.0654017 0.171757 0.63694
0 0.30696 0.706789 0.0444911 0.141603 0.602385
0 0.173548 0.678754 0.0570743 0.165514 0.576883
0 0.512887 0.701049 0.0514549 0.175223 0.563945
0 0.268843 0.690475 0.0572986 0.168557 0.549893
0 0.836257 0.713624 0.0734185 0.186349 0.527575
0 0.46231 0.695534 0.0567278 0.167607 0.518215
0 0.35202 0.695823 0.0485947 0.157624 0.466205
0 0.649416 0.700724 0.0565912 0.192598 0.431291
0 0.551126 0.703281 0.046499 0.181657 0.379322
0 0.383185 0.705141 0.0319463 0.142245 0.33467
0 0.70214 0.700074 0.0587715 0.200529 0.307705
0 0.225909 0.682406 0.0510567 0.160318 0.272914
0 0.828491 0.734971 0.0665945 0.144936 0.255925
0 0.759186 0.733732 0.0794235 0.141521 0.240418
