0 0.0628899 0.703649 0.12578 0.579244
0 0.512148 0.576404 0.0577466 0.221792
0 0.235004 0.619479 0.0635007 0.304554
0 0.169447 0.65707 0.0638891 0.357515
0 0.314864 0.609316 0.0803605 0.258039
0 0.721535 0.568325 0.0393858 0.245061
0 0.815037 0.521661 0.0369358 0.229444
0 0.668516 0.530691 0.0278992 0.137225
0 0.882333 0.545215 0.0616516 0.230092
0 0.204389 0.596347 0.0525641 0.329159
0 0.642242 0.525915 0.0183462 0.120963
0 0.77733 0.555693 0.0292061 0.141731
0 0.206345 0.613212 0.0361986 0.300887
0 0.483958 0.549785 0.0285076 0.149836
