0 0.221556 0.729103 0.118857 0.416251
0 0.38496 0.741601 0.101529 0.439265
0 0.68914 0.695648 0.0802341 0.32885
0 0.574841 0.700624 0.0647271 0.296252
0 0.454166 0.70291 0.0540081 0.263501
0 0.628268 0.688536 0.0489389 0.266487
0 0.772111 0.638525 0.0434966 0.189671
0 0.937578 0.607773 0.0297429 0.122205
0 0.722825 0.655567 0.0465878 0.219022
0 0.986093 0.604333 0.0272053 0.12373
0 0.839726 0.625097 0.037001 0.158465
0 0.808497 0.655146 0.0309036 0.114952
0 0.88089 0.608891 0.0290185 0.123463
0 0.913296 0.603058 0.0233464 0.107128
0 0.96664 0.592928 0.0184086 0.0927469
