0 0.645945 0.563033 0.18365 0.857912
0 0.236033 0.703228 0.120457 0.567364
0 0.0989409 0.751323 0.107599 0.469056
0 0.555441 0.679682 0.113103 0.583322
0 0.942963 0.772367 0.063304 0.303112
0 0.438109 0.832239 0.0512044 0.247413
0 0.505866 0.806321 0.0607874 0.281847
0 0.342958 0.861618 0.0433323 0.20468
0 0.289419 0.794568 0.0614469 0.361972
0 0.161154 0.834543 0.0583075 0.274283
0 0.82134 0.779002 0.0559174 0.274013
0 0.820881 0.719529 0.0532351 0.15851
0 0.985108 0.791517 0.0290785 0.250195
0 0.0415826 0.86525 0.050371 0.204995
0 0.866018 0.724612 0.0403004 0.153258
0 0.903959 0.788541 0.0472618 0.255507
