0 0.817991 0.630884 0.0988228 0.423483
0 0.474731 0.589008 0.138231 0.489263
0 0.64746 0.605937 0.109198 0.415219
0 0.311685 0.615126 0.10274 0.476016
0 0.129017 0.490344 0.0577471 0.254705
0 0.0748817 0.473771 0.0623839 0.269008
0 0.259272 0.590648 0.0709678 0.40594
0 0.0197784 0.435338 0.0394485 0.381979
0 0.178794 0.51583 0.048652 0.235087
0 0.597452 0.540818 0.0506306 0.249792
0 0.258238 0.426554 0.0858923 0.261951
0 0.211523 0.518299 0.0441019 0.232557
0 0.258234 0.37052 0.0846022 0.151538
0 0.412102 0.503245 0.043156 0.200888
0 0.545787 0.531141 0.0494151 0.249412
0 0.36806 0.530691 0.0382016 0.240717
