0 0.43006 0.867127 0.122752 0.265745
0 0.827767 0.538625 0.0773853 0.340867
0 0.621734 0.57021 0.0754471 0.294084
0 0.0329492 0.555064 0.0652543 0.333149
0 0.494521 0.565912 0.0592968 0.305174
0 0.962036 0.544279 0.0739883 0.354704
0 0.209744 0.565761 0.0566826 0.294799
0 0.893833 0.536069 0.0719841 0.353012
0 0.15157 0.559602 0.0667304 0.310735
0 0.0929085 0.559052 0.0690078 0.308411
0 0.556594 0.565012 0.0635956 0.29873
0 0.756265 0.552175 0.0743914 0.314036
0 0.379124 0.558899 0.0591659 0.308276
