0 0.541714 0.643185 0.0431999 0.145611
0 0.852719 0.731193 0.0544823 0.148717
0 0.677064 0.727922 0.0525679 0.158156
0 0.584965 0.635971 0.0445167 0.141739
0 0.498799 0.637037 0.0450352 0.141248
0 0.7348 0.734795 0.0546838 0.15422
0 0.494778 0.737255 0.0401567 0.157459
0 0.454824 0.638524 0.0457221 0.130287
0 0.164455 0.731947 0.0502416 0.153128
0 0.454952 0.734913 0.0475235 0.162839
0 0.79517 0.729925 0.0550022 0.159412
0 0.258758 0.73751 0.0462849 0.141416
0 0.559768 0.745799 0.0409331 0.140522
0 0.527569 0.744116 0.0378917 0.143823
0 0.35901 0.735953 0.0497987 0.154535
0 0.210245 0.734089 0.0485455 0.157513
0 0.407757 0.736651 0.052747 0.159308
0 0.626604 0.639754 0.0454851 0.137296
0 0.162678 0.646373 0.0520873 0.128124
0 0.315247 0.730837 0.0512028 0.163749
0 0.833803 0.672066 0.047928 0.214281
0 0.626578 0.738427 0.0577183 0.154843
