0 0.106632 0.419116 0.0811904 0.35528 0.596102
0 0.244052 0.442012 0.0740938 0.366349 0.438028
0 0.958808 0.383284 0.0818313 0.353902 0.424181
0 0.183065 0.387401 0.101676 0.360364 0.410307
0 0.471372 0.432358 0.0931593 0.36171 0.407947
0 0.397316 0.427444 0.0853591 0.375112 0.391803
0 0.32079 0.450415 0.0842273 0.353129 0.387804
0 0.800477 0.376815 0.0880656 0.273409 0.380139
0 0.899703 0.377006 0.0758629 0.281801 0.356914
0 0.842073 0.351763 0.0707011 0.277185 0.318163
0 0.850779 0.53306 0.0641651 0.215788 0.307723
0 0.627032 0.433466 0.0812821 0.358586 0.300891
0 0.717727 0.544759 0.0842685 0.198679 0.29033
0 0.560599 0.552119 0.0915853 0.20908 0.279469
0 0.197284 0.568746 0.105041 0.21799 0.26309
0 0.302251 0.574388 0.109459 0.289193 0.23934
0 0.912872 0.53525 0.0784847 0.205914 0.234515
0 0.388301 0.552139 0.0784215 0.20941 0.232852
0 0.644298 0.55567 0.0788135 0.220679 0.230749
0 0.684441 0.400488 0.0752905 0.321204 0.224551
0 0.553158 0.409426 0.0862989 0.321858 0.220615
