0 0.804926 0.259778 0.0848888 0.287687
0 0.0514472 0.293964 0.0403156 0.113155
0 0.459955 0.243296 0.0495005 0.171204
0 0.376913 0.254717 0.0324294 0.139441
0 0.0197184 0.271383 0.0391047 0.175179
0 0.146641 0.29141 0.0366854 0.121605
0 0.533445 0.251881 0.0319969 0.148839
0 0.0848018 0.272325 0.0192965 0.0633078
0 0.440348 0.248921 0.0222763 0.148103
0 0.00875844 0.283555 0.0175169 0.174117
0 0.173692 0.262647 0.0264692 0.106445
0 0.127776 0.266603 0.0188903 0.0729424
0 0.229517 0.236213 0.0166008 0.040617
