0 0.835951 0.645926 0.100864 0.363001 0.822614
0 0.582752 0.641212 0.0798004 0.349136 0.769761
0 0.93182 0.689547 0.105956 0.298445 0.723674
0 0.123591 0.675386 0.0562701 0.21434 0.67444
0 0.733589 0.692094 0.0524927 0.243262 0.66913
0 0.687122 0.73284 0.0868656 0.183475 0.660021
0 0.295475 0.633765 0.0799217 0.338052 0.652706
0 0.423293 0.681079 0.0667116 0.236459 0.632513
0 0.633594 0.713806 0.0467486 0.191157 0.529992
0 0.0646593 0.624445 0.12049 0.323879 0.509986
0 0.786928 0.754838 0.060117 0.124048 0.485049
0 0.49388 0.690212 0.0641117 0.243522 0.476582
0 0.0833638 0.625375 0.0851226 0.325348 0.340944
0 0.277154 0.712217 0.113697 0.177724 0.292499
0 0.0248938 0.694307 0.045473 0.159241 0.231859
0 0.393573 0.725245 0.0384142 0.143608 0.22358
