0 0.608703 0.628789 0.315668 0.680885 0.918447
0 0.583428 0.790611 0.172355 0.413517 0.818897
0 0.883174 0.526045 0.0341389 0.129049 0.800657
0 0.340836 0.534998 0.0414403 0.100726 0.726609
0 0.841411 0.522874 0.0300041 0.104293 0.691389
0 0.932253 0.52923 0.0422077 0.127123 0.648304
0 0.978284 0.531264 0.0423386 0.160046 0.63826
0 0.816822 0.525523 0.0281757 0.097033 0.5868
0 0.451645 0.530078 0.041288 0.120985 0.582705
0 0.20522 0.544443 0.0481531 0.122265 0.577138
0 0.389232 0.53911 0.0437322 0.175383 0.564694
0 0.691809 0.531854 0.0338993 0.124926 0.515079
0 0.180353 0.533279 0.0282825 0.103187 0.461983
0 0.990671 0.531646 0.0181074 0.161717 0.422757
0 0.409855 0.53668 0.0849053 0.175761 0.420986
0 0.158521 0.538074 0.0282972 0.0924951 0.378889
0 0.213274 0.544005 0.0350436 0.121925 0.315915
0 0.42067 0.533537 0.0586433 0.165924 0.300285
0 0.73185 0.529921 0.0530578 0.131307 0.236271
