0 0.552135 0.575281 0.35414 0.668659 0.941066
0 0.116579 0.423689 0.147579 0.25365 0.898669
0 0.870739 0.418736 0.07786 0.173597 0.766102
0 0.309154 0.37654 0.0746841 0.118524 0.717397
0 0.940035 0.406037 0.0547016 0.0913268 0.712375
0 0.98464 0.395112 0.0300513 0.118408 0.677535
0 0.70422 0.398431 0.0630688 0.136547 0.636109
0 0.763244 0.386266 0.0536586 0.113767 0.629436
0 0.0411558 0.30843 0.0754462 0.133455 0.571904
0 0.236573 0.370316 0.0463011 0.10507 0.567521
0 0.836089 0.385622 0.0509715 0.114759 0.498063
0 0.193995 0.356373 0.026805 0.0608421 0.297084
0 0.291673 0.357748 0.0372192 0.0664186 0.282961
