0 0.584733 0.742687 0.1922 0.460587
0 0.80553 0.717334 0.123569 0.403127
0 0.408989 0.701307 0.116537 0.324184
0 0.909529 0.62362 0.0352585 0.153673
0 0.97574 0.615875 0.039085 0.140059
0 0.874335 0.645049 0.0595337 0.218803
0 0.0376204 0.69531 0.0692052 0.214386
0 0.305918 0.670016 0.0536412 0.187953
0 0.214779 0.679258 0.0425187 0.198095
0 0.13051 0.690575 0.0607002 0.198173
0 0.266528 0.662865 0.0411828 0.167204
0 0.342535 0.654581 0.0379139 0.16342
0 0.473052 0.656106 0.0482111 0.172344
0 0.185388 0.671842 0.0343795 0.177342
0 0.834207 0.647219 0.0363703 0.209943
0 0.991708 0.603941 0.0154787 0.106307
0 0.0137497 0.665271 0.0274994 0.163741
