0 0.0657931 0.534681 0.0779343 0.226177 0.883352
0 0.218497 0.508858 0.0522814 0.227608 0.847726
0 0.726547 0.527616 0.0591009 0.284581 0.808111
0 0.321464 0.50339 0.0395655 0.180444 0.789129
0 0.0203566 0.492495 0.0311685 0.132388 0.728514
0 0.555344 0.483177 0.0235163 0.13398 0.615421
0 0.578586 0.489581 0.0263934 0.125068 0.614322
0 0.412358 0.484792 0.0355387 0.14573 0.567226
0 0.986201 0.522411 0.0269815 0.227693 0.432483
0 0.943862 0.505926 0.0422598 0.234512 0.388868
0 0.760891 0.515189 0.0325468 0.177063 0.386184
0 0.487891 0.467054 0.0172804 0.0741062 0.272672
0 0.469146 0.466086 0.0176699 0.0768801 0.270238
0 0.510767 0.464862 0.0178642 0.0754296 0.258617
0 0.376315 0.480459 0.0235172 0.104242 0.203412
