0 0.358857 0.764848 0.272199 0.448699
0 0.616306 0.800002 0.126026 0.393465
0 0.0693984 0.79456 0.0979503 0.403068
0 0.954312 0.796785 0.0908022 0.392614
0 0.180011 0.772144 0.0797199 0.385454
0 0.532619 0.805303 0.0748751 0.383489
0 0.130767 0.751195 0.0619817 0.321079
0 0.904943 0.757083 0.0362339 0.183193
0 0.425959 0.72568 0.0514048 0.194029
0 0.822719 0.807116 0.314542 0.376545
0 0.275835 0.727029 0.0637372 0.235161
0 0.0171145 0.780173 0.034229 0.272626
0 0.680447 0.340447 0.0314283 0.174108
0 0.763694 0.442496 0.0455343 0.200746
0 0.456567 0.729454 0.0367623 0.242006
0 0.0385896 0.638583 0.0490255 0.145061
0 0.87382 0.78456 0.0374359 0.13395
0 0.612452 0.35705 0.038653 0.127758
0 0.932881 0.76551 0.0342661 0.160251
