0 0.816623 0.76656 0.0737547 0.408639 0.820627
0 0.640178 0.751264 0.0695348 0.381061 0.803248
0 0.750304 0.749202 0.0774488 0.427469 0.799936
0 0.177161 0.746589 0.0625871 0.304033 0.789993
0 0.508737 0.740167 0.0717886 0.381064 0.777157
0 0.572733 0.747359 0.0726142 0.374018 0.739715
0 0.695932 0.76021 0.0539398 0.382141 0.729292
0 0.276353 0.737441 0.0649738 0.324374 0.663979
0 0.426647 0.74031 0.0612034 0.354238 0.474874
0 0.324638 0.742483 0.0622716 0.329944 0.432996
0 0.463675 0.733008 0.0628916 0.351879 0.343697
0 0.234855 0.749009 0.062527 0.310254 0.322195
0 0.37843 0.732685 0.0660272 0.366427 0.281515
0 0.832943 0.609691 0.0438579 0.128232 0.210366
