0 0.836325 0.343058 0.225174 0.139129
0 0.407061 0.876351 0.812689 0.160594
0 0.107664 0.658973 0.178953 0.176072
0 0.599082 0.364064 0.202198 0.0697756
0 0.862619 0.654715 0.160692 0.186021
0 0.168524 0.158816 0.124192 0.0873494
0 0.81968 0.146837 0.210654 0.20222
0 0.755492 0.666014 0.12727 0.130452
0 0.23513 0.661305 0.102446 0.139856
0 0.47475 0.656214 0.0860471 0.116169
0 0.292023 0.15406 0.104856 0.0755013
0 0.672769 0.165861 0.130811 0.165461
0 0.363417 0.657658 0.0950619 0.124168
0 0.560881 0.16796 0.0988606 0.119855
0 0.885954 0.846098 0.215051 0.0734107
0 0.120427 0.859275 0.227026 0.0745222
0 0.105743 0.800675 0.0828663 0.048415
0 0.423905 0.163535 0.136628 0.0973033
0 0.473761 0.138179 0.058176 0.0678904
0 0.375163 0.164659 0.067857 0.0640431
0 0.0943988 0.372601 0.187693 0.0717329
0 0.345537 0.367363 0.130219 0.056261
