0 0.12693 0.603056 0.142294 0.509852 0.886226
0 0.483319 0.681309 0.106428 0.328199 0.814543
0 0.273938 0.587819 0.111161 0.427301 0.812445
0 0.38914 0.69208 0.0935287 0.30727 0.790369
0 0.395252 0.439339 0.116243 0.167777 0.761887
0 0.69756 0.664768 0.113213 0.314587 0.748257
0 0.81755 0.667278 0.125449 0.310133 0.732991
0 0.587504 0.663776 0.114353 0.334927 0.691209
0 0.507477 0.495843 0.132623 0.280816 0.648924
0 0.644945 0.468447 0.106952 0.282103 0.568753
0 0.796361 0.490053 0.139384 0.26773 0.559473
