0 0.833814 0.595327 0.220655 0.800528 0.920163
0 0.940217 0.618088 0.11899 0.744909 0.881802
0 0.564227 0.578099 0.114643 0.824603 0.817929
0 0.384969 0.500619 0.0855712 0.545403 0.81717
0 0.688887 0.556025 0.0980753 0.659239 0.777388
0 0.286417 0.453905 0.0640198 0.403185 0.739983
0 0.215472 0.412742 0.0491419 0.312873 0.725178
0 0.744871 0.572026 0.0925462 0.687526 0.634269
0 0.435075 0.451461 0.057254 0.345878 0.509812
0 0.497159 0.501296 0.0533723 0.3914 0.49008
0 0.176121 0.395808 0.0487495 0.26574 0.4533
0 0.631042 0.556112 0.0690597 0.5233 0.397537
0 0.140135 0.383038 0.0254814 0.200358 0.32695
0 0.46929 0.465794 0.0534641 0.380106 0.278136
0 0.341926 0.349821 0.0353411 0.164395 0.2275
