0 0.591697 0.681387 0.253244 0.616824
0 0.803273 0.692782 0.21245 0.598717
0 0.380185 0.806787 0.203526 0.381934
0 0.319249 0.694822 0.160945 0.278103
0 0.119283 0.501127 0.0764802 0.1604
0 0.43906 0.512068 0.0491456 0.205345
0 0.939731 0.579243 0.073856 0.0885431
0 0.912659 0.448172 0.129394 0.270602
0 0.985268 0.525954 0.0287168 0.209909
0 0.331853 0.503327 0.0541242 0.188895
0 0.040641 0.558658 0.081282 0.149758
0 0.681073 0.494628 0.0528616 0.177743
0 0.482737 0.553589 0.0573944 0.0689104
0 0.927698 0.493329 0.0981407 0.176435
0 0.178979 0.561095 0.0743295 0.167168
0 0.274694 0.454306 0.0366808 0.141846
