0 0.523097 0.727696 0.110316 0.491834
0 0.718528 0.713141 0.139682 0.507274
0 0.276929 0.712954 0.135972 0.479088
0 0.145892 0.660177 0.080662 0.41368
0 0.0599963 0.624189 0.0605285 0.397166
0 0.798992 0.685447 0.0781153 0.416176
0 0.941213 0.676168 0.0853382 0.431368
0 0.0242668 0.602321 0.0485336 0.327857
0 0.863224 0.684812 0.0681862 0.349246
0 0.987106 0.589431 0.0251545 0.198196
0 0.361825 0.526905 0.0580672 0.100573
0 0.900371 0.669765 0.0445759 0.333728
0 0.987147 0.658849 0.0251567 0.338084
0 0.897968 0.627415 0.0414337 0.238172
0 0.0114308 0.504465 0.0228616 0.108072
0 0.97732 0.660347 0.0374374 0.324004
