0 0.112559 0.815944 0.225086 0.365231 0.938395
0 0.292802 0.739496 0.326778 0.520892 0.934726
0 0.566762 0.792791 0.302509 0.414418 0.931229
0 0.780668 0.777127 0.349915 0.444837 0.927938
0 0.518021 0.703595 0.318963 0.59212 0.884651
0 0.895384 0.616658 0.208691 0.6339 0.869513
0 0.733907 0.681017 0.260209 0.598352 0.867003
0 0.312922 0.581803 0.2797 0.448141 0.789802
0 0.0995509 0.290852 0.199102 0.31534 0.762628
0 0.116714 0.641489 0.226103 0.677685 0.716924
0 0.489886 0.303654 0.222505 0.491073 0.701861
0 0.532751 0.454145 0.264079 0.436349 0.648919
0 0.720194 0.431396 0.239426 0.329092 0.642645
0 0.886801 0.417726 0.226397 0.474826 0.605089
0 0.305862 0.370049 0.231606 0.264099 0.52771
0 0.930034 0.843274 0.13954 0.31151 0.447409
0 0.892607 0.211794 0.183207 0.250423 0.444917
0 0.329052 0.330158 0.174984 0.332021 0.415523
0 0.0833505 0.678757 0.166701 0.617656 0.392079
0 0.517228 0.386026 0.267286 0.327314 0.384781
0 0.681409 0.324267 0.292501 0.41866 0.341784
0 0.627548 0.198073 0.223535 0.289296 0.327239
0 0.678294 0.246811 0.301151 0.256674 0.300534
0 0.0838379 0.552549 0.167676 0.361309 0.239231
0 0.641908 0.253336 0.250505 0.398316 0.238856
0 0.271668 0.280034 0.226048 0.441502 0.225132
0 0.306188 0.523711 0.240839 0.580093 0.224599
0 0.27173 0.151285 0.222974 0.185896 0.213156
