0 0.75427 0.737851 0.0920315 0.450236 0.876664
0 0.469602 0.739389 0.0709326 0.363409 0.762919
0 0.508845 0.754725 0.0452873 0.25247 0.76041
0 0.386753 0.748955 0.0470891 0.269521 0.74949
0 0.224312 0.742401 0.0508979 0.257288 0.71691
0 0.323136 0.747918 0.044006 0.238924 0.711188
0 0.282145 0.743899 0.0536817 0.291447 0.686735
0 0.157994 0.749553 0.0555797 0.28754 0.659821
0 0.0530974 0.742648 0.0437239 0.225336 0.562939
0 0.425386 0.750627 0.0442783 0.236661 0.523591
0 0.115207 0.746092 0.0515115 0.244271 0.513442
0 0.826466 0.723831 0.0245605 0.0984689 0.367457
0 0.355472 0.747086 0.0324613 0.190059 0.215307
0 0.0852997 0.737783 0.0297206 0.217271 0.177503
0 0.127309 0.749849 0.0742844 0.270989 0.167977
0 0.256048 0.73757 0.0261987 0.21933 0.153427
0 0.8935 0.702155 0.0277149 0.0698035 0.138306
0 0.943612 0.708692 0.0236653 0.0622176 0.121307
0 0.894486 0.699746 0.0169083 0.0668413 0.121283
0 0.538594 0.751306 0.016205 0.0469894 0.0755387
0 0.0867011 0.693936 0.0284475 0.11986 0.0729354
0 0.566255 0.740106 0.0142331 0.0525805 0.0632734
0 0.0253618 0.738626 0.0274507 0.147341 0.0594032
0 0.908612 0.706667 0.0141737 0.0617529 0.0519983
