0 0.66683 0.513025 0.0187785 0.0579726 0.645329
0 0.638648 0.509825 0.0190546 0.0571314 0.625029
0 0.850256 0.521039 0.021299 0.0572871 0.623872
0 0.320266 0.502759 0.0167209 0.0414416 0.587312
0 0.832765 0.523894 0.01651 0.0505975 0.575938
0 0.380301 0.506244 0.0168261 0.054881 0.535998
0 0.345499 0.504119 0.0166534 0.0409154 0.520092
0 0.751424 0.515339 0.0231857 0.0556204 0.510599
0 0.805345 0.521659 0.0163293 0.0520706 0.49334
0 0.581263 0.510934 0.0171325 0.050304 0.486312
0 0.757405 0.515117 0.0357335 0.056759 0.483253
0 0.614126 0.509332 0.0155205 0.0579726 0.472619
0 0.41769 0.498351 0.0213329 0.0602452 0.453086
0 0.721614 0.517681 0.0233434 0.0420882 0.433689
0 0.954973 0.523324 0.0195713 0.0569291 0.428896
0 0.686106 0.512768 0.0197846 0.0563897 0.399194
0 0.806204 0.529711 0.0189382 0.0657161 0.397807
0 0.702831 0.513812 0.0172516 0.0499551 0.372389
0 0.205231 0.494924 0.0182908 0.040738 0.371534
0 0.518202 0.510898 0.0177779 0.041084 0.356112
0 0.184669 0.483373 0.0200656 0.0616005 0.348674
0 0.763876 0.515429 0.0220851 0.0530148 0.283486
0 0.290498 0.494649 0.0216767 0.0517453 0.281498
0 0.565268 0.512422 0.0132425 0.0398039 0.250013
0 0.767443 0.517112 0.0167081 0.0489824 0.216796
0 0.518532 0.4999 0.0200392 0.0595482 0.216121
0 0.958388 0.525528 0.0275323 0.0636338 0.177448
0 0.522073 0.496858 0.0206709 0.0628899 0.172329
0 0.542551 0.506936 0.0120991 0.0335687 0.163518
0 0.46783 0.510084 0.01863 0.0352453 0.136616
0 0.717002 0.51391 0.020307 0.049046 0.133527
0 0.471419 0.497452 0.0182081 0.0552687 0.110873
0 0.451382 0.491603 0.0152389 0.0531277 0.103819
0 0.472345 0.490062 0.0149714 0.0438094 0.0943544
0 0.567569 0.509247 0.0172977 0.0464261 0.0936875
0 0.853743 0.523016 0.0290149 0.0542416 0.0915006
0 0.524945 0.494277 0.0186082 0.0581371 0.0815125
0 0.377846 0.502401 0.021483 0.048422 0.0766302
0 0.959172 0.536486 0.0290045 0.0804062 0.0641113
0 0.499902 0.507942 0.0201213 0.0465101 0.0587499
0 0.614731 0.517952 0.0192339 0.067264 0.058341
0 0.497388 0.510087 0.0188437 0.04107 0.0560457
0 0.47829 0.497397 0.0178298 0.0522149 0.054272
0 0.459253 0.513478 0.0174158 0.0264472 0.0525135
0 0.995193 0.568194 0.00897753 0.0840715 0.0509346
0 0.434366 0.502383 0.0155753 0.0528346 0.0501693
