0 0.618745 0.521423 0.151855 0.59246 0.875427
0 0.891108 0.449019 0.0856108 0.308773 0.801378
0 0.183873 0.4364 0.0699643 0.290667 0.792337
0 0.488768 0.437954 0.0770746 0.303597 0.785748
0 0.548153 0.429826 0.0566544 0.257644 0.630037
0 0.0353151 0.433089 0.0649554 0.247363 0.465939
0 0.293946 0.41285 0.04655 0.166091 0.449971
0 0.0826036 0.434812 0.0600162 0.239196 0.44697
0 0.672329 0.423518 0.0460407 0.224852 0.411056
0 0.422437 0.389366 0.0279282 0.116743 0.385434
0 0.123334 0.416994 0.0443539 0.192793 0.363771
0 0.775302 0.397105 0.0471439 0.137001 0.269214
0 0.788086 0.394063 0.0235075 0.134445 0.24731
0 0.442015 0.387142 0.0255125 0.11267 0.204434
0 0.773431 0.417582 0.035949 0.0953193 0.182575
0 0.229964 0.407651 0.0360386 0.143434 0.156663
0 0.0834932 0.35796 0.063099 0.0816132 0.145057
0 0.771591 0.403603 0.0411026 0.112071 0.127125
0 0.784563 0.393326 0.0337973 0.13516 0.113372
0 0.034524 0.391057 0.0528083 0.16549 0.113161
0 0.681382 0.429786 0.0376179 0.213373 0.110792
0 0.36592 0.394869 0.0266853 0.102878 0.0886534
0 0.788797 0.364544 0.0217741 0.077661 0.0777405
0 0.551847 0.467407 0.0576033 0.333726 0.0775613
0 0.695766 0.412434 0.019639 0.137137 0.0723498
0 0.416893 0.386217 0.0275051 0.121011 0.0717015
0 0.34256 0.410903 0.0314309 0.093061 0.0711123
0 0.785945 0.377059 0.0266012 0.0997003 0.0708655
0 0.032367 0.359971 0.0492851 0.101041 0.0643125
0 0.6973 0.382709 0.0169039 0.0727747 0.0625313
0 0.319831 0.371318 0.0265978 0.0726096 0.0597724
0 0.0835476 0.401762 0.0649137 0.171973 0.0593736
0 0.0124595 0.407957 0.024867 0.121691 0.0590343
0 0.689699 0.439414 0.0312078 0.198453 0.0589182
0 0.389561 0.389636 0.0210288 0.0884826 0.0538342
0 0.403168 0.381859 0.0213924 0.112164 0.052176
0 0.123058 0.399349 0.0383198 0.155666 0.0500922
