0 0.892815 0.422107 0.175439 0.500824 0.893516
0 0.104873 0.551556 0.204782 0.548704 0.888892
0 0.344011 0.627042 0.431208 0.723111 0.872355
0 0.712576 0.531897 0.202383 0.737653 0.796453
0 0.33005 0.356529 0.0587077 0.297907 0.52135
0 0.400814 0.259039 0.0969963 0.232469 0.312213
0 0.249582 0.322667 0.102572 0.25985 0.305294
0 0.264205 0.312771 0.0767806 0.287858 0.283942
0 0.505691 0.430474 0.138721 0.494134 0.274982
0 0.429437 0.351578 0.05569 0.233532 0.211645
0 0.191094 0.399503 0.146211 0.506533 0.195781
0 0.385211 0.264146 0.0646913 0.218654 0.194967
0 0.433051 0.478439 0.0649566 0.493971 0.185542
0 0.31092 0.334844 0.0965596 0.350304 0.162579
0 0.534928 0.343379 0.0799263 0.316763 0.154534
0 0.465757 0.437297 0.147167 0.468387 0.12639
0 0.494481 0.268169 0.0778391 0.193093 0.114186
0 0.430878 0.389359 0.0598047 0.319294 0.104191
0 0.7624 0.312141 0.0853463 0.28417 0.0991173
0 0.108503 0.304762 0.0586114 0.16491 0.0885971
0 0.15102 0.382467 0.217978 0.461958 0.076663
0 0.221621 0.263609 0.062421 0.19945 0.0755638
0 0.102187 0.257819 0.0383158 0.0604164 0.0735863
0 0.436582 0.442392 0.0849688 0.464723 0.06943
0 0.10888 0.274386 0.0584732 0.0986845 0.0678512
0 0.33063 0.293214 0.0573983 0.178053 0.0646529
0 0.417936 0.244882 0.0629778 0.205885 0.064349
0 0.278744 0.296074 0.055227 0.317754 0.0618691
0 0.507975 0.28732 0.0373201 0.152585 0.0596363
0 0.131913 0.474708 0.244319 0.659783 0.0568885
0 0.54512 0.227107 0.0460317 0.122744 0.0566849
0 0.264967 0.306289 0.118651 0.328148 0.0542549
0 0.393325 0.276275 0.0441716 0.185637 0.0520487
0 0.507744 0.330115 0.101266 0.304733 0.0506709
