0 0.910354 0.591441 0.177232 0.464232 0.884331
0 0.217722 0.635954 0.193102 0.556874 0.832185
0 0.645035 0.546587 0.0979355 0.320807 0.807908
0 0.475511 0.507114 0.0811388 0.251392 0.798722
0 0.701904 0.479587 0.0540061 0.197403 0.722885
0 0.393389 0.543893 0.0919204 0.346213 0.710439
0 0.553195 0.477485 0.0770079 0.20731 0.657643
0 0.0649081 0.553455 0.129333 0.380391 0.600591
0 0.355838 0.483065 0.0562574 0.200636 0.464031
0 0.778718 0.489839 0.0803589 0.176951 0.321116
0 0.053329 0.4752 0.106562 0.222757 0.184983
0 0.119694 0.508732 0.110219 0.253664 0.183244
0 0.871602 0.416732 0.0337924 0.0456488 0.14771
0 0.829968 0.493222 0.0538162 0.204476 0.147297
0 0.82973 0.434118 0.0527538 0.0859372 0.145518
0 0.142249 0.446782 0.0663447 0.128661 0.121932
0 0.860829 0.498523 0.0619591 0.213324 0.0853886
0 0.831124 0.464137 0.0525478 0.143251 0.072651
0 0.856127 0.543786 0.0764173 0.300074 0.0682957
0 0.844025 0.50432 0.0606434 0.223726 0.0596002
0 0.0979058 0.511468 0.0742128 0.249428 0.0547685
0 0.142889 0.493885 0.0657035 0.21981 0.0512349
