0 0.764234 0.851889 0.155992 0.287655 0.844947
0 0.352707 0.871526 0.127119 0.248412 0.830818
0 0.942484 0.848516 0.114286 0.296182 0.828554
0 0.0227411 0.883843 0.0454821 0.226326 0.756173
0 0.566906 0.884808 0.152452 0.226209 0.715708
0 0.650579 0.855152 0.116033 0.285721 0.713794
0 0.861392 0.882274 0.0456936 0.223626 0.564161
0 0.237688 0.886439 0.0381135 0.199485 0.496312
0 0.438646 0.817691 0.031579 0.166085 0.417812
0 0.418955 0.788211 0.0232411 0.120113 0.328028
0 0.679849 0.807193 0.0336583 0.115463 0.298231
0 0.888535 0.87468 0.0381157 0.224138 0.269736
0 0.282752 0.883646 0.0307604 0.174342 0.210221
0 0.192935 0.891633 0.0471967 0.207999 0.191018
0 0.13103 0.895311 0.058842 0.209377 0.17618
0 0.874011 0.882597 0.0597191 0.22627 0.131357
0 0.240287 0.903995 0.0331532 0.156582 0.130887
0 0.848186 0.881493 0.0650665 0.224619 0.129712
0 0.817303 0.881296 0.0516594 0.223746 0.12688
0 0.060501 0.881942 0.0393618 0.172336 0.106737
0 0.100288 0.896882 0.0561949 0.204467 0.100273
0 0.26384 0.763416 0.0220079 0.0982189 0.0996246
0 0.115253 0.894723 0.0873092 0.210553 0.0956119
0 0.39294 0.72018 0.0294141 0.10229 0.086586
0 0.157731 0.898334 0.0384641 0.200625 0.0771364
0 0.246276 0.764059 0.0194899 0.0935585 0.0642998
0 0.810771 0.799992 0.0381488 0.0623865 0.0633507
0 0.706957 0.793363 0.0225988 0.0765392 0.062541
0 0.393122 0.700097 0.0281819 0.063815 0.0595422
