0 0.279855 0.700008 0.0333384 0.153688 0.755898
0 0.0470935 0.689948 0.0453513 0.159165 0.713072
0 0.977285 0.821408 0.0449392 0.344698 0.682163
0 0.36755 0.703111 0.0304072 0.141965 0.618556
0 0.239108 0.694597 0.0313774 0.127002 0.546525
0 0.317965 0.71208 0.0398693 0.17071 0.51633
0 0.423112 0.71147 0.0316306 0.137891 0.50285
0 0.547337 0.713207 0.0246278 0.140824 0.476627
0 0.188906 0.704851 0.0304891 0.159586 0.463523
0 0.547686 0.739015 0.0247235 0.0885777 0.415983
0 0.390016 0.691697 0.0239353 0.112001 0.346843
0 0.906799 0.861218 0.0910006 0.270295 0.330984
0 0.165693 0.697457 0.0288293 0.155427 0.32981
0 0.844993 0.687409 0.011837 0.0521508 0.287607
0 0.311645 0.70928 0.0323641 0.157318 0.276341
0 0.445959 0.698309 0.0213795 0.103646 0.269073
0 0.483513 0.678143 0.0202799 0.0861826 0.26135
0 0.896581 0.68804 0.0199352 0.068482 0.247399
0 0.181169 0.702859 0.0464537 0.163338 0.245605
0 0.16325 0.688334 0.0240117 0.12646 0.230471
0 0.892435 0.687351 0.0258243 0.0683506 0.22973
0 0.461736 0.696744 0.0262086 0.102369 0.217163
0 0.517766 0.697094 0.0272879 0.107877 0.216096
0 0.457132 0.698093 0.0294327 0.104465 0.209483
0 0.580204 0.768774 0.0371586 0.0748929 0.20326
0 0.404413 0.701344 0.019512 0.123619 0.196274
0 0.826284 0.688078 0.0139635 0.0571342 0.194111
0 0.870516 0.69028 0.0133682 0.0620322 0.182047
0 0.900178 0.69013 0.0149181 0.0686251 0.18158
0 0.924123 0.859881 0.113681 0.280237 0.15633
0 0.961958 0.836427 0.0744968 0.321957 0.142096
0 0.962213 0.699402 0.0416393 0.111986 0.127173
0 0.785787 0.68881 0.0152258 0.0650128 0.121523
0 0.51269 0.683689 0.0209396 0.0837741 0.121019
0 0.738471 0.713147 0.0176571 0.0606241 0.116257
0 0.44179 0.700419 0.0207248 0.0982118 0.115624
0 0.949386 0.85714 0.0591383 0.272521 0.111284
0 0.393521 0.692982 0.023031 0.105018 0.106228
0 0.979912 0.704142 0.0396349 0.128692 0.101412
0 0.884227 0.687914 0.0147945 0.0561477 0.100154
0 0.980502 0.868584 0.0383388 0.262832 0.0994831
0 0.886505 0.69015 0.018516 0.0632761 0.0971792
0 0.737539 0.700792 0.0191148 0.0810428 0.0970839
0 0.434282 0.707375 0.0254282 0.135299 0.0969024
0 0.464749 0.697729 0.0214627 0.0914121 0.0966001
0 0.161559 0.686243 0.0223665 0.084883 0.0877047
0 0.30783 0.696146 0.0240467 0.128989 0.0849388
0 0.731539 0.69878 0.0180551 0.0836176 0.0813249
0 0.702081 0.695786 0.0160799 0.0581684 0.0721412
0 0.978072 0.733149 0.0430587 0.189014 0.0659261
0 0.523817 0.701102 0.0220881 0.0971422 0.0655104
0 0.389363 0.673076 0.0223551 0.0743743 0.063631
0 0.509629 0.681535 0.0175675 0.07807 0.0599041
0 0.838767 0.684737 0.0208323 0.0581265 0.0559263
0 0.967375 0.705905 0.054203 0.127501 0.0511098
