0 0.950078 0.610313 0.0990044 0.712729 0.861126
0 0.282018 0.622 0.165208 0.691741 0.771612
0 0.119511 0.619787 0.148819 0.674432 0.766865
0 0.452277 0.619004 0.166073 0.699062 0.737238
0 0.629238 0.568377 0.160448 0.718932 0.646701
0 0.8051 0.584906 0.143258 0.638542 0.543749
0 0.275171 0.356944 0.140219 0.168182 0.418955
0 0.4478 0.347532 0.12883 0.153119 0.354332
0 0.588804 0.28048 0.0493038 0.149102 0.328724
0 0.54272 0.44641 0.0652329 0.326729 0.31004
0 0.481041 0.209174 0.0459679 0.132043 0.278181
0 0.543834 0.384347 0.0641448 0.197124 0.254039
0 0.27572 0.41329 0.146548 0.282551 0.244707
0 0.434218 0.21974 0.0467051 0.113415 0.239521
0 0.803374 0.368132 0.13664 0.205779 0.220876
0 0.925449 0.237253 0.0581886 0.111779 0.218963
0 0.290409 0.227011 0.0499898 0.0876423 0.185198
0 0.963543 0.229194 0.0356289 0.0640624 0.162085
0 0.631496 0.348077 0.147931 0.274645 0.158344
0 0.0221888 0.189166 0.0442839 0.119131 0.150544
0 0.375648 0.228465 0.045387 0.0837508 0.130823
0 0.450425 0.417531 0.129047 0.300177 0.122229
0 0.954498 0.47194 0.0905563 0.424822 0.115105
0 0.116102 0.440011 0.141343 0.315652 0.0998663
0 0.42476 0.220655 0.0667044 0.118989 0.0968969
0 0.629954 0.430441 0.153269 0.429986 0.0804908
0 0.113502 0.362819 0.135405 0.16059 0.0763327
