0 0.0885587 0.679608 0.176918 0.621426 0.907172
0 0.334425 0.653871 0.287704 0.672497 0.899553
0 0.881456 0.647361 0.204928 0.688021 0.830221
0 0.639846 0.671604 0.246283 0.637129 0.799782
0 0.52203 0.553515 0.117376 0.491237 0.782061
0 0.178744 0.329991 0.0579432 0.214851 0.625586
0 0.098061 0.389503 0.129436 0.307569 0.534831
0 0.44947 0.433973 0.110506 0.398249 0.328817
0 0.802085 0.405281 0.0961472 0.3542 0.315944
0 0.782182 0.403947 0.0656837 0.352824 0.219409
0 0.560652 0.470232 0.0510836 0.351774 0.204539
0 0.424629 0.255219 0.0549642 0.10507 0.197906
0 0.0238193 0.348747 0.047547 0.191996 0.19223
0 0.686758 0.443739 0.0638073 0.335697 0.1853
0 0.0241943 0.397315 0.0483373 0.287526 0.164429
0 0.023393 0.322658 0.0465537 0.131804 0.163114
0 0.129139 0.390563 0.0652157 0.279216 0.162098
0 0.852632 0.278446 0.0397976 0.0798723 0.153861
0 0.0209849 0.304342 0.0419098 0.0921281 0.150175
0 0.56994 0.400662 0.0557064 0.21734 0.142634
0 0.679865 0.462763 0.0990635 0.377313 0.14238
0 0.0810185 0.334605 0.100081 0.195472 0.141294
0 0.373746 0.307984 0.042259 0.0978917 0.123288
0 0.224329 0.379996 0.0411258 0.24763 0.110836
0 0.143911 0.339481 0.0416073 0.159865 0.0853017
0 0.710341 0.424555 0.0476092 0.316587 0.0824836
0 0.271203 0.319924 0.0635958 0.173417 0.0800983
0 0.684511 0.396675 0.0637768 0.244616 0.0768861
0 0.684808 0.364994 0.061554 0.17398 0.0740152
0 0.0135193 0.51171 0.0269839 0.0996675 0.0735806
0 0.243257 0.329414 0.0621813 0.217166 0.0719415
0 0.0137099 0.486937 0.0273041 0.154082 0.0711591
0 0.836469 0.398515 0.0694195 0.319813 0.0685314
0 0.0768359 0.307933 0.0847697 0.145282 0.0672676
0 0.0155882 0.465283 0.0311197 0.214678 0.0647771
0 0.223056 0.357461 0.035916 0.163919 0.0609071
0 0.590719 0.285808 0.031921 0.0896797 0.0595442
0 0.626911 0.291553 0.0522743 0.0906463 0.0595265
0 0.418628 0.444274 0.0577749 0.364736 0.058238
0 0.186768 0.235038 0.056903 0.0872634 0.056761
0 0.59019 0.272927 0.0299282 0.0624576 0.0564987
