0 0.229888 0.530754 0.0501403 0.217718 0.78077
0 0.335957 0.560933 0.0547254 0.207426 0.759795
0 0.570053 0.517952 0.0404573 0.191017 0.749288
0 0.780367 0.541547 0.053447 0.194807 0.737773
0 0.386523 0.535958 0.0490312 0.209429 0.72815
0 0.51226 0.541338 0.0504833 0.218549 0.69917
0 0.65919 0.520536 0.0442032 0.208162 0.675864
0 0.428943 0.525849 0.042481 0.206915 0.571767
0 0.472777 0.533544 0.0393595 0.195412 0.513993
0 0.617489 0.519628 0.0456156 0.190753 0.4946
0 0.29785 0.538662 0.0443672 0.211411 0.459869
0 0.683484 0.509621 0.0273987 0.175282 0.457476
0 0.632925 0.527563 0.0302469 0.202729 0.370389
0 0.479036 0.534411 0.0305807 0.187663 0.246632
0 0.298604 0.510713 0.0405069 0.149147 0.195077
0 0.634818 0.538547 0.0248684 0.16843 0.168122
0 0.29926 0.490859 0.0387455 0.107511 0.112051
0 0.438475 0.52623 0.0283533 0.206276 0.0755116
0 0.535484 0.530655 0.0301639 0.199195 0.0573037
0 0.275016 0.448931 0.0202665 0.063958 0.053998
0 0.421715 0.525228 0.0291826 0.183928 0.0529412
