0 0.580044 0.748324 0.0426066 0.240588 0.726206
0 0.37654 0.751901 0.0461418 0.233748 0.711107
0 0.473869 0.752713 0.0341253 0.223499 0.704135
0 0.0589908 0.787538 0.0505134 0.194272 0.681512
0 0.524542 0.76392 0.0350011 0.233411 0.653586
0 0.128703 0.78814 0.0495928 0.192712 0.488002
0 0.181755 0.797452 0.0566442 0.180434 0.443578
0 0.677031 0.738026 0.0353558 0.225678 0.429002
0 0.256224 0.760795 0.0370838 0.207568 0.303928
0 0.277867 0.757559 0.0367905 0.232029 0.302422
0 0.313119 0.776028 0.0507124 0.228542 0.257206
0 0.168952 0.675525 0.0316186 0.126527 0.234114
0 0.260214 0.783392 0.0397531 0.179928 0.141916
0 0.277341 0.727351 0.0336435 0.175571 0.130421
0 0.310829 0.736843 0.0446252 0.151951 0.129398
0 0.268925 0.774581 0.0534582 0.225601 0.128909
0 0.291133 0.766522 0.0881143 0.244477 0.11906
0 0.757099 0.738873 0.0667899 0.204717 0.106028
0 0.71357 0.716899 0.0504181 0.211574 0.0968667
0 0.179588 0.786524 0.0468091 0.145748 0.0939516
0 0.175297 0.716665 0.0450375 0.217718 0.0935615
0 0.16438 0.721424 0.0401667 0.220575 0.0854498
0 0.251638 0.719362 0.026565 0.133384 0.0744077
0 0.250838 0.692052 0.0244817 0.0854333 0.0735455
0 0.144209 0.652955 0.0364727 0.172679 0.0718988
0 0.265233 0.801658 0.0482909 0.169257 0.0665608
0 0.00408938 0.810917 0.0081772 0.0612878 0.0595632
0 0.784905 0.565662 0.0842357 0.247625 0.0589682
0 0.863674 0.750246 0.0529224 0.244358 0.0573869
0 0.245084 0.867118 0.0390434 0.0460091 0.0566142
0 0.155688 0.744398 0.0629599 0.252317 0.054859
0 0.778663 0.736244 0.0417757 0.196498 0.0539156
0 0.988739 0.786142 0.0217509 0.104754 0.0509972
0 0.0455923 0.760448 0.0337713 0.145838 0.0503861
