0 0.146386 0.594708 0.108211 0.479008 0.870786
0 0.522675 0.639355 0.108848 0.516041 0.828737
0 0.648546 0.551331 0.0600604 0.280822 0.733565
0 0.241306 0.572533 0.0709244 0.41329 0.727718
0 0.823818 0.522203 0.0480296 0.238038 0.707831
0 0.588473 0.594659 0.0784271 0.459452 0.680386
0 0.903472 0.469126 0.037559 0.154051 0.645528
0 0.931329 0.458971 0.0277715 0.144218 0.483532
0 0.679775 0.539527 0.0406084 0.270258 0.467877
0 0.413438 0.409883 0.0440474 0.0707279 0.451181
0 0.956991 0.459624 0.0264389 0.134217 0.442777
0 0.423023 0.520921 0.058832 0.291117 0.421442
0 0.459703 0.420085 0.0321258 0.0497586 0.40816
0 0.239639 0.43595 0.0676262 0.141129 0.379376
0 0.724421 0.510574 0.0379859 0.202305 0.322856
0 0.983326 0.45758 0.0298863 0.12565 0.322507
0 0.750605 0.492603 0.0246963 0.149747 0.295446
0 0.880291 0.459675 0.0227068 0.117848 0.276761
0 0.618843 0.419103 0.0280478 0.0470636 0.260945
0 0.590015 0.511104 0.0665673 0.307971 0.210537
0 0.407235 0.411513 0.0320941 0.0685041 0.189011
0 0.993592 0.457536 0.0121777 0.114592 0.184306
0 0.938059 0.458941 0.0241508 0.135829 0.172027
0 0.668957 0.538087 0.0636721 0.26618 0.156818
0 0.675584 0.508456 0.0430783 0.197216 0.155999
0 0.435381 0.52257 0.0827207 0.286038 0.151858
0 0.217771 0.570929 0.117142 0.408605 0.148424
0 0.971456 0.459864 0.0230533 0.131164 0.14736
0 0.94238 0.460319 0.0227047 0.133213 0.141881
0 0.846682 0.519655 0.0304552 0.209433 0.14078
0 0.489073 0.413944 0.0245676 0.0476224 0.1344
0 0.876757 0.462606 0.0214217 0.112859 0.131936
0 0.678411 0.468697 0.0350186 0.125277 0.129529
0 0.926915 0.46084 0.025956 0.154926 0.116103
0 0.771134 0.487682 0.0274483 0.0994727 0.104626
0 0.989622 0.455959 0.0201469 0.120289 0.102155
0 0.616959 0.513435 0.0421207 0.238184 0.093122
0 0.763145 0.494636 0.0296537 0.130825 0.0865573
0 0.854692 0.515093 0.0276165 0.204259 0.0839976
0 0.917397 0.463206 0.0258434 0.155704 0.0823341
0 0.651408 0.417493 0.025165 0.0572202 0.0816212
0 0.456893 0.525615 0.0487383 0.26213 0.0689078
0 0.755915 0.492041 0.025374 0.13341 0.0655565
0 0.424005 0.426138 0.0244912 0.0385835 0.0650133
0 0.414471 0.514735 0.0488092 0.279543 0.0650117
0 0.607392 0.519989 0.0535124 0.291666 0.0612316
0 0.451816 0.519284 0.114138 0.270664 0.0581069
0 0.794163 0.50335 0.0187038 0.0622674 0.0572201
0 0.460527 0.601109 0.0324684 0.0899007 0.0523859
