0 0.174176 0.596153 0.0671959 0.24507 0.829043
0 0.955705 0.692183 0.0881386 0.421329 0.818777
0 0.262813 0.638543 0.0789978 0.206903 0.803528
0 0.109769 0.580086 0.0620137 0.176209 0.708094
0 0.412979 0.636744 0.0470919 0.19756 0.687512
0 0.462552 0.627562 0.0686739 0.210401 0.676326
0 0.654886 0.503432 0.0294995 0.09171 0.647192
0 0.702111 0.628908 0.080891 0.212826 0.613379
0 0.892137 0.482998 0.0353855 0.123229 0.593181
0 0.744119 0.494692 0.0349991 0.118238 0.562619
0 0.018183 0.584522 0.0357968 0.162317 0.479894
0 0.348882 0.632842 0.0491766 0.164349 0.406153
0 0.863224 0.480123 0.0265724 0.107758 0.397825
0 0.494385 0.562506 0.0443977 0.173774 0.396374
0 0.0129766 0.586833 0.0259087 0.164041 0.377322
0 0.80696 0.468445 0.0224041 0.0622546 0.319284
0 0.838087 0.462956 0.0192993 0.0439955 0.26038
0 0.00748082 0.590255 0.0149616 0.164596 0.241284
0 0.556711 0.49632 0.0236326 0.0957202 0.236379
0 0.936054 0.455655 0.0168784 0.0481174 0.2189
0 0.0296888 0.573453 0.0336658 0.142941 0.21112
0 0.705602 0.598034 0.068317 0.152104 0.193433
0 0.0334087 0.553569 0.0291756 0.0996393 0.191047
0 0.803086 0.466542 0.0276423 0.0624103 0.184268
0 0.838927 0.460003 0.0241947 0.0508195 0.165636
0 0.715516 0.48688 0.021686 0.0782073 0.154265
0 0.342039 0.540283 0.0220734 0.081271 0.151971
0 0.0201385 0.586893 0.0262668 0.149919 0.149156
0 0.580154 0.493477 0.0169711 0.0545035 0.145708
0 0.582474 0.4949 0.0125996 0.0532845 0.138677
0 0.0487304 0.545499 0.0186069 0.0924138 0.115166
0 0.0399354 0.551577 0.0217352 0.0952579 0.114051
0 0.38043 0.543963 0.0358577 0.0731522 0.0974177
0 0.346352 0.535319 0.0373919 0.0921721 0.0973291
0 0.994314 0.523008 0.0106354 0.0874705 0.0951767
0 0.489555 0.540516 0.041356 0.133969 0.0937921
0 0.419654 0.51659 0.0253368 0.0846067 0.0931988
0 0.206287 0.518854 0.0248505 0.0558465 0.0923574
0 0.379875 0.580139 0.039492 0.146626 0.0905053
0 0.49781 0.546171 0.0360972 0.141373 0.0885396
0 0.0446371 0.548955 0.018417 0.0948604 0.0839606
0 0.499416 0.584611 0.0364754 0.19458 0.0820317
0 0.630854 0.488019 0.0194327 0.0533848 0.0742144
0 0.0705863 0.532281 0.0233576 0.0700842 0.0719589
0 0.276838 0.558467 0.0230565 0.0765954 0.0693392
0 0.557193 0.482273 0.0174927 0.0905634 0.0653318
0 0.469852 0.51872 0.0381838 0.0928493 0.0635358
0 0.35642 0.631165 0.0393247 0.165741 0.0597878
0 0.901907 0.477775 0.0210579 0.103133 0.0557623
0 0.0328218 0.548614 0.0224432 0.0916613 0.0514021
