0 0.220123 0.268209 0.0432648 0.259575 0.74738
0 0.44232 0.291464 0.0414154 0.227032 0.555077
0 0.715141 0.285023 0.0613643 0.235875 0.55406
0 0.898195 0.286302 0.0781874 0.216309 0.51256
0 0.956934 0.231712 0.0426327 0.0908308 0.466637
0 0.666958 0.23383 0.0326822 0.0972089 0.431885
0 0.628747 0.239085 0.0329105 0.0730601 0.389303
0 0.700901 0.285276 0.0359547 0.232232 0.360755
0 0.393303 0.285812 0.0270534 0.171454 0.190231
0 0.588708 0.29413 0.0383314 0.192841 0.189608
0 0.392559 0.30922 0.0264962 0.12898 0.181411
0 0.492039 0.25215 0.0234831 0.0587446 0.174217
0 0.552893 0.241358 0.0304036 0.0689893 0.168797
0 0.898501 0.229972 0.0787517 0.102848 0.164201
0 0.419346 0.294289 0.0348942 0.214018 0.162652
0 0.756688 0.245173 0.0259522 0.0597593 0.156971
0 0.797656 0.292563 0.0246614 0.068559 0.140319
0 0.883183 0.52193 0.0207204 0.0864161 0.131285
0 0.667655 0.258641 0.033853 0.151629 0.125847
0 0.587407 0.261786 0.0386435 0.131127 0.115334
0 0.957559 0.29108 0.0464075 0.209172 0.106559
0 0.557359 0.297325 0.0468255 0.181594 0.0953868
0 0.349301 0.223026 0.0275566 0.0993416 0.0911539
0 0.298137 0.249759 0.0296167 0.0504857 0.0877462
0 0.889853 0.28478 0.0520272 0.218367 0.0748507
0 0.757982 0.272038 0.0308378 0.121939 0.0667346
0 0.0295299 0.334372 0.0590523 0.143869 0.0635138
0 0.0207605 0.333389 0.04145 0.145961 0.0620869
0 0.490764 0.266004 0.0298511 0.0849992 0.0597727
0 0.727976 0.273908 0.0334362 0.216133 0.0577005
0 0.417718 0.302221 0.0277148 0.178351 0.0576546
0 0.39738 0.268739 0.0229263 0.148857 0.0511573
0 0.668593 0.285146 0.0355268 0.209523 0.0504922
