0 0.436135 0.421322 0.0345342 0.138848 0.760095
0 0.119398 0.653917 0.170713 0.321678 0.740953
0 0.80205 0.38466 0.026469 0.112044 0.610883
0 0.320141 0.673889 0.558286 0.335393 0.567245
0 0.108129 0.397331 0.0684136 0.23248 0.534472
0 0.239371 0.43376 0.0379215 0.149726 0.531892
0 0.505572 0.415538 0.0299463 0.136023 0.45169
0 0.908141 0.375723 0.0229618 0.105132 0.44624
0 0.834131 0.381459 0.0237877 0.100623 0.446222
0 0.0970482 0.39547 0.0450721 0.22901 0.445871
0 0.864283 0.379197 0.0323792 0.10606 0.427393
0 0.028373 0.44332 0.0288315 0.138078 0.425909
0 0.546514 0.404577 0.0280542 0.109649 0.410533
0 0.766046 0.384481 0.0263153 0.112344 0.368495
0 0.215786 0.427379 0.0283312 0.144308 0.350912
0 0.569168 0.38354 0.0201809 0.0921367 0.344011
0 0.0663428 0.446078 0.0523422 0.148408 0.343448
0 0.258983 0.430599 0.025316 0.142027 0.248937
0 0.215989 0.431375 0.0385178 0.148524 0.224834
0 0.215001 0.407373 0.0243512 0.100662 0.222875
0 0.693827 0.380975 0.0216821 0.0832067 0.199525
0 0.525145 0.400502 0.01889 0.117518 0.198242
0 0.741181 0.387786 0.0260488 0.106562 0.181433
0 0.940362 0.346033 0.0212414 0.0450959 0.149573
0 0.0533712 0.846137 0.106742 0.2902 0.138433
0 0.254623 0.430961 0.0343323 0.149644 0.121264
0 0.366043 0.750334 0.457417 0.189895 0.116144
0 0.534197 0.404102 0.0289747 0.112598 0.112592
0 0.0106966 0.442356 0.0212831 0.140351 0.110999
0 0.312104 0.503044 0.137032 0.202239 0.0929514
0 0.515727 0.404117 0.0276812 0.118865 0.0885416
0 0.745004 0.40178 0.0262725 0.0859348 0.0783913
0 0.568018 0.398489 0.0272177 0.119729 0.0763881
0 0.747949 0.386755 0.0349687 0.113617 0.0760167
0 0.575231 0.41193 0.0428665 0.158456 0.0666323
0 0.0539344 0.904417 0.10723 0.182862 0.0617058
0 0.0913782 0.443706 0.105951 0.150756 0.0585753
0 0.740087 0.356704 0.0218253 0.0437952 0.0563967
0 0.574077 0.387894 0.0292917 0.108664 0.0520021
