0 0.17902 0.61728 0.107619 0.544075 0.91555
0 0.468772 0.58909 0.0934107 0.485674 0.912916
0 0.280091 0.584802 0.113275 0.565341 0.901382
0 0.0757411 0.598008 0.136643 0.626325 0.889453
0 0.655213 0.598072 0.116173 0.470065 0.86418
0 0.383772 0.596612 0.102701 0.501236 0.853092
0 0.745569 0.599649 0.0977547 0.446758 0.837633
0 0.824526 0.600448 0.0972706 0.474828 0.83723
0 0.554202 0.593787 0.0889074 0.462704 0.79963
0 0.967446 0.562013 0.0646348 0.24699 0.671167
0 0.951464 0.531356 0.035432 0.164537 0.657925
0 0.424764 0.417439 0.0315941 0.0669636 0.274215
0 0.96832 0.711455 0.0632306 0.554634 0.203097
0 0.978805 0.564106 0.0417901 0.246056 0.151766
0 0.988433 0.556869 0.0223993 0.26368 0.116891
0 0.979121 0.695589 0.04133 0.586529 0.0644993
0 0.607196 0.639362 0.028558 0.201759 0.0528387
0 0.986139 0.94482 0.0269027 0.106176 0.0509157
