0 0.351641 0.688698 0.0459153 0.101283 0.64058
0 0.748257 0.643674 0.0210617 0.097342 0.57718
0 0.533514 0.659226 0.021809 0.0657286 0.545857
0 0.612078 0.650867 0.0376788 0.128742 0.444118
0 0.513314 0.657993 0.0170819 0.0666575 0.393264
0 0.351036 0.674052 0.0480931 0.0739581 0.243861
0 0.327072 0.669229 0.0274096 0.0689941 0.242647
0 0.618798 0.648304 0.0253325 0.115115 0.233138
0 0.603819 0.630203 0.017045 0.0689986 0.206683
0 0.517119 0.660572 0.0223665 0.0678846 0.18143
0 0.240939 0.619848 0.0180115 0.0521614 0.17584
0 0.239123 0.624064 0.0173379 0.0413712 0.133387
0 0.588144 0.622453 0.0108823 0.0446946 0.121496
0 0.256525 0.649571 0.014032 0.0514048 0.119973
0 0.303343 0.646265 0.015975 0.047924 0.109812
0 0.243601 0.614932 0.0149365 0.0479582 0.109425
0 0.259663 0.648758 0.0147465 0.0524943 0.0863076
0 0.23568 0.619732 0.0160484 0.049255 0.0836114
0 0.231114 0.613246 0.0107184 0.0414353 0.0764506
0 0.606723 0.625253 0.0160572 0.0641434 0.0710808
0 0.588425 0.624635 0.0151327 0.044802 0.0601279
0 0.260251 0.636788 0.017449 0.0375987 0.0577702
0 0.598397 0.628363 0.0198216 0.0539664 0.0545375
0 0.586337 0.622004 0.0138779 0.0366771 0.0544656
