0 0.191783 0.683053 0.11022 0.328682 0.782059
0 0.273148 0.634163 0.0886132 0.306721 0.773959
0 0.0605568 0.651167 0.0739621 0.247525 0.766445
0 0.469456 0.627512 0.0356896 0.159908 0.732081
0 0.723268 0.60567 0.0878523 0.314288 0.711352
0 0.101528 0.629338 0.060421 0.199986 0.580624
0 0.376864 0.666493 0.114387 0.302167 0.48291
0 0.555338 0.603244 0.0258362 0.133351 0.462864
0 0.427155 0.635374 0.0754537 0.243537 0.461503
0 0.515692 0.618818 0.0210133 0.0910842 0.445005
0 0.357924 0.672247 0.0811538 0.294233 0.379203
0 0.666666 0.60845 0.0487362 0.235032 0.365646
0 0.782546 0.519507 0.0329183 0.0936687 0.359257
0 0.1691 0.677355 0.0667549 0.333645 0.358439
0 0.0946972 0.63268 0.0433618 0.195102 0.34383
0 0.534845 0.606226 0.0251871 0.121396 0.329996
0 0.493915 0.604122 0.0193674 0.0971204 0.317917
0 0.173955 0.617979 0.0460103 0.225899 0.277279
0 0.584955 0.590632 0.0200378 0.107978 0.218419
0 0.419592 0.675014 0.0561337 0.157538 0.202999
0 0.759259 0.661798 0.0469607 0.228739 0.181234
0 0.85153 0.62177 0.14219 0.366111 0.174211
0 0.634244 0.636763 0.0381768 0.155519 0.165862
0 0.58898 0.593243 0.0242059 0.111365 0.13967
0 0.175754 0.576691 0.0401328 0.144644 0.111869
0 0.115681 0.594004 0.0351141 0.114454 0.0982712
0 0.781984 0.58965 0.0334261 0.242396 0.0972552
0 0.592408 0.600825 0.0273302 0.101237 0.096987
0 0.395877 0.655516 0.121161 0.28703 0.0941534
0 0.697501 0.636308 0.040335 0.221234 0.0904117
0 0.592604 0.617806 0.0219318 0.0676952 0.0877433
0 0.589188 0.606899 0.0226988 0.0802785 0.0875434
0 0.312069 0.591755 0.0272829 0.145262 0.0831372
0 0.636506 0.531677 0.0236356 0.0710459 0.0828442
0 0.119548 0.597546 0.0248751 0.106556 0.0769307
0 0.63597 0.612043 0.0382246 0.203 0.0754431
0 0.177163 0.556029 0.037245 0.101565 0.0695964
0 0.343984 0.635588 0.0548822 0.218408 0.0661598
0 0.739848 0.661843 0.0755985 0.227356 0.0618172
0 0.570965 0.586324 0.0150595 0.0969954 0.0568356
0 0.614465 0.550384 0.0225746 0.0431647 0.0546762
0 0.774514 0.621538 0.0557751 0.293739 0.0521529
0 0.113217 0.579176 0.0391079 0.0932964 0.0519042
