0 0.681763 0.526286 0.259538 0.87569 0.901843
0 0.197491 0.595994 0.127366 0.465623 0.856823
0 0.454993 0.828789 0.251378 0.342163 0.85323
0 0.106938 0.738485 0.213387 0.521735 0.845388
0 0.849824 0.539885 0.127522 0.704506 0.841729
0 0.266061 0.696951 0.107037 0.310365 0.805137
0 0.392242 0.513596 0.108145 0.373128 0.760622
0 0.945195 0.553892 0.109208 0.551073 0.730629
0 0.521626 0.510348 0.107132 0.392897 0.678982
0 0.0607545 0.526447 0.120217 0.444383 0.623571
0 0.470824 0.504157 0.070764 0.37503 0.603876
0 0.293749 0.447712 0.0825452 0.22867 0.539726
0 0.92135 0.544665 0.0900114 0.470128 0.531099
0 0.329615 0.38113 0.0570421 0.133343 0.427154
0 0.158307 0.505114 0.0962171 0.436431 0.3267
0 0.421686 0.354175 0.0615704 0.132686 0.303325
0 0.332161 0.608116 0.0705471 0.311134 0.261038
0 0.438443 0.352424 0.0399155 0.110857 0.216045
0 0.961912 0.54119 0.0750066 0.531659 0.209439
0 0.228426 0.369546 0.049873 0.123265 0.200506
0 0.104792 0.36513 0.047793 0.0900942 0.193971
0 0.587061 0.482472 0.0892344 0.355084 0.19056
0 0.159828 0.400152 0.0923606 0.210592 0.171766
0 0.309411 0.545258 0.102198 0.431898 0.163666
0 0.572156 0.341122 0.047575 0.0757519 0.15969
0 0.422308 0.468232 0.0607141 0.356389 0.153351
0 0.431989 0.358446 0.0536963 0.120404 0.145864
0 0.259022 0.357512 0.0319834 0.0731678 0.111911
0 0.555148 0.493849 0.121533 0.373029 0.109118
0 0.982781 0.720156 0.0336857 0.224351 0.0993636
0 0.948815 0.373288 0.0518852 0.1257 0.0882806
0 0.165444 0.367351 0.0839492 0.145965 0.0832016
0 0.257786 0.370479 0.0345185 0.105507 0.0817522
0 0.964977 0.38659 0.0543724 0.152285 0.0806647
0 0.930811 0.365267 0.0507654 0.1211 0.0775215
0 0.441546 0.352698 0.0363286 0.0874013 0.0770619
0 0.619117 0.551894 0.0750762 0.339225 0.072831
0 0.941063 0.366357 0.0643608 0.120976 0.0725474
0 0.146882 0.352956 0.0364112 0.0650312 0.0644129
0 0.515126 0.344678 0.0163998 0.0508965 0.0636829
0 0.0578493 0.425148 0.113606 0.239309 0.0625657
0 0.618987 0.607023 0.0724898 0.223881 0.0618369
0 0.441857 0.366448 0.0389803 0.120767 0.0616806
0 0.416587 0.338531 0.0497001 0.0998847 0.061635
0 0.24944 0.362199 0.0525137 0.0990356 0.0566627
0 0.969458 0.386722 0.0602522 0.195748 0.056616
0 0.42078 0.383608 0.0450119 0.0925391 0.0535598
0 0.231404 0.387186 0.0546502 0.157228 0.0513965
0 0.579164 0.575215 0.0619371 0.174168 0.0512466
0 0.00922749 0.418125 0.018455 0.156363 0.0502016
