0 0.895977 0.575201 0.17298 0.524179 0.865032
0 0.456919 0.544893 0.12915 0.480433 0.8527
0 0.158518 0.504984 0.153058 0.483699 0.815417
0 0.668601 0.525598 0.121414 0.381481 0.75533
0 0.0799543 0.628147 0.159909 0.536433 0.725388
0 0.583659 0.499712 0.0859745 0.345946 0.722606
0 0.389582 0.504548 0.0586007 0.298083 0.713045
0 0.313482 0.459268 0.0592532 0.224246 0.537863
0 0.529157 0.477247 0.0663954 0.31979 0.527918
0 0.0999317 0.449408 0.055845 0.297889 0.515723
0 0.23429 0.492026 0.0913402 0.30934 0.496037
0 0.739401 0.51206 0.0595118 0.281608 0.490949
0 0.220485 0.482758 0.0631064 0.288506 0.442335
0 0.105833 0.853196 0.21156 0.291886 0.400916
0 0.361067 0.475604 0.0471506 0.289768 0.388045
0 0.976706 0.543989 0.0459408 0.368253 0.369807
0 0.106228 0.899142 0.21211 0.200752 0.33006
0 0.321829 0.449313 0.0590962 0.234657 0.32661
0 0.105455 0.675067 0.210619 0.647226 0.319931
0 0.105576 0.930022 0.209051 0.138588 0.283361
0 0.0437887 0.43728 0.0844331 0.229717 0.265591
0 0.830625 0.519488 0.082189 0.385686 0.263022
0 0.03724 0.377672 0.0701722 0.108686 0.228258
0 0.360955 0.424108 0.0419994 0.191396 0.227348
0 0.0422252 0.391035 0.0826549 0.138138 0.133589
0 0.361615 0.372675 0.0414137 0.0893639 0.131742
0 0.377882 0.500592 0.0761653 0.303296 0.131145
0 0.0609808 0.36793 0.0328314 0.0842529 0.111043
0 0.519233 0.468785 0.0588074 0.328053 0.0999452
0 0.531307 0.403279 0.0636991 0.174945 0.0997709
0 0.392651 0.359952 0.0342256 0.0650493 0.0916998
0 0.633068 0.387785 0.041008 0.0908283 0.0907153
0 0.0623743 0.424835 0.0476389 0.202824 0.0897549
0 0.758266 0.386992 0.0349128 0.0724505 0.0882107
0 0.0999074 0.361367 0.0548887 0.12413 0.0842734
0 0.392691 0.368333 0.0409808 0.0850532 0.0795121
0 0.982731 0.585985 0.0340138 0.28626 0.0651873
0 0.0546918 0.464213 0.0682259 0.295256 0.062653
0 0.210923 0.509165 0.138479 0.282262 0.0611467
0 0.0411871 0.607298 0.0823074 0.494805 0.0598779
0 0.419061 0.372801 0.025131 0.0708367 0.0590017
0 0.961998 0.394359 0.0557705 0.0665337 0.0517162
0 0.402596 0.370805 0.0546404 0.0824947 0.0504712
0 0.633189 0.410962 0.0423039 0.133445 0.0503142
