0 0.374164 0.72688 0.109212 0.347504 0.780423
0 0.536862 0.670332 0.145329 0.653451 0.764945
0 0.598078 0.718252 0.0697953 0.367971 0.715847
0 0.842206 0.670053 0.181391 0.60955 0.687617
0 0.667335 0.686199 0.199122 0.487865 0.63447
0 0.310019 0.722053 0.0726179 0.303482 0.631683
0 0.780158 0.729275 0.079835 0.356557 0.626122
0 0.963866 0.709321 0.069874 0.336653 0.549358
0 0.925232 0.717043 0.076918 0.339107 0.360257
0 0.673596 0.702205 0.0920686 0.458525 0.358986
0 0.708941 0.713337 0.0596203 0.42901 0.353397
0 0.44491 0.7144 0.0918987 0.465579 0.339323
0 0.452264 0.629987 0.0805426 0.319891 0.325714
0 0.0462354 0.720292 0.0924695 0.41646 0.290476
0 0.649466 0.695327 0.0978318 0.457099 0.249763
0 0.206462 0.714527 0.176056 0.463621 0.231039
0 0.92414 0.658215 0.0852753 0.45232 0.200246
0 0.23116 0.706152 0.1253 0.436242 0.196511
0 0.0375541 0.642953 0.0751081 0.307825 0.190456
0 0.870986 0.643316 0.193692 0.563861 0.190095
0 0.961281 0.645514 0.0631448 0.215432 0.189338
0 0.855574 0.719069 0.115197 0.505534 0.185402
0 0.505092 0.67223 0.208583 0.650277 0.17633
0 0.250259 0.697326 0.0950403 0.394191 0.159303
0 0.977183 0.69808 0.0451767 0.354098 0.144653
0 0.718949 0.684348 0.0937939 0.493319 0.141452
0 0.942212 0.622603 0.113942 0.504619 0.118547
0 0.467989 0.52667 0.0520515 0.11413 0.116954
0 0.35938 0.6732 0.0904211 0.248203 0.115571
0 0.247498 0.782242 0.0870907 0.341032 0.101543
0 0.913973 0.696248 0.105366 0.387015 0.0999578
0 0.177425 0.556876 0.0922293 0.106432 0.0999217
0 0.424434 0.632328 0.135139 0.324836 0.0968169
0 0.986341 0.653128 0.0266345 0.305266 0.0940607
0 0.983907 0.681978 0.0317677 0.375822 0.0916734
0 0.230045 0.629557 0.106241 0.289054 0.0887718
0 0.193741 0.785179 0.0672635 0.261042 0.087157
0 0.327266 0.592807 0.0366341 0.0939035 0.0846302
0 0.943669 0.468382 0.110279 0.216299 0.080981
0 0.950862 0.703475 0.0852305 0.330756 0.0789012
0 0.702868 0.670729 0.0470076 0.231554 0.0742978
0 0.474215 0.512126 0.0422832 0.084265 0.0719748
0 0.162835 0.703026 0.119998 0.353171 0.0715713
0 0.148388 0.772436 0.0552193 0.202343 0.0710449
0 0.225787 0.586831 0.110395 0.209508 0.0682462
0 0.420499 0.694364 0.0451808 0.181522 0.0660331
0 0.204849 0.615233 0.150749 0.261279 0.0659139
0 0.423087 0.711095 0.126673 0.47148 0.0645964
0 0.0786635 0.721117 0.0424155 0.249573 0.0630024
0 0.37821 0.772228 0.105421 0.257277 0.060922
0 0.39672 0.656009 0.0471268 0.181573 0.0605137
0 0.324495 0.603228 0.049485 0.110547 0.0582855
0 0.46026 0.73418 0.0633144 0.444793 0.0561526
0 0.700135 0.616082 0.13145 0.340093 0.0554175
0 0.0486213 0.654864 0.0972427 0.358891 0.0547247
0 0.201499 0.554452 0.140941 0.131121 0.0522593
0 0.0368329 0.57538 0.073555 0.243545 0.0518288
0 0.924175 0.772276 0.0757157 0.230365 0.0502767
