0 0.979196 0.347316 0.0410659 0.362827 0.761621
0 0.945662 0.313837 0.0402157 0.230631 0.61979
0 0.909176 0.306038 0.0424053 0.195302 0.61648
0 0.0402605 0.418041 0.0611348 0.28855 0.474228
0 0.833415 0.282765 0.0569034 0.185125 0.469716
0 0.870207 0.293281 0.0362331 0.174256 0.408068
0 0.530332 0.309862 0.0255301 0.113423 0.357521
0 0.0182728 0.460859 0.0365456 0.223588 0.351386
0 0.410614 0.31869 0.036084 0.0979597 0.324519
0 0.484971 0.326592 0.0231771 0.136503 0.280239
0 0.508921 0.317667 0.024565 0.120789 0.246222
0 0.102537 0.387049 0.043472 0.196737 0.22297
0 0.340966 0.412734 0.0752281 0.163342 0.222465
0 0.504822 0.319285 0.0249733 0.123301 0.209588
0 0.355942 0.428657 0.0837545 0.125596 0.196744
0 0.442331 0.339162 0.0261408 0.139357 0.193909
0 0.384769 0.324535 0.0292321 0.0859748 0.192392
0 0.465904 0.32401 0.0249399 0.150598 0.18977
0 0.14666 0.404473 0.0335127 0.125949 0.188702
0 0.193966 0.346397 0.0439684 0.110817 0.174535
0 0.515452 0.319395 0.0179747 0.109613 0.168879
0 0.101811 0.347965 0.0396886 0.113701 0.168448
0 0.844996 0.288163 0.0831074 0.18564 0.139128
0 0.223864 0.38386 0.084374 0.146716 0.138428
0 0.534428 0.309267 0.0194524 0.104007 0.132298
0 0.493517 0.323483 0.0190857 0.131541 0.122474
0 0.27946 0.361988 0.0584219 0.158819 0.122413
0 0.518511 0.316336 0.0179445 0.111607 0.122138
0 0.498627 0.321943 0.0191645 0.131304 0.111944
0 0.390516 0.324931 0.0376158 0.0868874 0.106366
0 0.488757 0.321103 0.02094 0.131313 0.106287
0 0.327417 0.33375 0.0497029 0.0866865 0.102827
0 0.546456 0.31207 0.0323326 0.0990398 0.0981784
0 0.128506 0.33855 0.0292445 0.124114 0.0955483
0 0.461183 0.329573 0.0293688 0.154235 0.0954072
0 0.817915 0.289239 0.0532985 0.172998 0.0911783
0 0.806002 0.326309 0.0365673 0.0958068 0.0897836
0 0.235049 0.345091 0.0454191 0.0869411 0.0895003
0 0.946706 0.284618 0.0371022 0.156819 0.082834
0 0.328289 0.403158 0.0569779 0.177779 0.0783376
0 0.55489 0.3133 0.027768 0.0887054 0.0761704
0 0.265324 0.346004 0.0314156 0.102305 0.07604
0 0.0421464 0.355912 0.0567445 0.156638 0.0748381
0 0.148607 0.318259 0.0238168 0.0826304 0.0715889
0 0.806515 0.30491 0.0371903 0.137627 0.0715422
0 0.243853 0.391675 0.057118 0.115583 0.0710323
0 0.215699 0.383609 0.0884718 0.18296 0.0704724
0 0.289666 0.370807 0.0433276 0.138995 0.0686491
0 0.230259 0.404455 0.0769318 0.126267 0.067802
0 0.147145 0.344043 0.0309694 0.131133 0.0652772
0 0.274725 0.356969 0.0489801 0.132184 0.0630301
0 0.403536 0.320456 0.0517465 0.0940005 0.061907
0 0.325933 0.318451 0.045362 0.112178 0.0615585
0 0.149172 0.333798 0.0244443 0.113005 0.0615455
0 0.19455 0.381883 0.0625935 0.182749 0.0614832
0 0.839247 0.280524 0.0410111 0.170031 0.0606616
0 0.108574 0.398988 0.0564804 0.189982 0.0579911
0 0.226794 0.36996 0.0675078 0.143894 0.057559
0 0.0109693 0.321213 0.0218712 0.102422 0.0570702
0 0.23678 0.368426 0.0477414 0.123394 0.0566505
0 0.130131 0.320109 0.0262229 0.0925215 0.0559495
0 0.524458 0.313925 0.0224264 0.118873 0.0556863
0 0.142853 0.370644 0.0370562 0.186784 0.0547375
0 0.355178 0.419232 0.0996261 0.153354 0.0544329
0 0.327647 0.373244 0.0542425 0.153948 0.0530198
0 0.784305 0.307681 0.0466497 0.116787 0.0509631
0 0.199458 0.338803 0.0415287 0.104466 0.0507713
0 0.241106 0.421482 0.0895357 0.103592 0.0502663
