0 0.313738 0.699598 0.0736182 0.312021 0.756955
0 0.239004 0.704796 0.079329 0.315113 0.746546
0 0.747195 0.699791 0.0804111 0.329671 0.736466
0 0.388682 0.703628 0.0775798 0.331767 0.72594
0 0.889332 0.700646 0.0827784 0.316818 0.675485
0 0.67123 0.697801 0.084123 0.343952 0.661364
0 0.600575 0.66172 0.0759814 0.264689 0.571233
0 0.820283 0.692637 0.0800224 0.314608 0.558689
0 0.459396 0.662665 0.0782387 0.277959 0.532672
0 0.528396 0.712205 0.0766346 0.311164 0.520214
0 0.248306 0.54651 0.0659522 0.165584 0.489402
0 0.30895 0.540187 0.0711883 0.167239 0.47209
0 0.356428 0.549813 0.0529315 0.154519 0.471462
0 0.864898 0.534451 0.0688385 0.156295 0.41697
0 0.493357 0.546978 0.0555776 0.170045 0.40678
0 0.423842 0.539423 0.0549137 0.146108 0.367649
0 0.625876 0.535361 0.06592 0.144421 0.321033
0 0.747423 0.532062 0.0708532 0.153477 0.307484
0 0.0937108 0.871973 0.187078 0.242566 0.300273
0 0.556558 0.547203 0.0688709 0.174942 0.279781
0 0.81363 0.543663 0.0680898 0.155228 0.27687
0 0.693671 0.536985 0.0576546 0.150989 0.265064
0 0.0251121 0.873615 0.050037 0.241186 0.255556
0 0.0543807 0.874458 0.108242 0.243508 0.235284
0 0.0386294 0.871263 0.0767939 0.24616 0.160688
0 0.109509 0.897041 0.162372 0.201804 0.134389
