0 0.396494 0.767571 0.0793447 0.295713 0.819506
0 0.690075 0.728758 0.0568943 0.220617 0.751646
0 0.853538 0.699055 0.0435554 0.204881 0.725248
0 0.73022 0.714172 0.0338909 0.171421 0.670506
0 0.909006 0.698427 0.0412258 0.166946 0.538627
0 0.983403 0.73234 0.032684 0.241767 0.493836
0 0.0375012 0.65845 0.0291192 0.11507 0.470567
0 0.0906999 0.810411 0.107264 0.366673 0.468122
0 0.5295 0.673908 0.0319209 0.119759 0.437912
0 0.954967 0.699484 0.0468142 0.204284 0.436535
0 0.592331 0.675699 0.0327458 0.127345 0.31397
0 0.663694 0.682907 0.0283652 0.136846 0.31326
0 0.618286 0.679373 0.0330532 0.125835 0.277415
0 0.463173 0.66991 0.0278288 0.128596 0.239782
0 0.362398 0.63715 0.0258857 0.0674659 0.211357
0 0.219324 0.668927 0.0496428 0.141676 0.210731
0 0.256035 0.694973 0.0450332 0.183469 0.20735
0 0.64054 0.681108 0.0259927 0.118156 0.205659
0 0.148466 0.635884 0.0303947 0.0990742 0.17381
0 0.419245 0.662213 0.029064 0.123868 0.172742
0 0.502615 0.671276 0.0287659 0.126092 0.16533
0 0.201308 0.619656 0.0269458 0.0625129 0.158101
0 0.178668 0.663729 0.0387607 0.127516 0.138016
0 0.709358 0.656307 0.0233122 0.0885153 0.135262
0 0.959674 0.676222 0.0382471 0.154954 0.122307
0 0.70411 0.644094 0.0302729 0.0663266 0.12215
0 0.416794 0.641549 0.0295579 0.085723 0.118903
0 0.360113 0.667395 0.0337232 0.133038 0.11014
0 0.127057 0.645463 0.0295628 0.0837437 0.104738
0 0.0154689 0.826188 0.0308885 0.323855 0.103391
0 0.438259 0.669291 0.0301398 0.122566 0.103214
0 0.0950814 0.749243 0.0965874 0.242661 0.101548
0 0.48213 0.671522 0.023613 0.121123 0.0990901
0 0.602785 0.678692 0.0394091 0.128775 0.0954114
0 0.362266 0.657026 0.0273019 0.107784 0.0952614
0 0.257985 0.640299 0.0356041 0.070291 0.0938816
0 0.352417 0.644663 0.0338503 0.08512 0.0931918
0 0.223503 0.643257 0.0435143 0.0892522 0.0888182
0 0.945763 0.670568 0.0340221 0.145035 0.0811747
0 0.711432 0.6661 0.0230112 0.10652 0.0793606
0 0.64536 0.680992 0.0333567 0.127233 0.0752225
0 0.171299 0.661277 0.0254703 0.123573 0.0744991
0 0.124188 0.644139 0.0383068 0.0991322 0.0740686
0 0.674153 0.635231 0.0215919 0.0468237 0.0717183
0 0.983214 0.674624 0.0329239 0.123685 0.0704046
0 0.668919 0.668635 0.028319 0.110814 0.0692159
0 0.22938 0.638543 0.0321564 0.0807836 0.0687498
0 0.430102 0.666919 0.0418967 0.123615 0.0672167
0 0.19867 0.613934 0.0218782 0.0516931 0.0653153
0 0.696894 0.637789 0.029241 0.0549726 0.064675
0 0.200836 0.62464 0.020536 0.0706844 0.0630501
0 0.673734 0.644083 0.0221687 0.0647398 0.0626526
0 0.39701 0.676963 0.0390797 0.109644 0.0605149
0 0.631883 0.680491 0.0384333 0.127631 0.0545917
0 0.699121 0.717795 0.0455225 0.205663 0.0538034
0 0.947274 0.648539 0.0376182 0.100646 0.0522145
0 0.1854 0.661185 0.0293865 0.134831 0.0510621
