0 0.684237 0.50809 0.061264 0.320068 0.829781
0 0.528868 0.502954 0.121167 0.417566 0.829157
0 0.437817 0.528478 0.121159 0.661793 0.823745
0 0.631453 0.496288 0.0596509 0.271658 0.784056
0 0.83846 0.511448 0.0581736 0.316462 0.750875
0 0.307916 0.487128 0.113576 0.42881 0.750258
0 0.932536 0.526771 0.0678629 0.387161 0.745361
0 0.739286 0.513078 0.0715443 0.411472 0.58093
0 0.0895379 0.481393 0.0696009 0.417664 0.57811
0 0.17604 0.481229 0.0501148 0.297218 0.5075
0 0.15928 0.482741 0.0844938 0.31007 0.482558
0 0.138032 0.473967 0.0643016 0.322895 0.302787
0 0.776638 0.495417 0.0410055 0.290645 0.26121
0 0.0873444 0.394651 0.0614683 0.245238 0.240867
0 0.750771 0.482752 0.0906248 0.357611 0.223774
0 0.103788 0.489891 0.0984245 0.400014 0.141123
0 0.134587 0.410733 0.0609078 0.196934 0.13972
0 0.588051 0.443974 0.030794 0.085303 0.135041
0 0.232744 0.403989 0.0759189 0.252934 0.119312
0 0.683535 0.440876 0.0532642 0.192079 0.079139
0 0.58691 0.434165 0.026463 0.0648396 0.0739646
0 0.738951 0.439339 0.0675158 0.270048 0.073956
0 0.935019 0.451898 0.060117 0.236136 0.0628043
0 0.751933 0.422141 0.0874237 0.235876 0.060856
0 0.14546 0.401474 0.0390508 0.181291 0.0522503
0 0.777876 0.453295 0.0434948 0.185149 0.0512419
