0 0.377361 0.69427 0.0479852 0.1841 0.725469
0 0.85102 0.619866 0.0333897 0.137257 0.678926
0 0.145172 0.649125 0.0367231 0.164424 0.580378
0 0.121329 0.702275 0.0347269 0.186573 0.543462
0 0.4247 0.765307 0.0422027 0.2282 0.490157
0 0.232323 0.671111 0.0383082 0.17992 0.480531
0 0.653707 0.613477 0.0369438 0.13174 0.436251
0 0.456423 0.623573 0.0370862 0.146222 0.433828
0 0.309698 0.721185 0.0351944 0.18743 0.426728
0 0.192701 0.750312 0.0361545 0.19961 0.423943
0 0.91731 0.603765 0.0305076 0.127695 0.375166
0 0.790887 0.733213 0.0496181 0.208253 0.337953
0 0.212315 0.641529 0.0287482 0.156128 0.308876
0 0.780084 0.614597 0.0459039 0.120792 0.273701
0 0.897211 0.596236 0.0245186 0.136116 0.265835
0 0.27612 0.834555 0.0603519 0.190797 0.263918
0 0.522881 0.748522 0.0381565 0.193617 0.233389
0 0.660777 0.797144 0.0600778 0.238485 0.231566
0 0.273035 0.865352 0.0628825 0.266956 0.181538
0 0.791359 0.699061 0.0481497 0.142724 0.167257
0 0.576517 0.682719 0.0405137 0.151423 0.155044
0 0.703745 0.765173 0.0475501 0.227981 0.152499
0 0.572727 0.85845 0.0641771 0.267686 0.1524
0 0.282324 0.752308 0.0505421 0.127053 0.142122
0 0.359392 0.610562 0.0299942 0.133866 0.140435
0 0.730951 0.592145 0.0360764 0.133601 0.131971
0 0.426098 0.642267 0.0295172 0.115343 0.131504
0 0.574576 0.659414 0.0359674 0.108311 0.107373
0 0.677021 0.659752 0.0392217 0.121329 0.106728
0 0.212588 0.614526 0.0287521 0.0999621 0.102458
0 0.895146 0.61047 0.0220177 0.111112 0.0966134
0 0.521214 0.624147 0.0340313 0.115426 0.0954253
0 0.574063 0.768289 0.0622584 0.156806 0.0897227
0 0.593372 0.606195 0.0350162 0.124024 0.0846252
0 0.00452257 0.711288 0.00903939 0.100367 0.0805207
0 0.687493 0.666159 0.0609144 0.131409 0.0677835
0 0.911828 0.594711 0.0430079 0.14688 0.0621816
0 0.425833 0.572233 0.0260612 0.071396 0.0607591
0 0.426018 0.599781 0.0279444 0.109971 0.0541338
0 0.380054 0.596488 0.0243164 0.0668056 0.0532351
0 0.675922 0.641809 0.0306196 0.0939888 0.0527255
0 0.897741 0.566122 0.0261112 0.0787583 0.0521743
0 0.262896 0.879626 0.0522223 0.240748 0.0520663
