0 0.399619 0.701578 0.137928 0.314428 0.782478
0 0.692463 0.643184 0.0544817 0.17183 0.773012
0 0.611045 0.686964 0.0882519 0.298152 0.733765
0 0.104022 0.648931 0.0889706 0.225532 0.6944
0 0.209972 0.647551 0.0715631 0.221141 0.690369
0 0.0460098 0.677982 0.0920196 0.302525 0.653532
0 0.265668 0.591892 0.0342583 0.108342 0.489632
0 0.29757 0.628132 0.0396391 0.179739 0.485345
0 0.983313 0.664085 0.0328617 0.239149 0.437966
0 0.897171 0.702072 0.141132 0.29667 0.406938
0 0.340937 0.638711 0.0501891 0.208481 0.398042
0 0.159272 0.638925 0.0467465 0.194153 0.345907
0 0.515114 0.607354 0.0534377 0.123689 0.276095
0 0.523554 0.607648 0.0356921 0.121976 0.204097
0 0.588806 0.680866 0.047456 0.293185 0.19397
0 0.664024 0.607796 0.0251636 0.108712 0.190186
0 0.548801 0.594514 0.0219293 0.0742864 0.181985
0 0.625908 0.695114 0.0586098 0.285039 0.180952
0 0.506406 0.60583 0.0362665 0.123958 0.172027
0 0.870982 0.681705 0.102525 0.258221 0.144382
0 0.442252 0.623455 0.0497372 0.165071 0.142755
0 0.470587 0.619862 0.037372 0.151679 0.142363
0 0.990241 0.659555 0.0188947 0.223328 0.130595
0 0.928117 0.60521 0.0834469 0.102922 0.130292
0 0.850834 0.621041 0.06695 0.150536 0.121264
0 0.843567 0.604459 0.0559593 0.126991 0.115158
0 0.850529 0.596234 0.0650032 0.0989723 0.108618
0 0.855382 0.674323 0.0758535 0.256023 0.09215
0 0.716003 0.596237 0.0172068 0.0808718 0.0870276
0 0.808249 0.612571 0.0395685 0.0687742 0.0841381
0 0.924955 0.681961 0.0926182 0.263512 0.0828356
0 0.35209 0.642329 0.0521084 0.204271 0.0729373
0 0.839919 0.591199 0.0431683 0.0951434 0.0703649
0 0.461042 0.623503 0.042495 0.159128 0.0665823
0 0.86179 0.60788 0.0854946 0.108789 0.0621736
0 0.772484 0.611721 0.0288918 0.0562902 0.0596522
0 0.634172 0.691245 0.0432709 0.272373 0.0586893
0 0.0783843 0.657598 0.0324637 0.183049 0.0576925
0 0.716244 0.615609 0.0188524 0.122074 0.0548127
0 0.837252 0.614929 0.046244 0.11544 0.0536375
0 0.526569 0.607458 0.0233816 0.112877 0.0521249
