0 0.402561 0.539933 0.210153 0.88571 0.823516
0 0.507001 0.567189 0.240198 0.834089 0.784775
0 0.794856 0.345079 0.0732193 0.307508 0.750576
0 0.85848 0.350378 0.0806162 0.298187 0.632378
0 0.146355 0.332867 0.0526161 0.307479 0.495006
0 0.197903 0.336134 0.0486914 0.282201 0.393446
0 0.754718 0.311355 0.0372236 0.207113 0.365344
0 0.937419 0.286235 0.0464748 0.186982 0.35141
0 0.0882259 0.33074 0.0514575 0.325964 0.33651
0 0.976823 0.285455 0.0385831 0.17746 0.322362
0 0.240468 0.318058 0.0527164 0.294355 0.31954
0 0.0241191 0.352128 0.0482383 0.325381 0.306799
0 0.699643 0.297544 0.0331284 0.202078 0.241472
0 0.653975 0.297556 0.0409552 0.18458 0.209145
0 0.0352819 0.347098 0.0666606 0.327485 0.20879
0 0.10159 0.332891 0.0360448 0.317011 0.1618
0 0.627533 0.303098 0.0351811 0.160702 0.159232
0 0.7479 0.304136 0.0376391 0.203216 0.155895
0 0.622228 0.28956 0.0467372 0.192856 0.146499
0 0.878228 0.283688 0.0482647 0.190457 0.13023
0 0.055572 0.327164 0.0485413 0.346862 0.118271
0 0.294523 0.328413 0.0501571 0.258647 0.116024
0 0.184854 0.335171 0.0505392 0.28416 0.114217
0 0.907393 0.283996 0.0334003 0.17336 0.104177
0 0.253358 0.320259 0.0512785 0.284482 0.0972995
0 0.691845 0.29902 0.0393416 0.198 0.0903264
0 0.294477 0.256502 0.0420635 0.107287 0.072498
0 0.470761 0.200768 0.0391187 0.0772517 0.0700858
0 0.679976 0.297077 0.0271468 0.190374 0.0674614
0 0.342002 0.2314 0.0460099 0.0961261 0.0645719
0 0.743249 0.292327 0.0286723 0.184855 0.0617867
0 0.953263 0.288787 0.0308946 0.179764 0.0602039
0 0.290185 0.328785 0.0710634 0.253186 0.0586787
0 0.269163 0.326366 0.0402503 0.264194 0.0517224
0 0.662735 0.298825 0.029398 0.1854 0.0512421
