0 0.886877 0.56819 0.079525 0.353634 0.750483
0 0.815383 0.590266 0.0713364 0.345698 0.598683
0 0.758239 0.641879 0.0514451 0.410874 0.539999
0 0.0984205 0.650433 0.117536 0.435796 0.526312
0 0.266974 0.573691 0.0452944 0.121087 0.499055
0 0.296919 0.601167 0.0601347 0.0799013 0.492389
0 0.176178 0.591267 0.0586902 0.0907041 0.40627
0 0.64273 0.660942 0.0751957 0.187833 0.296502
0 0.221633 0.604227 0.0428693 0.067515 0.296227
0 0.386812 0.600257 0.0321431 0.0694944 0.268531
0 0.35202 0.600461 0.0541307 0.0657435 0.266596
0 0.714398 0.65504 0.05224 0.234938 0.258492
0 0.520337 0.642435 0.0680772 0.158778 0.212062
0 0.971255 0.660244 0.0542599 0.123568 0.210846
0 0.47412 0.601019 0.0788559 0.143461 0.208545
0 0.936487 0.654154 0.0291996 0.0974597 0.207785
0 0.0279436 0.620886 0.0282023 0.0619019 0.194431
0 0.568489 0.662646 0.0532904 0.16601 0.157085
0 0.572246 0.710015 0.0581537 0.279776 0.133132
0 0.39735 0.659083 0.0554527 0.18552 0.13157
0 0.229635 0.603351 0.0527272 0.0708707 0.127957
0 0.35338 0.613875 0.0719191 0.0932506 0.126449
0 0.0636199 0.619311 0.0236266 0.0485684 0.124784
0 0.356366 0.708524 0.0866774 0.282679 0.112511
0 0.584049 0.611758 0.0536382 0.112603 0.101868
0 0.416404 0.659477 0.0397518 0.152739 0.101782
0 0.356823 0.598127 0.0362559 0.0586927 0.0894263
0 0.452854 0.591179 0.0435274 0.133474 0.0886138
0 0.983225 0.726035 0.0330582 0.161357 0.0861334
0 0.170963 0.583855 0.0343552 0.0766393 0.084803
0 0.422913 0.643799 0.0476506 0.11154 0.080846
0 0.527274 0.66286 0.0608357 0.193786 0.079104
0 0.410703 0.666097 0.0476222 0.178344 0.076016
0 0.612418 0.609058 0.0283184 0.0708742 0.0753843
0 0.460297 0.596456 0.0588139 0.136969 0.0751957
0 0.310415 0.59611 0.0387515 0.0786687 0.069136
0 0.298057 0.662226 0.064072 0.204148 0.066204
0 0.353904 0.674056 0.0764341 0.212535 0.0649378
0 0.0347136 0.623674 0.0335897 0.0585415 0.0608061
0 0.0321517 0.624876 0.0224589 0.0525287 0.0605057
0 0.654885 0.71432 0.0976356 0.296981 0.0593124
0 0.0390936 0.628842 0.0235259 0.0472399 0.0586351
0 0.536923 0.655331 0.0428951 0.176591 0.05791
0 0.456463 0.574164 0.0378488 0.0957021 0.0541544
0 0.27565 0.589238 0.0290976 0.0961959 0.0532866
0 0.425271 0.66173 0.0562347 0.16194 0.0501559
