0 0.59404 0.721032 0.0649239 0.345529 0.532068
0 0.642616 0.716352 0.0675083 0.335479 0.5309
0 0.903575 0.733861 0.0719559 0.311946 0.520513
0 0.831167 0.735752 0.0814089 0.311912 0.402324
0 0.727007 0.772815 0.0892923 0.261518 0.396218
0 0.920812 0.733124 0.10551 0.31524 0.32087
0 0.107097 0.735046 0.0585572 0.327172 0.297554
0 0.529874 0.752588 0.0721711 0.289842 0.232623
0 0.764137 0.755214 0.0637876 0.279632 0.204718
0 0.0418402 0.749154 0.0559128 0.247405 0.149461
0 0.0491083 0.748309 0.0420865 0.233396 0.119207
0 0.0728701 0.728758 0.0344854 0.249474 0.10999
0 0.684261 0.684936 0.0428672 0.244608 0.0948808
0 0.726142 0.624868 0.0390715 0.109061 0.0818002
0 0.194731 0.726467 0.0648883 0.337617 0.0792997
0 0.795874 0.743399 0.12123 0.292516 0.0744908
0 0.577504 0.563293 0.0871118 0.18966 0.0716108
0 0.955218 0.723368 0.0612068 0.248216 0.0698646
0 0.665609 0.718177 0.0344373 0.334326 0.0697044
0 0.689198 0.672357 0.0310423 0.223264 0.0627885
0 0.776399 0.758445 0.0694674 0.262816 0.0618772
0 0.369075 0.728965 0.0600192 0.32409 0.0603676
0 0.516306 0.640291 0.0445866 0.164088 0.0509832
