0 0.929313 0.541445 0.0870245 0.313393 0.894594
0 0.0690394 0.552636 0.0848366 0.318877 0.885824
0 0.750512 0.541537 0.0716062 0.295713 0.858617
0 0.139452 0.549124 0.0639489 0.305124 0.858522
0 0.416675 0.538356 0.062533 0.302404 0.85638
0 0.190442 0.549524 0.0700938 0.321483 0.853859
0 0.473122 0.541331 0.0662722 0.304661 0.847843
0 0.305744 0.539969 0.0594538 0.313825 0.846243
0 0.859035 0.537386 0.0672226 0.31315 0.842751
0 0.359252 0.548142 0.0735164 0.314245 0.836844
0 0.648967 0.536578 0.062676 0.303603 0.821556
0 0.251332 0.544669 0.0675513 0.313391 0.81607
0 0.802792 0.534328 0.0694494 0.31324 0.806966
0 0.58756 0.535022 0.0651151 0.307778 0.79884
0 0.69357 0.538678 0.0582535 0.302775 0.776102
0 0.541009 0.545249 0.0597775 0.28794 0.765752
