0 0.234767 0.506976 0.107458 0.316763 0.892067
0 0.0809067 0.500691 0.103554 0.346262 0.872891
0 0.467655 0.487754 0.0763958 0.359451 0.864633
0 0.56047 0.475185 0.0478481 0.235568 0.852164
0 0.735627 0.477999 0.0868188 0.281158 0.848779
0 0.357087 0.482416 0.0584445 0.227094 0.832425
0 0.642013 0.493384 0.0977555 0.334076 0.819408
0 0.853362 0.482229 0.0889229 0.360153 0.780727
0 0.527743 0.485825 0.0402652 0.15699 0.776073
0 0.79446 0.483064 0.0572708 0.23457 0.719367
0 0.0156945 0.489806 0.0310448 0.238736 0.711903
0 0.970698 0.473526 0.0578632 0.298152 0.647029
0 0.922522 0.471058 0.0676842 0.299698 0.617169
0 0.598933 0.479984 0.0355263 0.162058 0.45026
0 0.88909 0.461563 0.0444289 0.270453 0.281611
0 0.327164 0.4933 0.0323976 0.143945 0.200806
0 0.87305 0.467526 0.0748676 0.311984 0.134894
0 0.125034 0.483661 0.0490758 0.23937 0.12118
0 0.988372 0.485126 0.0226279 0.268508 0.115372
0 0.125767 0.513978 0.0435591 0.177698 0.106985
0 0.685186 0.458929 0.0326456 0.187892 0.106073
0 0.885059 0.396714 0.0397541 0.141915 0.0804448
0 0.551677 0.475547 0.0275277 0.222443 0.070646
0 0.689495 0.468314 0.0321149 0.178866 0.0671656
0 0.331681 0.498296 0.021473 0.144961 0.0587014
0 0.692975 0.46502 0.0366689 0.212299 0.0585905
0 0.125156 0.543413 0.0441483 0.115419 0.0544022
0 0.0093814 0.457255 0.0187063 0.166579 0.0527266
