0 0.0619809 0.615626 0.123962 0.75175 0.837902
0 0.180578 0.663961 0.112507 0.36612 0.584073
0 0.297284 0.655992 0.110227 0.339721 0.581744
0 0.525117 0.634076 0.0801485 0.286741 0.571818
0 0.437143 0.393824 0.0814501 0.143308 0.564082
0 0.160988 0.380066 0.107048 0.212967 0.558217
0 0.412493 0.609051 0.141758 0.389507 0.53997
0 0.521566 0.4422 0.0866316 0.215202 0.539258
0 0.876095 0.501423 0.0671116 0.271539 0.490418
0 0.73109 0.6186 0.0882767 0.240691 0.487762
0 0.193805 0.595167 0.183994 0.415683 0.456619
0 0.45523 0.601818 0.0773538 0.346907 0.444828
0 0.288274 0.3975 0.108359 0.253453 0.44382
0 0.0712486 0.381792 0.064595 0.199124 0.408174
0 0.814927 0.580442 0.0688953 0.239619 0.401083
0 0.665422 0.635221 0.0751766 0.226202 0.37395
0 0.660645 0.439494 0.0744143 0.206789 0.37366
0 0.602626 0.548608 0.0945189 0.436087 0.358033
0 0.961988 0.440334 0.0420155 0.13134 0.314262
0 0.190449 0.640067 0.150166 0.423737 0.287467
0 0.607837 0.634435 0.0908611 0.260233 0.278821
0 0.397114 0.617295 0.0992934 0.369399 0.243574
0 0.787606 0.593017 0.0573872 0.2376 0.229149
0 0.988861 0.444863 0.0217388 0.137687 0.228052
0 0.822853 0.561011 0.0589508 0.20392 0.202174
0 0.358979 0.433376 0.0504255 0.124857 0.197537
0 0.721916 0.439093 0.0641031 0.148724 0.159933
0 0.521166 0.556957 0.0853705 0.447536 0.14927
0 0.576186 0.454056 0.0412817 0.175904 0.139884
0 0.776156 0.597307 0.0684704 0.234447 0.111719
0 0.194246 0.523518 0.185495 0.27912 0.106829
0 0.992203 0.492656 0.0148926 0.0782893 0.106397
0 0.988801 0.419951 0.0216209 0.0908799 0.0997162
0 0.227068 0.367035 0.02877 0.0558574 0.0980297
0 0.75064 0.454391 0.0467546 0.107812 0.0964221
0 0.625822 0.635801 0.0639318 0.24094 0.091676
0 0.158179 0.509512 0.113375 0.423005 0.0789771
0 0.223244 0.368817 0.0377656 0.0618168 0.0780414
0 0.17636 0.529836 0.152281 0.370767 0.0771038
0 0.601266 0.433811 0.0736634 0.214546 0.0746093
0 0.729435 0.547355 0.0896242 0.384233 0.0743414
0 0.765501 0.55349 0.0797997 0.333497 0.073808
0 0.291585 0.528868 0.111782 0.518771 0.0734473
0 0.539419 0.634129 0.0715557 0.285928 0.0732808
0 0.663245 0.540907 0.0722727 0.410298 0.065988
0 0.0762014 0.406335 0.0745623 0.249044 0.0643583
0 0.0627234 0.340788 0.0654129 0.115373 0.0635728
0 0.784636 0.451375 0.0508845 0.108558 0.058239
0 0.237203 0.606578 0.106875 0.428981 0.0539402
0 0.47063 0.601941 0.0728485 0.351719 0.0530732
0 0.785668 0.471385 0.051264 0.134416 0.0511423
0 0.763837 0.439061 0.0738821 0.141902 0.0501686
