0 0.512902 0.698889 0.0509359 0.173614 0.524006
0 0.419182 0.691863 0.053517 0.181739 0.521484
0 0.701063 0.699558 0.0618854 0.202355 0.499252
0 0.59231 0.700333 0.0709398 0.19449 0.490546
0 0.461516 0.697272 0.0544111 0.176349 0.467102
0 0.837152 0.713649 0.0703126 0.187247 0.450925
0 0.122243 0.664724 0.0715025 0.192741 0.442849
0 0.908742 0.72324 0.0692939 0.18012 0.427286
0 0.269705 0.689104 0.056492 0.171866 0.424665
0 0.172396 0.680422 0.0637288 0.16821 0.411251
0 0.551287 0.704612 0.0478943 0.184599 0.397384
0 0.648767 0.700314 0.052664 0.192478 0.38607
0 0.224879 0.681406 0.0496297 0.16181 0.334914
0 0.306516 0.703816 0.0418265 0.133159 0.273322
0 0.760856 0.734042 0.075297 0.141553 0.257671
0 0.342139 0.696841 0.0728312 0.161652 0.220348
0 0.386745 0.723703 0.0468572 0.114913 0.165976
0 0.69801 0.720908 0.0566414 0.15668 0.14967
0 0.182558 0.671147 0.0468079 0.150639 0.112848
0 0.354066 0.701336 0.074045 0.155362 0.100776
0 0.331839 0.710063 0.0860085 0.139041 0.0961144
0 0.225041 0.659104 0.0477614 0.113773 0.0899554
0 0.37319 0.72135 0.0658636 0.114159 0.0871784
0 0.319673 0.703638 0.0749456 0.143924 0.0751067
0 0.351365 0.666328 0.0478823 0.0994102 0.0680908
0 0.387184 0.705525 0.0388376 0.144914 0.0669594
0 0.167073 0.698632 0.0522313 0.131214 0.0626855
0 0.385808 0.692964 0.0257439 0.120975 0.0613154
0 0.308131 0.686798 0.0399964 0.103051 0.0595892
