0 0.124139 0.666409 0.131473 0.342164 0.871072
0 0.271774 0.684527 0.0834406 0.304311 0.750438
0 0.388853 0.660742 0.0917407 0.266076 0.676331
0 0.551951 0.684739 0.108615 0.234703 0.597827
0 0.648094 0.698844 0.0734303 0.219896 0.597076
0 0.425077 0.547778 0.140881 0.439894 0.559299
0 0.845674 0.549504 0.145129 0.149582 0.547335
0 0.563994 0.496809 0.162543 0.29066 0.503136
0 0.299521 0.590943 0.199434 0.44263 0.492556
0 0.746673 0.636663 0.0947371 0.333858 0.458206
0 0.81696 0.698424 0.163252 0.300413 0.381162
0 0.485664 0.777275 0.0833133 0.131957 0.364986
0 0.281248 0.441583 0.029676 0.0560598 0.222221
0 0.455494 0.779551 0.143497 0.129494 0.199641
0 0.686004 0.581448 0.109433 0.406145 0.198478
0 0.311463 0.633955 0.170655 0.346548 0.191244
0 0.571081 0.675628 0.0713127 0.244711 0.188699
0 0.56469 0.603821 0.0425756 0.111215 0.175859
0 0.344346 0.633508 0.100307 0.331012 0.174449
0 0.369468 0.635274 0.132367 0.323381 0.16858
0 0.78174 0.655697 0.160537 0.36965 0.14094
0 0.704597 0.661234 0.0427759 0.248027 0.140889
0 0.847534 0.660641 0.125348 0.27778 0.121524
0 0.8438 0.591036 0.144195 0.234153 0.117566
0 0.651627 0.656505 0.0782454 0.296814 0.116953
0 0.453421 0.62828 0.0951705 0.280346 0.11424
0 0.42951 0.65299 0.0547334 0.269684 0.109314
0 0.485384 0.795478 0.0795287 0.0943845 0.105102
0 0.672867 0.772767 0.0609692 0.124215 0.0976022
0 0.828889 0.658617 0.169786 0.361521 0.0896659
0 0.707503 0.773333 0.122415 0.124495 0.0836738
0 0.471891 0.621816 0.0573423 0.256198 0.0836107
0 0.284741 0.592697 0.129095 0.431272 0.0791169
0 0.706561 0.583167 0.0633315 0.403217 0.0747167
0 0.273446 0.466538 0.0892059 0.107892 0.0650138
0 0.457537 0.800301 0.138969 0.0872326 0.0568105
0 0.707807 0.545903 0.183813 0.50526 0.0541402
0 0.71849 0.634813 0.0815134 0.307591 0.0537999
