0 0.772048 0.533809 0.139056 0.510581 0.870154
0 0.885561 0.568006 0.157357 0.562703 0.867357
0 0.229926 0.538811 0.145779 0.56035 0.857687
0 0.666888 0.528332 0.102956 0.451681 0.847489
0 0.120362 0.439481 0.114255 0.345721 0.844347
0 0.578824 0.509148 0.0973295 0.43356 0.81839
0 0.402535 0.484757 0.0974064 0.379888 0.802306
0 0.497563 0.489056 0.0909868 0.407735 0.800209
0 0.331664 0.484492 0.072758 0.357342 0.799256
0 0.962048 0.644886 0.0751941 0.477535 0.687487
0 0.191899 0.448616 0.0792011 0.350299 0.303022
0 0.910638 0.579441 0.151391 0.579475 0.0995186
0 0.272017 0.326276 0.0423926 0.0833293 0.0692478
0 0.18021 0.514121 0.0520904 0.220066 0.0538068
