0 0.877035 0.610071 0.183763 0.333141 0.910101
0 0.0661267 0.623146 0.132253 0.307983 0.90717
0 0.198124 0.571986 0.156896 0.296823 0.900246
0 0.56074 0.581752 0.201414 0.315483 0.89489
0 0.739178 0.45751 0.0751459 0.148427 0.82971
0 0.400759 0.531747 0.172343 0.238012 0.825974
0 0.847208 0.462823 0.0722429 0.166467 0.711016
0 0.621733 0.465389 0.0669844 0.139883 0.696505
0 0.340733 0.459912 0.0755703 0.122284 0.425085
0 0.857124 0.455676 0.0516747 0.152026 0.341251
0 0.482487 0.442823 0.0378889 0.090786 0.331899
0 0.170317 0.433947 0.0385928 0.0841704 0.258803
0 0.513778 0.430479 0.0280293 0.0743576 0.203454
0 0.309134 0.445917 0.0504173 0.118481 0.200139
0 0.323836 0.447313 0.0677176 0.133851 0.182689
0 0.448085 0.440751 0.0336597 0.0948361 0.176829
0 0.491434 0.50785 0.100518 0.106557 0.164037
0 0.529746 0.488621 0.0603859 0.128495 0.143599
0 0.423209 0.442085 0.0668349 0.0888049 0.125456
0 0.172119 0.424878 0.0344648 0.0658583 0.121231
0 0.760957 0.4498 0.0434111 0.112257 0.108433
0 0.983968 0.620751 0.0316692 0.20321 0.0974318
0 0.484072 0.450741 0.0458504 0.108853 0.0913446
0 0.443965 0.446761 0.0378567 0.111054 0.0875812
0 0.344658 0.453309 0.0439202 0.107244 0.0826955
0 0.490731 0.4804 0.0913995 0.166626 0.0822171
0 0.51526 0.444605 0.0354686 0.0924611 0.080486
0 0.569597 0.509426 0.0872061 0.168872 0.0784013
0 0.447518 0.427064 0.0308064 0.0884895 0.0743024
0 0.516949 0.503128 0.0466535 0.111635 0.0707586
0 0.989657 0.586555 0.019945 0.109476 0.0526894
0 0.565205 0.480237 0.053657 0.120588 0.0523701
0 0.988924 0.616237 0.0216663 0.204509 0.051681
