0 0.222636 0.728332 0.118358 0.415379 0.890885
0 0.385672 0.741995 0.101249 0.445962 0.834163
0 0.574789 0.702251 0.0698423 0.298232 0.808762
0 0.688284 0.696108 0.0803139 0.327941 0.804112
0 0.627926 0.689814 0.0502088 0.272122 0.776145
0 0.452802 0.700368 0.0551442 0.251168 0.74931
0 0.771641 0.638883 0.0444563 0.187825 0.637301
0 0.724694 0.656539 0.0501037 0.228417 0.632923
0 0.938673 0.60789 0.029401 0.12304 0.600079
0 0.808042 0.646397 0.0287564 0.140711 0.427818
0 0.861399 0.64101 0.0199318 0.0952748 0.291812
0 0.837483 0.62568 0.0351978 0.14458 0.247913
0 0.845101 0.629093 0.0406128 0.147702 0.163712
0 0.98736 0.606482 0.0247208 0.117517 0.139654
0 0.603482 0.588899 0.0276276 0.0595924 0.114685
0 0.907598 0.608066 0.0320074 0.0991815 0.11027
0 0.858194 0.643287 0.0242039 0.117619 0.108222
0 0.599851 0.58444 0.0268561 0.0567846 0.0796312
0 0.910691 0.611052 0.0245588 0.0876198 0.0777189
0 0.883988 0.621912 0.0227371 0.0928992 0.0758648
0 0.882186 0.633402 0.0250268 0.0776221 0.0752065
0 0.604446 0.612351 0.0273648 0.104126 0.0707499
0 0.416716 0.583875 0.0392866 0.115747 0.0694824
0 0.968382 0.596653 0.0170685 0.088932 0.0612285
