0 0.602889 0.751099 0.235998 0.496233 0.819851
0 0.935029 0.603652 0.12966 0.407234 0.672296
0 0.0887627 0.511165 0.0907599 0.334673 0.642133
0 0.788244 0.935929 0.278127 0.127009 0.619892
0 0.234372 0.512305 0.0858023 0.19956 0.615417
0 0.85684 0.519871 0.100267 0.353044 0.48705
0 0.603493 0.454358 0.0915449 0.162113 0.453187
0 0.38732 0.572962 0.0792691 0.0991717 0.389213
0 0.516074 0.460141 0.0977379 0.16854 0.361391
0 0.563914 0.386032 0.0472801 0.156771 0.339416
0 0.755455 0.748625 0.144492 0.344615 0.326074
0 0.315129 0.694454 0.217859 0.347301 0.293457
0 0.768393 0.649031 0.170252 0.54205 0.286271
0 0.512725 0.491235 0.104962 0.231519 0.262088
0 0.674338 0.379347 0.0543673 0.134021 0.259343
0 0.843448 0.344342 0.0512955 0.095783 0.250574
0 0.967168 0.905261 0.0647213 0.188909 0.233175
0 0.936755 0.690485 0.125399 0.593019 0.233133
0 0.85743 0.457386 0.0976175 0.223613 0.232874
0 0.337461 0.573542 0.169966 0.103091 0.194612
0 0.43883 0.571569 0.0704881 0.106492 0.189892
0 0.245675 0.721557 0.0772825 0.277295 0.172078
0 0.782876 0.488121 0.147521 0.218178 0.151454
0 0.315827 0.508978 0.0789777 0.147534 0.128188
0 0.42639 0.570919 0.0497988 0.102968 0.121702
0 0.933902 0.331109 0.0417868 0.0609672 0.110772
0 0.629169 0.376236 0.0544149 0.121987 0.105787
0 0.287153 0.720202 0.15901 0.283356 0.101897
0 0.770931 0.37237 0.0612329 0.146112 0.100355
0 0.797896 0.561039 0.142266 0.401683 0.100339
0 0.88316 0.303474 0.0316013 0.0383303 0.0905796
0 0.233484 0.64869 0.0910514 0.420385 0.0874599
0 0.866142 0.583028 0.110459 0.432698 0.0853709
0 0.00988589 0.420558 0.0196503 0.0619463 0.0843007
0 0.179939 0.393799 0.0907125 0.14973 0.079964
0 0.811106 0.325228 0.0364574 0.101434 0.0708734
0 0.477355 0.414372 0.0941196 0.152618 0.070115
0 0.76397 0.38727 0.0430307 0.103163 0.0695379
0 0.0102958 0.446319 0.0204215 0.123132 0.0676704
0 0.536003 0.363464 0.0382645 0.114998 0.0675236
0 0.308161 0.473373 0.0596054 0.0745369 0.066787
0 0.773962 0.391698 0.0610161 0.14052 0.0665348
0 0.464021 0.433215 0.0672131 0.187925 0.066321
0 0.308424 0.498444 0.0609701 0.128772 0.0611776
0 0.883806 0.316288 0.0389835 0.0629416 0.0610274
0 0.285001 0.362363 0.0446552 0.0823051 0.0554527
0 0.563627 0.369486 0.0435385 0.110787 0.0549697
0 0.34929 0.51551 0.0423823 0.132354 0.0525267
0 0.493968 0.348571 0.0608103 0.0713745 0.0511537
0 0.837263 0.556744 0.124626 0.410692 0.0508691
0 0.0874107 0.42228 0.0852676 0.153043 0.0508646
