0 0.270921 0.511586 0.307815 0.780119 0.925476
0 0.742019 0.54843 0.297697 0.795263 0.894034
0 0.0962986 0.369689 0.0959168 0.446556 0.792692
0 0.919033 0.282403 0.0795612 0.409417 0.792211
0 0.978306 0.275653 0.0428448 0.412843 0.720865
0 0.484202 0.304161 0.0870579 0.388699 0.717772
0 0.0278801 0.431243 0.0556905 0.384674 0.708743
0 0.603179 0.2979 0.0801733 0.351899 0.70518
0 0.378575 0.373502 0.0729858 0.315778 0.654046
0 0.412817 0.331462 0.0600909 0.348784 0.544836
0 0.842285 0.256144 0.0728695 0.27512 0.537806
0 0.0317709 0.223081 0.0634953 0.166038 0.432759
0 0.552009 0.294155 0.0611567 0.366894 0.394923
0 0.176322 0.354111 0.112829 0.442183 0.315027
0 0.96615 0.267776 0.0643568 0.410072 0.243905
0 0.193902 0.224925 0.0560383 0.217409 0.199535
0 0.151313 0.370123 0.0566421 0.425216 0.180598
0 0.522917 0.296584 0.0581699 0.376076 0.173267
0 0.151306 0.305971 0.0539314 0.291698 0.164132
0 0.775249 0.139307 0.0780072 0.113197 0.149367
0 0.325641 0.256612 0.0699032 0.27366 0.133499
0 0.185066 0.351491 0.076649 0.471185 0.108358
0 0.766643 0.207108 0.10527 0.252886 0.103521
0 0.549282 0.17536 0.0470331 0.121341 0.102144
0 0.351945 0.216377 0.0400359 0.135843 0.098241
0 0.330089 0.308885 0.081553 0.39038 0.0934285
0 0.13975 0.37373 0.069543 0.418816 0.085219
0 0.32008 0.237838 0.058345 0.229047 0.0808989
0 0.537011 0.301886 0.0649979 0.360813 0.0794282
0 0.0314427 0.367209 0.0628855 0.462035 0.0793699
0 0.502583 0.300929 0.0781679 0.386967 0.0776291
0 0.413955 0.233568 0.0606888 0.155088 0.0653318
0 0.966376 0.10102 0.0445415 0.107405 0.0591904
0 0.820842 0.333406 0.128188 0.429601 0.0579562
0 0.515218 0.2021 0.0399315 0.191254 0.0557845
0 0.41521 0.361288 0.0459859 0.300134 0.0544522
0 0.960584 0.109637 0.05564 0.123817 0.0525924
