0 0.403182 0.663471 0.0953922 0.471839 0.904505
0 0.294489 0.732817 0.106934 0.484529 0.883648
0 0.519815 0.562763 0.106552 0.523128 0.87544
0 0.642481 0.619454 0.125307 0.517024 0.79455
0 0.216262 0.628537 0.0559422 0.228995 0.682005
0 0.0156215 0.63637 0.0312429 0.213357 0.675037
0 0.90335 0.620027 0.0552214 0.23929 0.665001
0 0.83947 0.62275 0.0511946 0.236058 0.598473
0 0.169657 0.630218 0.0452617 0.230519 0.567451
0 0.981359 0.635785 0.0367832 0.26672 0.565833
0 0.465307 0.632298 0.0431427 0.229476 0.52439
0 0.864884 0.62142 0.0407112 0.236507 0.466452
0 0.133206 0.624023 0.0384357 0.233623 0.440284
0 0.101506 0.639836 0.0508089 0.278948 0.433598
0 0.956517 0.6193 0.0409079 0.234533 0.424745
0 0.943263 0.617617 0.0431767 0.232532 0.248631
0 0.348691 0.630225 0.0479914 0.278188 0.23634
0 0.724459 0.596474 0.0790775 0.30036 0.180934
0 0.588313 0.621159 0.0355888 0.207814 0.167902
0 0.934498 0.617579 0.0285515 0.228491 0.15186
0 0.937071 0.571446 0.0330907 0.141397 0.137928
0 0.804804 0.614656 0.0426344 0.226483 0.13626
0 0.803001 0.553319 0.0371538 0.0910544 0.135405
0 0.567443 0.597457 0.0319231 0.17182 0.129513
0 0.816243 0.617626 0.0518101 0.223084 0.124152
0 0.349439 0.536364 0.0287529 0.090333 0.118424
0 0.79589 0.61177 0.04534 0.219571 0.112461
0 0.913406 0.613324 0.0486733 0.243436 0.103893
0 0.349205 0.587884 0.0366475 0.195151 0.0988535
0 0.145758 0.628857 0.0327158 0.222045 0.0971343
0 0.987042 0.556384 0.0252202 0.111684 0.0966701
0 0.799233 0.607042 0.0330002 0.196899 0.0926156
0 0.339039 0.631936 0.0340398 0.270885 0.0898612
0 0.348485 0.548404 0.0323589 0.115192 0.0897922
0 0.953623 0.653063 0.0326283 0.164363 0.0880727
0 0.110004 0.649633 0.096404 0.301221 0.0864301
0 0.832607 0.558001 0.0366415 0.103543 0.0802281
0 0.985664 0.537284 0.0280353 0.0772361 0.070661
0 0.0418082 0.589095 0.0352767 0.127663 0.0693319
0 0.574684 0.617614 0.0460131 0.202316 0.0672011
0 0.863353 0.564586 0.0362396 0.123023 0.0670328
0 0.939375 0.531736 0.0324568 0.0550731 0.0651968
0 0.75392 0.634585 0.0306214 0.179512 0.0632357
0 0.750758 0.626905 0.0347181 0.218999 0.058031
0 0.89602 0.609753 0.0394112 0.208035 0.0575476
0 0.859589 0.558407 0.0292753 0.103649 0.05411
0 0.150789 0.618352 0.0208128 0.196846 0.0530588
0 0.968437 0.601963 0.0442779 0.196056 0.0520075
