0 0.530249 0.454974 0.375028 0.897935 0.896736
0 0.182221 0.506291 0.215951 0.654796 0.858224
0 0.960809 0.431971 0.0782047 0.546433 0.837732
0 0.8757 0.340248 0.111517 0.544118 0.834271
0 0.366285 0.457846 0.175729 0.720117 0.823844
0 0.250025 0.239489 0.0931033 0.243293 0.738247
0 0.782936 0.397175 0.0900036 0.47945 0.683419
0 0.11899 0.272039 0.111875 0.381219 0.611436
0 0.712128 0.385002 0.0907488 0.596062 0.567438
0 0.496159 0.17962 0.0497618 0.0878748 0.484194
0 0.497591 0.325636 0.0488343 0.384695 0.407999
0 0.25854 0.410757 0.0985007 0.579304 0.379187
0 0.430696 0.179614 0.0581425 0.128031 0.212749
0 0.0690522 0.22928 0.0327184 0.0908466 0.179387
0 0.772791 0.394589 0.0591667 0.478191 0.159618
0 0.284233 0.587649 0.0600556 0.169673 0.136944
0 0.250976 0.33512 0.0931363 0.436519 0.121393
0 0.496086 0.224692 0.0489529 0.176643 0.121216
0 0.120646 0.416773 0.11067 0.671426 0.11833
0 0.709357 0.13858 0.0542459 0.112252 0.104058
0 0.285746 0.492658 0.0613766 0.363249 0.0835665
0 0.433953 0.24159 0.0678764 0.240968 0.0814417
0 0.736079 0.402035 0.0552822 0.480608 0.0780111
0 0.516848 0.343013 0.070583 0.406711 0.0773435
0 0.533262 0.164753 0.0229961 0.0352479 0.0708995
0 0.303444 0.328309 0.198472 0.41999 0.0707843
0 0.0688063 0.261696 0.03233 0.167558 0.0684938
0 0.524538 0.316034 0.049625 0.340417 0.0641457
0 0.457736 0.253963 0.0384438 0.245093 0.0637566
0 0.798675 0.391078 0.0582561 0.472132 0.0623102
0 0.421183 0.179062 0.0357026 0.12551 0.0618402
0 0.76945 0.385299 0.0422539 0.45146 0.0586149
0 0.495327 0.273577 0.049968 0.279726 0.0571528
0 0.530837 0.17024 0.0260151 0.0419414 0.0566557
0 0.711826 0.159575 0.0533893 0.155966 0.0556357
0 0.993343 0.141995 0.0125461 0.0810001 0.0547149
0 0.75796 0.223399 0.0365468 0.100386 0.0542683
