0 0.210789 0.625979 0.216321 0.679057 0.9086
0 0.705866 0.581586 0.111902 0.545118 0.906313
0 0.932044 0.614556 0.0932362 0.581525 0.849082
0 0.275198 0.59187 0.0650495 0.251643 0.831303
0 0.545031 0.576863 0.0620127 0.217332 0.809428
0 0.362638 0.523318 0.100565 0.413642 0.792053
0 0.601553 0.573168 0.0581165 0.219971 0.76709
0 0.456749 0.473454 0.119448 0.310862 0.722721
0 0.0783756 0.616696 0.0762163 0.237283 0.506961
0 0.0473081 0.618859 0.0524855 0.214906 0.354605
0 0.0604274 0.621838 0.0775114 0.221288 0.345503
0 0.0854983 0.610017 0.0557352 0.233286 0.299043
0 0.0447074 0.579371 0.0475294 0.135364 0.100773
0 0.775815 0.55393 0.0586476 0.188618 0.0717983
0 0.0844881 0.561004 0.0462956 0.130557 0.0549724
0 0.783101 0.522374 0.0426727 0.125478 0.0530867
