0 0.234776 0.272512 0.227022 0.3292 0.902326
0 0.566597 0.305893 0.220393 0.359661 0.894002
0 0.0962611 0.52348 0.192522 0.712238 0.833137
0 0.925552 0.534373 0.148895 0.697934 0.776079
0 0.897881 0.261807 0.103069 0.245926 0.707981
0 0.12936 0.184761 0.0472946 0.132351 0.549178
0 0.0546088 0.191486 0.0485965 0.122467 0.485288
0 0.452324 0.256122 0.095511 0.298669 0.472233
0 0.72572 0.224134 0.100049 0.180608 0.432468
0 0.660579 0.226133 0.0609085 0.18592 0.420555
0 0.395929 0.208459 0.0491921 0.127111 0.371156
0 0.0978932 0.17754 0.0362958 0.109628 0.294949
0 0.807213 0.171916 0.0666315 0.0661582 0.260095
0 0.451385 0.277367 0.077488 0.240224 0.230567
0 0.518267 0.199934 0.0567874 0.14572 0.182109
0 0.180121 0.15787 0.0431181 0.0729036 0.175302
0 0.0925155 0.181855 0.0346338 0.114064 0.169748
0 0.520989 0.183998 0.0500937 0.110081 0.155886
0 0.361096 0.223382 0.034907 0.0987232 0.147568
0 0.73937 0.178542 0.0791127 0.0899097 0.13054
0 0.329916 0.185244 0.0469313 0.107449 0.117694
0 0.609946 0.158947 0.0494982 0.0777221 0.0990377
0 0.0865119 0.180459 0.0332662 0.110756 0.098097
0 0.470659 0.280296 0.0938691 0.267175 0.0930367
0 0.838405 0.164345 0.0335301 0.0404842 0.0885927
0 0.864621 0.164341 0.0261462 0.0370477 0.081067
0 0.403889 0.206294 0.0465092 0.131532 0.0761915
0 0.44948 0.180131 0.0980642 0.146547 0.0623465
0 0.981722 0.727518 0.0365556 0.363314 0.0615779
0 0.514978 0.253636 0.0620315 0.255614 0.0516361
0 0.0215458 0.226817 0.0400576 0.122327 0.050889
0 0.832653 0.169808 0.032334 0.0452037 0.0500703
