0 0.816059 0.695918 0.245709 0.57672 0.867456
0 0.668565 0.64895 0.0990894 0.453484 0.778148
0 0.545274 0.611678 0.0742743 0.363303 0.73098
0 0.929541 0.657662 0.127024 0.585757 0.689278
0 0.422996 0.583953 0.0598119 0.298931 0.617582
0 0.608818 0.624404 0.072378 0.410629 0.604191
0 0.981788 0.670192 0.0358921 0.429714 0.531677
0 0.477605 0.606539 0.0751736 0.309151 0.509479
0 0.0151777 0.511743 0.0303554 0.159573 0.475744
0 0.149359 0.511413 0.0283506 0.161563 0.386323
0 0.344464 0.560172 0.0561881 0.242921 0.358914
0 0.383996 0.589082 0.0409272 0.256999 0.353338
0 0.182211 0.52366 0.0411308 0.173048 0.3223
0 0.304937 0.54801 0.0341747 0.222167 0.297585
0 0.253584 0.536629 0.0380622 0.199978 0.296142
0 0.740976 0.469208 0.0458551 0.101098 0.236752
0 0.880881 0.655728 0.118356 0.575189 0.220778
0 0.328882 0.551018 0.0336127 0.223261 0.190582
0 0.219895 0.526497 0.0425847 0.172989 0.18852
0 0.261078 0.535409 0.0388358 0.204888 0.181243
0 0.335006 0.558346 0.0434973 0.240464 0.176953
0 0.742789 0.559551 0.0815985 0.285624 0.169538
0 0.85825 0.448543 0.0714645 0.158405 0.137125
0 0.108719 0.493499 0.0260351 0.131988 0.135952
0 0.170795 0.518372 0.0281109 0.166068 0.134954
0 0.740708 0.645592 0.0956499 0.464296 0.12007
0 0.227911 0.528309 0.0321532 0.181641 0.117726
0 0.210352 0.525302 0.0333431 0.174279 0.116263
0 0.298178 0.543128 0.0357752 0.217167 0.102654
0 0.128964 0.498591 0.021909 0.137733 0.0998583
0 0.86129 0.474614 0.0773954 0.212368 0.0922462
0 0.0317007 0.500519 0.021906 0.113977 0.0922255
0 0.872702 0.517455 0.10102 0.299886 0.0888977
0 0.35421 0.563211 0.042679 0.239868 0.0873437
0 0.609941 0.476882 0.0481008 0.115848 0.084608
0 0.117101 0.495563 0.0231099 0.135617 0.0807629
0 0.154671 0.514547 0.0281527 0.163153 0.0772344
0 0.282815 0.542242 0.0393627 0.207089 0.0718778
0 0.103712 0.492097 0.0224882 0.129311 0.0716496
0 0.640969 0.47517 0.0319781 0.0729717 0.0691809
0 0.159301 0.515276 0.0223153 0.163156 0.068632
0 0.139319 0.508198 0.0224412 0.148517 0.0685895
0 0.098425 0.488095 0.0193386 0.117145 0.0656442
0 0.71154 0.484945 0.029884 0.079408 0.0626876
0 0.233516 0.530761 0.02695 0.186765 0.0570293
0 0.112494 0.49729 0.0233489 0.131462 0.0570252
0 0.98514 0.567674 0.0289871 0.205618 0.0549855
0 0.0931468 0.487896 0.0211671 0.112763 0.054531
