0 0.249096 0.687442 0.0564594 0.20381 0.833255
0 0.4306 0.686604 0.0828918 0.176729 0.647669
0 0.925073 0.675882 0.0278881 0.109908 0.606332
0 0.319796 0.66201 0.0325357 0.101273 0.580331
0 0.896079 0.678022 0.0340648 0.110302 0.511686
0 0.852408 0.676304 0.0296757 0.151687 0.509267
0 0.791281 0.677049 0.0307106 0.127818 0.450328
0 0.378057 0.670869 0.0264781 0.106019 0.382687
0 0.83436 0.67943 0.0225437 0.139719 0.356954
0 0.815531 0.678115 0.0253422 0.128495 0.351708
0 0.839924 0.678782 0.0287506 0.146972 0.292605
0 0.347029 0.658796 0.0231753 0.0741034 0.150937
0 0.19512 0.676334 0.0306755 0.110179 0.148909
0 0.960948 0.68042 0.0363109 0.0635118 0.127255
0 0.957015 0.686159 0.0447101 0.0817332 0.123122
0 0.786864 0.646202 0.020373 0.0674074 0.118992
0 0.815311 0.642516 0.0202204 0.0590284 0.116508
0 0.943713 0.660754 0.0204975 0.0572419 0.111677
0 0.889219 0.677868 0.0299599 0.110055 0.110009
0 0.376237 0.670268 0.0517777 0.110529 0.105613
0 0.440594 0.702403 0.0597881 0.150288 0.102489
0 0.92036 0.67838 0.0275741 0.10897 0.0986216
0 0.95051 0.680515 0.0367424 0.0936158 0.094715
0 0.943866 0.649174 0.0169762 0.0359667 0.0880773
0 0.388865 0.672378 0.0433067 0.104699 0.0821024
0 0.929567 0.680916 0.031404 0.100419 0.0819596
0 0.943888 0.680288 0.0237915 0.0948986 0.0804968
0 0.81228 0.66342 0.0242481 0.097093 0.071527
0 0.963073 0.672463 0.0332817 0.0606359 0.0673335
0 0.539849 0.678076 0.0484504 0.158375 0.0671838
0 0.786384 0.663275 0.0202856 0.101048 0.0671756
0 0.539036 0.705745 0.0428167 0.103766 0.0630014
