0 0.489983 0.67898 0.0761442 0.393643 0.776281
0 0.608127 0.610858 0.0491476 0.238788 0.762717
0 0.202758 0.636515 0.0514952 0.29812 0.751946
0 0.847453 0.624061 0.0425865 0.147527 0.741336
0 0.683295 0.645414 0.0555311 0.362029 0.717118
0 0.350017 0.622225 0.0473355 0.27859 0.708262
0 0.304759 0.60702 0.0455692 0.221819 0.704544
0 0.412429 0.604851 0.0376318 0.193562 0.60648
0 0.792121 0.549909 0.0292858 0.134659 0.584733
0 0.164225 0.599023 0.0517781 0.246242 0.5634
0 0.270566 0.590701 0.03219 0.192595 0.559557
0 0.765303 0.542293 0.0203327 0.110637 0.529369
0 0.739686 0.555864 0.0273538 0.137728 0.483185
0 0.437722 0.577304 0.0223341 0.151355 0.362214
0 0.378572 0.595429 0.0301832 0.174477 0.345368
0 0.574818 0.559914 0.0249815 0.12713 0.30196
0 0.138195 0.584702 0.022078 0.153066 0.252694
0 0.250175 0.587802 0.0261469 0.170685 0.251561
0 0.232784 0.579477 0.0209325 0.148208 0.219164
0 0.140301 0.592247 0.0241948 0.207459 0.208829
0 0.237695 0.583601 0.0282522 0.152471 0.180128
0 0.787182 0.547814 0.0286423 0.122872 0.109375
0 0.384391 0.595372 0.02752 0.192723 0.101363
0 0.326791 0.56343 0.0202955 0.148816 0.0985009
0 0.738227 0.526924 0.0254538 0.0775622 0.0912722
0 0.373034 0.519459 0.0167164 0.0444315 0.0825031
0 0.392202 0.523643 0.0190743 0.0536603 0.0763355
0 0.389004 0.591558 0.023238 0.180191 0.0741293
0 0.644616 0.523107 0.029089 0.0890748 0.0722307
0 0.39209 0.54186 0.01969 0.0831637 0.0675152
0 0.499727 0.493639 0.0292911 0.0914952 0.0612156
0 0.324058 0.591171 0.0180248 0.195296 0.0609877
0 0.374491 0.546831 0.0221342 0.0948292 0.0589819
0 0.435065 0.525945 0.0168352 0.0772689 0.0564981
0 0.544003 0.535911 0.0236106 0.0960415 0.0541213
0 0.391717 0.558611 0.0192378 0.110629 0.0536529
