0 0.796483 0.725978 0.177169 0.533306 0.870909
0 0.91823 0.769031 0.162721 0.449084 0.866032
0 0.506505 0.758637 0.212082 0.469174 0.837548
0 0.686561 0.719657 0.0949526 0.547631 0.694516
0 0.610863 0.716987 0.10916 0.550648 0.67303
0 0.246461 0.848484 0.164902 0.295361 0.463533
0 0.546077 0.552849 0.0583764 0.266292 0.43063
0 0.870169 0.523882 0.0547716 0.222105 0.421022
0 0.420619 0.510691 0.0412931 0.227748 0.352573
0 0.117222 0.290183 0.081169 0.543743 0.351456
0 0.0464659 0.447242 0.0929319 0.868017 0.339166
0 0.368143 0.469221 0.0419668 0.179846 0.336846
0 0.447301 0.518125 0.049445 0.231386 0.329717
0 0.282059 0.8468 0.237082 0.292359 0.295747
0 0.777145 0.504837 0.0510967 0.19146 0.257976
0 0.372078 0.604959 0.0844482 0.186542 0.193864
0 0.49761 0.573717 0.0873083 0.214028 0.189604
0 0.738585 0.523768 0.04156 0.186428 0.167962
0 0.119678 0.37334 0.0682647 0.359908 0.162222
0 0.0889725 0.334934 0.173964 0.660964 0.156734
0 0.395815 0.477974 0.0282681 0.177787 0.156348
0 0.964678 0.519533 0.0697711 0.138032 0.148586
0 0.949805 0.57288 0.0998795 0.242241 0.132983
0 0.883788 0.526738 0.0839264 0.231929 0.130592
0 0.158863 0.370581 0.308686 0.741163 0.115819
0 0.0479339 0.314101 0.0937535 0.541095 0.112298
0 0.506281 0.442787 0.0308571 0.103263 0.111174
0 0.358854 0.467234 0.0606983 0.184404 0.107461
0 0.359372 0.584557 0.0694079 0.140747 0.107417
0 0.449226 0.483087 0.0438478 0.158257 0.105465
0 0.350104 0.598748 0.0848408 0.163622 0.10145
0 0.62244 0.793683 0.0834348 0.408301 0.100371
0 0.964825 0.72291 0.0699585 0.54895 0.0999628
0 0.972528 0.501991 0.0542187 0.0975695 0.0828024
0 0.03147 0.921583 0.0625403 0.148382 0.0769049
0 0.0250324 0.358424 0.0498568 0.483395 0.0755229
0 0.979078 0.498609 0.0414299 0.0895502 0.0754731
0 0.481889 0.445222 0.0208805 0.0576736 0.0753959
0 0.979581 0.0994086 0.039284 0.115408 0.0738539
0 0.365729 0.563048 0.0605577 0.0980315 0.0721903
0 0.986638 0.786012 0.0263439 0.416804 0.0676849
0 0.9642 0.588736 0.0712184 0.274721 0.0609189
0 0.428491 0.523602 0.0378139 0.24622 0.0512398
