0 0.422472 0.647009 0.136638 0.312379 0.884468
0 0.131277 0.565307 0.0420732 0.0771536 0.708323
0 0.611656 0.549693 0.0197325 0.0396936 0.589298
0 0.101015 0.555601 0.0217054 0.0503295 0.566926
0 0.250561 0.560604 0.0281831 0.065843 0.454923
0 0.216787 0.553543 0.0203354 0.040219 0.443804
0 0.29866 0.563014 0.0400122 0.0657059 0.400135
0 0.307095 0.564218 0.0362438 0.0637396 0.369607
0 0.638964 0.551599 0.023684 0.0530529 0.351899
0 0.515751 0.551457 0.0185615 0.0324525 0.325526
0 0.289029 0.557897 0.0258865 0.0589494 0.279282
0 0.19274 0.551801 0.0218587 0.0383639 0.261233
0 0.291976 0.562568 0.0284775 0.0643572 0.258567
0 0.342246 0.555357 0.0375642 0.059947 0.25045
0 0.658273 0.554008 0.0214826 0.0494692 0.222055
0 0.577738 0.547175 0.0126841 0.0326162 0.205327
0 0.577584 0.550663 0.0160569 0.0407844 0.160647
0 0.651222 0.552318 0.025544 0.0530517 0.147643
0 0.212445 0.55263 0.0211929 0.0414927 0.136105
0 0.197922 0.552677 0.0200835 0.0423627 0.133217
0 0.634369 0.552864 0.0225191 0.044955 0.129489
0 0.622174 0.55096 0.0150706 0.0461547 0.128048
0 0.581313 0.545413 0.0148209 0.0325961 0.103473
0 0.575011 0.540691 0.0109183 0.0319644 0.102428
0 0.33141 0.556403 0.0246431 0.0602535 0.0925724
0 0.104813 0.558903 0.0189043 0.0515875 0.0925602
0 0.25307 0.551846 0.0237365 0.0561138 0.0891826
0 0.111206 0.556975 0.0186332 0.0602926 0.0881255
0 0.206303 0.552599 0.0158751 0.0407213 0.0825572
0 0.0970651 0.554335 0.024431 0.0487154 0.0734073
0 0.582044 0.549628 0.0189115 0.0420168 0.0717974
0 0.327037 0.562809 0.0253597 0.0614422 0.065524
0 0.345323 0.561074 0.0271784 0.0561953 0.0629484
0 0.107892 0.550531 0.0210355 0.0468882 0.0620615
0 0.196117 0.549373 0.0280089 0.0438669 0.0620612
0 0.725543 0.541765 0.0170571 0.0247818 0.0501098
