0 0.686181 0.627013 0.118227 0.318279 0.879104
0 0.779734 0.61157 0.101922 0.310245 0.725365
0 0.398629 0.593213 0.0485614 0.224796 0.693059
0 0.858393 0.593927 0.0660839 0.229892 0.690601
0 0.292481 0.653641 0.0867516 0.349293 0.68755
0 0.458094 0.631415 0.0906016 0.3768 0.665793
0 0.205306 0.628471 0.0582668 0.298583 0.6093
0 0.562421 0.559562 0.0335392 0.145233 0.577436
0 0.162251 0.615368 0.0573886 0.252064 0.524867
0 0.240768 0.60015 0.0367029 0.185508 0.515652
0 0.624337 0.553921 0.0475519 0.165111 0.477858
0 0.824514 0.584106 0.0493099 0.24684 0.291544
0 0.224476 0.640197 0.0621427 0.285627 0.250993
0 0.61899 0.554434 0.032663 0.163633 0.236401
0 0.719516 0.559646 0.0967534 0.342853 0.23164
0 0.444681 0.543291 0.0551065 0.190196 0.222676
0 0.339356 0.551995 0.0360945 0.133109 0.193814
0 0.34397 0.569262 0.0507299 0.169238 0.164744
0 0.719396 0.49006 0.0971151 0.203326 0.141616
0 0.83376 0.584032 0.0317833 0.251171 0.137249
0 0.835265 0.49717 0.0252811 0.0855979 0.118261
0 0.472481 0.53722 0.0253282 0.0959601 0.11481
0 0.475965 0.555506 0.0414213 0.159913 0.112134
0 0.117472 0.526294 0.0469386 0.167821 0.0928689
0 0.468839 0.555618 0.0373259 0.155792 0.0888892
0 0.843069 0.596343 0.075606 0.237644 0.0825338
0 0.846812 0.589179 0.0522053 0.246455 0.0659284
0 0.17492 0.62184 0.0514568 0.253545 0.0655551
0 0.160186 0.60497 0.0474241 0.195486 0.0608704
0 0.593285 0.52973 0.0412042 0.110577 0.0540569
