0 0.146945 0.291242 0.0388198 0.129035 0.817977
0 0.805563 0.257182 0.0850796 0.290921 0.808654
0 0.466293 0.243698 0.0393166 0.171712 0.738972
0 0.0184882 0.273012 0.0369763 0.184706 0.724534
0 0.379186 0.25606 0.0331684 0.13009 0.71359
0 0.0547905 0.293202 0.0343469 0.113163 0.687055
0 0.53371 0.25279 0.0354149 0.156587 0.575063
0 0.442346 0.249477 0.0248295 0.152168 0.562415
0 0.0863522 0.274471 0.0192274 0.0642374 0.486649
0 0.17646 0.263981 0.0284015 0.103943 0.333754
0 0.29605 0.22387 0.0297671 0.0930806 0.284285
0 0.0230378 0.295701 0.0323605 0.126744 0.18575
0 0.233979 0.269163 0.0325078 0.0730328 0.123514
0 0.230848 0.260063 0.0392441 0.0962547 0.106271
0 0.233184 0.283819 0.0355277 0.0902396 0.105186
0 0.526996 0.248691 0.0287603 0.148698 0.105049
0 0.1186 0.267493 0.0235262 0.0756828 0.104076
0 0.231932 0.233605 0.0221373 0.0454443 0.070488
0 0.294291 0.234605 0.0390162 0.120535 0.0647442
0 0.215767 0.230964 0.0142082 0.0405957 0.0622124
0 0.219113 0.257044 0.0295602 0.0937319 0.0574099
0 0.220552 0.260111 0.0407254 0.0966732 0.0568241
0 0.527347 0.249938 0.0407068 0.155607 0.0563349
0 0.209198 0.263212 0.0289951 0.0965431 0.0559332
0 0.234208 0.274021 0.0325498 0.0511374 0.0521535
