0 0.0345647 0.592107 0.0691294 0.327041 0.866847
0 0.409126 0.571298 0.082561 0.212835 0.846194
0 0.813902 0.546946 0.0549355 0.215398 0.747699
0 0.582807 0.556069 0.0619265 0.229665 0.726805
0 0.471271 0.498582 0.02433 0.0998401 0.717
0 0.286769 0.495432 0.0273965 0.141824 0.708118
0 0.171016 0.494498 0.0343175 0.152503 0.691581
0 0.127611 0.499504 0.0413799 0.18519 0.644041
0 0.108205 0.511065 0.0296478 0.15492 0.591543
0 0.957322 0.494164 0.0266495 0.116613 0.533009
0 0.51765 0.488239 0.0238369 0.101474 0.486284
0 0.655313 0.494651 0.0203247 0.0820807 0.453285
0 0.673316 0.494343 0.0195033 0.0792974 0.425782
0 0.551845 0.490743 0.0270607 0.110172 0.423018
0 0.730338 0.499504 0.0208377 0.0758244 0.380403
0 0.631707 0.49081 0.0219219 0.0882917 0.38033
0 0.494607 0.487764 0.0233841 0.0958113 0.374344
0 0.85797 0.49032 0.0235195 0.0908661 0.350204
0 0.991096 0.495651 0.0169985 0.0789431 0.341419
0 0.432837 0.491266 0.0358702 0.123911 0.293839
0 0.747238 0.492964 0.0219355 0.0885819 0.244311
0 0.92985 0.495868 0.0249819 0.0894092 0.214977
0 0.760365 0.49164 0.0212853 0.0896887 0.207254
0 0.884561 0.494839 0.0246662 0.0884906 0.183714
0 0.895054 0.496503 0.0185196 0.0852601 0.179382
0 0.90993 0.494838 0.0273733 0.0866259 0.161752
0 0.735238 0.49813 0.0202602 0.0805672 0.152544
0 0.888824 0.493095 0.0228912 0.0955595 0.151165
0 0.431747 0.479252 0.0295607 0.102101 0.147402
0 0.834302 0.487729 0.020557 0.0698958 0.138299
0 0.612097 0.49398 0.0239359 0.09666 0.128851
0 0.764807 0.493761 0.020649 0.0858323 0.122237
0 0.879858 0.494806 0.0215378 0.0915105 0.114919
0 0.91892 0.496149 0.025211 0.0863689 0.111709
0 0.874373 0.493234 0.017753 0.0885306 0.105542
0 0.784651 0.495174 0.0248322 0.087103 0.105294
0 0.834144 0.475963 0.019823 0.0448543 0.102589
0 0.940398 0.498533 0.0167951 0.0921901 0.101236
0 0.838408 0.493506 0.0199843 0.0836771 0.0991265
0 0.754926 0.491286 0.0254855 0.091629 0.0927364
0 0.417589 0.465462 0.023148 0.0801872 0.0887418
0 0.84821 0.495664 0.0180143 0.0830744 0.087284
0 0.923597 0.494614 0.0198088 0.0895347 0.0857302
0 0.725189 0.500743 0.0169138 0.0707934 0.0821378
0 0.612747 0.49212 0.0172226 0.0940325 0.0677757
0 0.838672 0.477137 0.0173889 0.0493727 0.0671145
0 0.353755 0.488751 0.0198996 0.0306342 0.0658518
0 0.343316 0.490256 0.0287576 0.0369307 0.06536
0 0.834157 0.495287 0.0229776 0.0912231 0.0650281
0 0.426495 0.473245 0.034605 0.0970652 0.0648283
0 0.415421 0.458693 0.0185096 0.0672519 0.0627829
0 0.522296 0.487756 0.0251496 0.0994003 0.0595551
0 0.865933 0.493789 0.0228111 0.0886402 0.0570411
