0 0.647177 0.448337 0.203042 0.649929 0.876972
0 0.304094 0.529639 0.374963 0.910574 0.857986
0 0.546634 0.378276 0.0903068 0.308495 0.681714
0 0.720554 0.315957 0.0550943 0.201494 0.556165
0 0.193006 0.362464 0.127751 0.279502 0.514677
0 0.477912 0.321119 0.0388981 0.196005 0.46156
0 0.028513 0.309636 0.0569891 0.220185 0.444747
0 0.520241 0.311657 0.0388674 0.185434 0.400832
0 0.0948646 0.278377 0.0294012 0.125776 0.397767
0 0.4367 0.328436 0.0442547 0.177485 0.387773
0 0.792008 0.282213 0.058565 0.142004 0.373877
0 0.398618 0.322707 0.033339 0.197143 0.368005
0 0.239073 0.377601 0.0551837 0.269829 0.31473
0 0.0269409 0.270669 0.0538819 0.138486 0.29396
0 0.156572 0.34652 0.0471241 0.230438 0.272386
0 0.206499 0.361696 0.0797436 0.270807 0.258211
0 0.0457953 0.278371 0.0306936 0.124237 0.195697
0 0.756434 0.275061 0.0295475 0.134427 0.187654
0 0.133632 0.334197 0.026873 0.215746 0.181035
0 0.096562 0.263104 0.0306575 0.0962216 0.153114
0 0.0197852 0.264017 0.0395558 0.126937 0.149463
0 0.499585 0.307936 0.0252849 0.168768 0.12587
0 0.828018 0.238927 0.0206434 0.0713727 0.108647
0 0.47676 0.34845 0.0312161 0.141598 0.0985808
0 0.140326 0.338595 0.0354862 0.224531 0.0930733
0 0.0471768 0.257788 0.0282426 0.083539 0.0882693
0 0.801084 0.283252 0.0458496 0.140501 0.086397
0 0.375213 0.0841387 0.0276653 0.0446517 0.0861589
0 0.77202 0.27933 0.0437431 0.131812 0.0859883
0 0.782871 0.279319 0.0366824 0.124622 0.08186
0 0.550783 0.313283 0.0494204 0.187625 0.0803853
0 0.374899 0.091848 0.0298895 0.0597892 0.0728563
0 0.131163 0.355199 0.0383805 0.153892 0.071181
0 0.988202 0.258028 0.0229555 0.124667 0.0706627
0 0.549959 0.246399 0.0312351 0.0745684 0.0693981
0 0.829874 0.249189 0.0243217 0.0910877 0.0676279
0 0.834294 0.244175 0.0215801 0.0830783 0.0674
0 0.810619 0.251747 0.0242455 0.0722722 0.0606531
0 0.124139 0.355319 0.0508069 0.160215 0.0580007
0 0.763325 0.278721 0.0310429 0.137235 0.0568774
0 0.0146004 0.258207 0.0290744 0.111867 0.0540337
0 0.448623 0.335498 0.0316456 0.162919 0.0512449
