0 0.927273 0.624824 0.121531 0.292392 0.545108
0 0.717884 0.588452 0.108492 0.226331 0.410748
0 0.465265 0.573823 0.103559 0.228317 0.264543
0 0.593783 0.585503 0.0788975 0.210378 0.260518
0 0.327743 0.575578 0.101459 0.257143 0.248455
0 0.981636 0.613501 0.0361859 0.242573 0.21442
0 0.247718 0.581707 0.0817821 0.219473 0.173396
0 0.460464 0.451122 0.0739727 0.165946 0.171208
0 0.0793472 0.603065 0.089624 0.23924 0.163819
0 0.836016 0.581896 0.0833992 0.225319 0.163648
0 0.764368 0.515481 0.0632472 0.124981 0.151059
0 0.0297874 0.611897 0.0595749 0.241104 0.150746
0 0.835508 0.530597 0.0788311 0.121463 0.136287
0 0.152202 0.453661 0.0580473 0.160353 0.103257
0 0.526364 0.578757 0.0692579 0.202995 0.100732
0 0.335748 0.444362 0.0716712 0.154067 0.0981561
0 0.0218874 0.399816 0.0437749 0.189232 0.0968481
0 0.69339 0.468686 0.0488264 0.120936 0.0871425
0 0.611659 0.478875 0.0486847 0.119355 0.0857699
0 0.101467 0.498236 0.0542896 0.153374 0.0853332
0 0.981737 0.576566 0.0356636 0.165337 0.0808929
0 0.196083 0.517175 0.0506882 0.16491 0.0762794
0 0.882445 0.491231 0.0516682 0.131426 0.0753572
0 0.265031 0.471342 0.0576747 0.134869 0.0741581
0 0.541379 0.475352 0.0586349 0.126643 0.0739275
0 0.656651 0.538165 0.067384 0.163893 0.0723126
0 0.156698 0.548878 0.076221 0.159923 0.0713617
0 0.601322 0.475067 0.0616798 0.113981 0.0697899
0 0.739645 0.432724 0.052921 0.138516 0.0675092
0 0.0234564 0.640541 0.0468447 0.300907 0.0659718
0 0.578296 0.420717 0.0428032 0.12054 0.0591764
0 0.040173 0.63657 0.0802601 0.287004 0.0505215
0 0.25311 0.541436 0.0658424 0.143407 0.0502254
