0 0.0802415 0.668462 0.126955 0.551891 0.896741
0 0.93914 0.622731 0.119556 0.525306 0.881037
0 0.469201 0.630241 0.15026 0.507671 0.846732
0 0.560711 0.617024 0.0952362 0.504449 0.832047
0 0.369433 0.638161 0.102322 0.471244 0.812963
0 0.699695 0.595845 0.0494904 0.241143 0.654698
0 0.170677 0.585335 0.075398 0.308 0.617032
0 0.620068 0.561208 0.0438339 0.275531 0.597146
0 0.740292 0.574526 0.0547095 0.330713 0.572422
0 0.654494 0.582575 0.0531237 0.248949 0.567113
0 0.80436 0.600918 0.0927555 0.43441 0.5653
0 0.0204486 0.617587 0.0408095 0.396992 0.36171
0 0.246906 0.574621 0.0750739 0.237981 0.224604
0 0.83145 0.588177 0.0506215 0.37342 0.151381
0 0.292607 0.56843 0.0477045 0.22365 0.129587
0 0.720351 0.491316 0.0350943 0.117099 0.116493
0 0.209919 0.490113 0.0306041 0.0925176 0.107864
0 0.015144 0.651836 0.0302021 0.310873 0.104569
0 0.213468 0.483007 0.0319889 0.0793183 0.0948362
0 0.837828 0.586934 0.0390453 0.342603 0.0925318
0 0.236676 0.537216 0.0650008 0.163325 0.0790396
0 0.0204511 0.512061 0.0407566 0.184427 0.0742828
0 0.20638 0.520854 0.0338748 0.147916 0.0666564
0 0.712565 0.484942 0.0491978 0.121819 0.064695
0 0.875212 0.5967 0.0579201 0.321725 0.0617429
0 0.0134024 0.561228 0.0266435 0.25833 0.0554259
0 0.748043 0.490654 0.055384 0.171111 0.0512023
0 0.865022 0.585709 0.0407248 0.298176 0.05048
