0 0.780541 0.59885 0.0453306 0.231928 0.68312
0 0.370191 0.595183 0.0320244 0.149295 0.630695
0 0.700913 0.591383 0.0319101 0.158465 0.554475
0 0.215663 0.595229 0.0491006 0.206484 0.503143
0 0.336493 0.593504 0.03172 0.150793 0.470842
0 0.546334 0.599607 0.0264265 0.147199 0.446282
0 0.66453 0.592556 0.0307552 0.157232 0.436429
0 0.627698 0.601681 0.027411 0.141291 0.430947
0 0.150671 0.586418 0.0398742 0.164931 0.428476
0 0.403285 0.593452 0.0310965 0.153637 0.38983
0 0.732126 0.59403 0.0302292 0.150762 0.351955
0 0.466776 0.597171 0.0311144 0.157208 0.325657
0 0.436396 0.594438 0.0341864 0.154756 0.320592
0 0.504111 0.602193 0.0373167 0.138962 0.309441
0 0.263074 0.588716 0.029699 0.157792 0.29631
0 0.287133 0.592146 0.0231099 0.130466 0.274149
0 0.57713 0.590195 0.0214493 0.137073 0.258483
0 0.607652 0.597115 0.0215309 0.134651 0.23876
0 0.313399 0.595016 0.0209323 0.134224 0.168524
0 0.533729 0.598989 0.0262952 0.144181 0.167623
0 0.656426 0.59388 0.0251512 0.151574 0.156408
0 0.221852 0.60203 0.0386967 0.185469 0.138525
0 0.736786 0.590873 0.02285 0.161852 0.133374
0 0.193163 0.586725 0.0271963 0.158332 0.118096
0 0.774681 0.593083 0.0342304 0.213791 0.105084
0 0.311357 0.590099 0.0279238 0.145254 0.0995651
0 0.177672 0.589536 0.0268184 0.153818 0.0984915
0 0.510972 0.600303 0.0253673 0.12248 0.0895389
0 0.492391 0.595383 0.0243919 0.142368 0.0809289
0 0.249848 0.588367 0.0300792 0.163545 0.0717086
0 0.1848 0.584491 0.0316889 0.16485 0.064259
0 0.530796 0.597286 0.0216598 0.115823 0.0620419
0 0.646176 0.597494 0.0210325 0.144491 0.0610525
0 0.196153 0.598501 0.0264129 0.161224 0.05803
0 0.61443 0.599101 0.0247015 0.137558 0.0566215
0 0.461077 0.595966 0.0283519 0.154368 0.0527036
0 0.207413 0.599891 0.0360813 0.1937 0.0520709
