0 0.446195 0.516632 0.232067 0.935276 0.911257
0 0.641578 0.563227 0.214994 0.852186 0.902991
0 0.167671 0.391523 0.0682591 0.342552 0.657427
0 0.927551 0.736818 0.143247 0.515398 0.517636
0 0.852226 0.506831 0.0922205 0.597286 0.484908
0 0.314388 0.425299 0.10408 0.566533 0.479527
0 0.418972 0.19512 0.0579612 0.142317 0.423273
0 0.571033 0.27819 0.0477783 0.120016 0.397313
0 0.103584 0.365171 0.0540538 0.378831 0.359622
0 0.781244 0.532036 0.0808653 0.509049 0.311344
0 0.806177 0.252603 0.0532414 0.157836 0.291248
0 0.230761 0.279404 0.0379145 0.200249 0.276318
0 0.42607 0.185979 0.0432523 0.120315 0.221266
0 0.964364 0.73479 0.0708611 0.509576 0.215415
0 0.313683 0.299182 0.104007 0.311458 0.211065
0 0.267286 0.270125 0.0637393 0.230707 0.207993
0 0.590169 0.241801 0.0296524 0.126794 0.202952
0 0.852682 0.38775 0.0885734 0.345349 0.175699
0 0.760846 0.52432 0.0685629 0.502723 0.173229
0 0.906464 0.262117 0.0598317 0.204435 0.152326
0 0.940391 0.647849 0.0794441 0.530637 0.149478
0 0.675044 0.262492 0.0354702 0.100146 0.146974
0 0.0446071 0.25831 0.0508361 0.18895 0.135793
0 0.0847153 0.250019 0.0386359 0.190296 0.129396
0 0.94151 0.505463 0.0759029 0.213622 0.123926
0 0.0549741 0.615185 0.0892397 0.759999 0.121686
0 0.0747123 0.619346 0.12676 0.756644 0.121307
0 0.086077 0.802876 0.103911 0.390337 0.114869
0 0.0434138 0.439465 0.0648233 0.37401 0.109558
0 0.91674 0.612128 0.125666 0.49418 0.105755
0 0.986847 0.404397 0.025552 0.170837 0.100922
0 0.410605 0.207364 0.0723705 0.167477 0.0947753
0 0.113949 0.229833 0.0427451 0.109903 0.0942553
0 0.7425 0.521671 0.0757137 0.491136 0.0937782
0 0.084942 0.224195 0.0334123 0.141319 0.0863953
0 0.966878 0.298356 0.0660795 0.12438 0.0825841
0 0.794485 0.522082 0.0725389 0.520032 0.0805991
0 0.932688 0.666358 0.114504 0.551712 0.0757899
0 0.940553 0.411391 0.113855 0.360185 0.0710634
0 0.144645 0.257604 0.0448914 0.107743 0.0674848
0 0.943274 0.496519 0.0749366 0.315957 0.0665471
0 0.144136 0.275558 0.0507799 0.143767 0.0661926
0 0.942564 0.564791 0.0737621 0.372608 0.0642561
0 0.951389 0.325335 0.0951103 0.185045 0.0638976
0 0.0760673 0.257071 0.036546 0.203662 0.0633919
0 0.143724 0.373812 0.0486704 0.338609 0.0623449
0 0.959896 0.311945 0.0767074 0.158161 0.0545545
0 0.206523 0.310624 0.0211335 0.143564 0.0535649
0 0.112241 0.245358 0.0476884 0.140737 0.0505293
