0 0.422579 0.495609 0.255388 0.539299 0.892756
0 0.714768 0.484987 0.273711 0.545089 0.880184
0 0.894696 0.412731 0.202633 0.530185 0.8552
0 0.14209 0.294832 0.0886898 0.169549 0.779888
0 0.293996 0.259895 0.0488779 0.108713 0.514156
0 0.380928 0.266115 0.0756548 0.134581 0.420375
0 0.255423 0.261923 0.045766 0.125315 0.365109
0 0.193802 0.255621 0.0428304 0.0978991 0.318965
0 0.223167 0.253163 0.0356003 0.101636 0.175521
0 0.021998 0.249876 0.0293678 0.0872356 0.131663
0 0.0650144 0.247319 0.0391166 0.0819542 0.12792
0 0.0328709 0.249184 0.0411168 0.088976 0.0584786
0 0.368108 0.264085 0.0497254 0.130413 0.0578899
0 0.190011 0.235241 0.0372927 0.054926 0.0550336
0 0.0981214 0.241359 0.0337527 0.0742376 0.0516496
