0 0.302193 0.664352 0.208168 0.671297 0.879774
0 0.500077 0.57446 0.167486 0.474255 0.825484
0 0.079907 0.826155 0.159516 0.347518 0.814207
0 0.724294 0.514818 0.0894142 0.369097 0.790528
0 0.627849 0.563213 0.120418 0.418047 0.780824
0 0.0706066 0.55062 0.140415 0.352244 0.777864
0 0.886255 0.523916 0.102277 0.362754 0.69238
0 0.155324 0.526972 0.0688271 0.386288 0.661018
0 0.941225 0.515709 0.0660307 0.275517 0.606982
0 0.788175 0.50189 0.0752296 0.218988 0.520127
0 0.412739 0.457341 0.0459379 0.187156 0.384577
0 0.978688 0.53494 0.04212 0.382512 0.377774
0 0.0196042 0.373616 0.0392084 0.114927 0.356127
0 0.5749 0.547255 0.0598633 0.295326 0.2538
0 0.108001 0.42616 0.0505543 0.166764 0.19844
0 0.819292 0.493291 0.0379817 0.216078 0.184108
0 0.0973172 0.426532 0.0562377 0.159741 0.169426
0 0.670084 0.487343 0.0458372 0.246071 0.154181
0 0.390564 0.461701 0.0549006 0.18573 0.121921
0 0.4384 0.443197 0.0350548 0.160601 0.117742
0 0.681188 0.487361 0.0419769 0.23962 0.112021
0 0.381838 0.462655 0.0537582 0.178528 0.109763
0 0.667707 0.417331 0.0420223 0.106561 0.107756
0 0.197061 0.427241 0.0467151 0.160763 0.106211
0 0.203909 0.435399 0.0433843 0.145858 0.10468
0 0.836215 0.492103 0.049535 0.223001 0.101084
0 0.98137 0.647446 0.0365128 0.148684 0.100026
0 0.0839407 0.373845 0.031598 0.0545757 0.0964747
0 0.155058 0.436413 0.064459 0.202141 0.0868628
0 0.113272 0.38229 0.0390852 0.0778807 0.0838932
0 0.571695 0.390093 0.0435248 0.0925835 0.0792079
0 0.572608 0.376902 0.0413356 0.0655301 0.0783498
0 0.188548 0.420381 0.039761 0.154981 0.0742775
0 0.018105 0.34756 0.0339558 0.0610168 0.0682433
0 0.0845107 0.386215 0.0322966 0.0800258 0.0665662
0 0.437119 0.420109 0.0319215 0.115045 0.0635348
0 0.819098 0.422131 0.0364573 0.08274 0.062823
0 0.343874 0.414233 0.0980038 0.19123 0.0608677
0 0.518991 0.395867 0.0348916 0.0626338 0.0602211
0 0.211028 0.433821 0.0408131 0.149376 0.0599281
0 0.955392 0.508623 0.0690942 0.298918 0.0594999
0 0.0198023 0.391781 0.0395896 0.165467 0.0584188
0 0.570471 0.400349 0.0503931 0.115865 0.0579275
0 0.090324 0.417442 0.0431445 0.143415 0.0566839
0 0.67448 0.41759 0.0318423 0.105197 0.055007
0 0.829873 0.408857 0.0262371 0.0605368 0.0534246
0 0.807703 0.499909 0.0450963 0.217533 0.0524608
0 0.818724 0.441891 0.0373314 0.12006 0.0505584
0 0.185416 0.406979 0.032394 0.115644 0.0502368
