0 0.474985 0.588742 0.0821479 0.374789 0.813896
0 0.93632 0.608233 0.0706509 0.426331 0.810749
0 0.231009 0.595968 0.0764456 0.401726 0.793813
0 0.538598 0.58745 0.0640099 0.346926 0.781305
0 0.300241 0.58306 0.0635886 0.384648 0.771936
0 0.589527 0.579726 0.0595409 0.324051 0.766361
0 0.641324 0.574666 0.0547677 0.321889 0.74312
0 0.152778 0.570569 0.0624152 0.364538 0.711867
0 0.972202 0.634588 0.0549858 0.487609 0.69778
0 0.717441 0.567307 0.0609165 0.303996 0.672561
0 0.398268 0.596579 0.0642379 0.395043 0.646352
0 0.676317 0.581595 0.0467513 0.293 0.638844
0 0.786287 0.571918 0.0402978 0.252878 0.633593
0 0.190561 0.581989 0.0538549 0.388794 0.606041
0 0.751703 0.575746 0.0574886 0.265776 0.566794
0 0.34628 0.55764 0.0421961 0.251492 0.564273
0 0.433806 0.590539 0.0495539 0.362156 0.482415
0 0.182029 0.583547 0.0431352 0.363967 0.314429
0 0.272053 0.595506 0.0426559 0.375982 0.217119
0 0.554733 0.58619 0.033597 0.327631 0.180302
0 0.803358 0.488984 0.0266247 0.102425 0.158881
0 0.803527 0.473723 0.0259935 0.0713361 0.148975
0 0.804929 0.515606 0.0317908 0.160244 0.144741
0 0.271154 0.544382 0.0444736 0.268759 0.132746
0 0.188893 0.515051 0.0555412 0.253371 0.130264
0 0.27174 0.444064 0.0430383 0.0808089 0.12689
0 0.434938 0.535834 0.0469502 0.252516 0.118253
0 0.392336 0.55542 0.0612604 0.317958 0.115572
0 0.975861 0.853822 0.0475731 0.228624 0.0963364
0 0.666813 0.583726 0.0661604 0.303475 0.082222
0 0.964521 0.461951 0.0285835 0.0743197 0.0770388
0 0.787621 0.525545 0.0396309 0.159992 0.0739289
0 0.502605 0.441034 0.0339088 0.0731965 0.0554522
0 0.372479 0.552522 0.0329616 0.285305 0.055403
0 0.608834 0.449252 0.0259675 0.0626406 0.0541864
