0 0.280674 0.567098 0.128662 0.30666 0.842598
0 0.196157 0.455306 0.0856967 0.4616 0.835309
0 0.693108 0.593488 0.131857 0.329716 0.829519
0 0.488947 0.344592 0.0979122 0.221426 0.828084
0 0.400109 0.355905 0.091883 0.206295 0.745697
0 0.327581 0.364389 0.0796855 0.227653 0.674689
0 0.851535 0.391595 0.0272075 0.10532 0.645741
0 0.592486 0.358567 0.0906666 0.157578 0.643363
0 0.554542 0.357171 0.0503109 0.167632 0.569737
0 0.0961038 0.335605 0.0202745 0.0766606 0.547859
0 0.942582 0.376616 0.0290747 0.0946016 0.537936
0 0.91796 0.382093 0.0452845 0.105497 0.49669
0 0.675994 0.467841 0.103588 0.300977 0.489866
0 0.264192 0.472425 0.112406 0.376735 0.411743
0 0.778355 0.35534 0.0167845 0.0606191 0.338295
0 0.676461 0.415216 0.10246 0.197008 0.328493
0 0.264251 0.41783 0.101978 0.266135 0.286412
0 0.917516 0.401004 0.0454443 0.0679532 0.239695
0 0.680408 0.390821 0.0929751 0.144858 0.182136
0 0.928584 0.382397 0.028213 0.0991853 0.13059
0 0.899851 0.39312 0.0254738 0.0755979 0.112644
0 0.00449955 0.33838 0.00896472 0.0600737 0.102141
0 0.78366 0.352053 0.0146705 0.0561817 0.0985583
0 0.906039 0.402181 0.0333323 0.0598638 0.0931627
0 0.93045 0.381772 0.0487934 0.105468 0.0902773
0 0.911832 0.388098 0.0445618 0.0889828 0.0862607
0 0.905538 0.389517 0.0327714 0.0875197 0.080788
0 0.918746 0.377042 0.0291882 0.0908038 0.0788208
0 0.118875 0.305295 0.0178231 0.0385352 0.0739378
0 0.902951 0.363181 0.024054 0.0377272 0.059691
0 0.911776 0.393496 0.0359188 0.0770396 0.0573906
0 0.920845 0.352683 0.0217263 0.0488217 0.0557864
0 0.781275 0.356895 0.0188257 0.0628179 0.0532245
