0 0.228312 0.424092 0.042228 0.163807 0.689198
0 0.429716 0.578683 0.0451244 0.20969 0.680589
0 0.332031 0.289821 0.0326708 0.140827 0.620091
0 0.192066 0.35559 0.0264678 0.142438 0.616701
0 0.541393 0.279506 0.0265087 0.11501 0.558804
0 0.487959 0.330059 0.0297619 0.110298 0.528718
0 0.471463 0.395512 0.0353618 0.129948 0.483843
0 0.488025 0.360156 0.0285267 0.171028 0.388765
0 0.210153 0.337471 0.02527 0.124516 0.372356
0 0.674788 0.358662 0.0310399 0.0706009 0.295879
0 0.67791 0.371059 0.0576047 0.0998914 0.242622
0 0.671166 0.367643 0.0399412 0.0872497 0.2217
0 0.485224 0.375294 0.0344232 0.136051 0.170159
0 0.660737 0.377921 0.0233093 0.0677128 0.163264
0 0.661596 0.386132 0.0268989 0.0677497 0.139344
0 0.48214 0.325618 0.0391834 0.0998457 0.128296
0 0.191872 0.346277 0.0193031 0.125473 0.0964257
0 0.684412 0.367303 0.0435476 0.0873107 0.090286
0 0.692312 0.39788 0.0267163 0.0782161 0.0803989
0 0.4278 0.556092 0.0399662 0.164471 0.072108
0 0.479443 0.392925 0.0415346 0.138862 0.0523633
0 0.671479 0.354731 0.0427483 0.0659489 0.0512525
