0 0.743198 0.636036 0.184305 0.710436 0.905473
0 0.465871 0.614368 0.233822 0.75271 0.904483
0 0.140101 0.625837 0.145586 0.676324 0.86088
0 0.954626 0.692497 0.0900818 0.59532 0.859668
0 0.287665 0.596056 0.170618 0.796528 0.855139
0 0.0583388 0.58285 0.10273 0.596179 0.826941
0 0.589008 0.483531 0.075028 0.343976 0.82182
0 0.91478 0.467853 0.0535061 0.237431 0.819467
0 0.0365348 0.333176 0.0404178 0.146456 0.483023
0 0.674427 0.485555 0.0973727 0.384453 0.434546
0 0.824098 0.411196 0.047934 0.155404 0.41962
0 0.514252 0.341292 0.0800577 0.186988 0.313539
0 0.00866478 0.489008 0.0173296 0.297451 0.291179
0 0.675381 0.402025 0.0963208 0.217176 0.245896
0 0.52532 0.464424 0.102279 0.431427 0.224708
0 0.866653 0.390501 0.0257328 0.09564 0.206118
0 0.558913 0.362283 0.0300526 0.084373 0.175381
0 0.5189 0.373199 0.0894756 0.251549 0.152894
0 0.0159265 0.601113 0.0317788 0.566903 0.135468
0 0.636063 0.410045 0.0325349 0.228995 0.089147
0 0.68946 0.241487 0.0199841 0.0896642 0.0834206
0 0.558235 0.404347 0.0316107 0.175805 0.0810901
0 0.0096916 0.575871 0.0193832 0.496717 0.0782646
0 0.00817833 0.459231 0.0161575 0.223412 0.0550386
0 0.677382 0.364684 0.0933043 0.144796 0.0525299
0 0.80451 0.385627 0.0261473 0.0682308 0.0504818
