0 0.145611 0.62803 0.130028 0.509385 0.835249
0 0.801531 0.700018 0.11444 0.332696 0.754588
0 0.238864 0.62095 0.0890053 0.493466 0.750197
0 0.927463 0.5948 0.106346 0.486769 0.692506
0 0.861612 0.613301 0.087249 0.446959 0.677783
0 0.0452739 0.623062 0.0760665 0.412355 0.657093
0 0.774721 0.485966 0.0971655 0.257802 0.628204
0 0.512255 0.710106 0.100982 0.332876 0.592502
0 0.60318 0.707939 0.0821403 0.312302 0.527223
0 0.413439 0.736731 0.109673 0.34454 0.515908
0 0.607567 0.507807 0.08186 0.251073 0.462132
0 0.707058 0.705424 0.0783251 0.308018 0.396162
0 0.306885 0.722603 0.131076 0.348151 0.369981
0 0.45842 0.520379 0.078881 0.266075 0.36362
0 0.536841 0.534172 0.0915693 0.287485 0.358884
0 0.715679 0.485201 0.0737911 0.259104 0.337188
0 0.658745 0.515043 0.0584655 0.228099 0.282791
0 0.384343 0.472749 0.0795535 0.188855 0.260587
0 0.274701 0.625566 0.15797 0.485691 0.242733
0 0.66051 0.698185 0.0680021 0.242788 0.189127
0 0.306619 0.624872 0.151757 0.472961 0.166452
0 0.237135 0.446571 0.0871549 0.158453 0.0772303
0 0.381175 0.520081 0.08507 0.284616 0.0732165
0 0.341188 0.627258 0.128173 0.472908 0.0677374
0 0.318402 0.533058 0.154268 0.277843 0.0598129
0 0.644786 0.512206 0.0382444 0.233121 0.054922
0 0.309807 0.491003 0.0724608 0.190544 0.0547286
0 0.29196 0.529452 0.112156 0.270347 0.0525178
