0 0.118087 0.755177 0.0851249 0.324633 0.864368
0 0.346829 0.754675 0.0787255 0.326412 0.841674
0 0.245185 0.760955 0.0626419 0.313356 0.824205
0 0.4744 0.74577 0.0973963 0.326272 0.781529
0 0.805799 0.665343 0.0496922 0.152486 0.734349
0 0.426913 0.707363 0.0624234 0.26404 0.69256
0 0.729301 0.68235 0.0483594 0.200729 0.679228
0 0.604309 0.756416 0.0930048 0.298857 0.648683
0 0.872431 0.651404 0.0431118 0.123154 0.640878
0 0.670976 0.721847 0.0580973 0.228978 0.535285
0 0.927975 0.634736 0.0364708 0.0818256 0.534382
0 0.545996 0.721414 0.0485989 0.240542 0.358123
0 0.953144 0.623324 0.0268513 0.0601994 0.237568
0 0.98352 0.612237 0.0322705 0.0641131 0.165844
0 0.987571 0.611342 0.0241349 0.0578868 0.131737
0 0.503912 0.624382 0.0280086 0.0735276 0.127609
0 0.991104 0.608765 0.0169596 0.0643961 0.114257
0 0.0830772 0.732901 0.0216415 0.192183 0.100567
0 0.508235 0.708319 0.0368896 0.234938 0.100267
0 0.963899 0.715517 0.0341476 0.0505776 0.0720342
0 0.594512 0.650867 0.0435693 0.0912496 0.0605127
0 0.554385 0.730168 0.0344787 0.251955 0.0568342
