0 0.584111 0.741087 0.195148 0.462557 0.89796
0 0.804302 0.719013 0.120961 0.399302 0.861261
0 0.410471 0.70172 0.108249 0.323434 0.779373
0 0.873141 0.648411 0.0542007 0.225063 0.666279
0 0.97604 0.618244 0.0381699 0.144924 0.655882
0 0.906799 0.625316 0.0413769 0.158033 0.638369
0 0.304418 0.673765 0.0520894 0.181231 0.520996
0 0.0352544 0.702914 0.0438488 0.17945 0.512215
0 0.135888 0.697514 0.0439292 0.185533 0.509929
0 0.473426 0.657851 0.0501356 0.1723 0.503446
0 0.214666 0.681755 0.0440876 0.192702 0.445734
0 0.268751 0.668032 0.0449748 0.156172 0.400736
0 0.344999 0.661373 0.0455858 0.155956 0.369483
0 0.831939 0.645912 0.0393715 0.2034 0.245801
0 0.106848 0.695494 0.0312758 0.134081 0.189823
0 0.831846 0.596083 0.0362402 0.101609 0.187299
0 0.158088 0.664122 0.0315148 0.144839 0.172222
0 0.158245 0.678515 0.0273243 0.112073 0.147753
0 0.188761 0.681534 0.0361295 0.178554 0.112591
0 0.0290745 0.693845 0.0572366 0.205781 0.094486
0 0.0820804 0.692907 0.0282317 0.0990043 0.0805121
0 0.241114 0.646543 0.0296307 0.12142 0.0718955
0 0.157506 0.642397 0.0317917 0.10482 0.0643587
0 0.215366 0.647458 0.0370502 0.124953 0.0601074
0 0.0743724 0.691812 0.0280361 0.101138 0.0519077
0 0.355816 0.660596 0.0653524 0.154813 0.0509419
