0 0.784122 0.721042 0.324251 0.379509 0.938684
0 0.165055 0.326275 0.226455 0.285617 0.933719
0 0.702941 0.282832 0.276654 0.421061 0.92705
0 0.223259 0.696214 0.199066 0.390649 0.922003
0 0.930669 0.301582 0.137959 0.390048 0.898976
0 0.0303023 0.70945 0.0606045 0.308031 0.857301
0 0.977259 0.724239 0.04505 0.180953 0.712306
0 0.894027 0.185676 0.0497768 0.108512 0.656011
0 0.53865 0.180802 0.0396085 0.136274 0.596334
0 0.945173 0.166688 0.054612 0.127612 0.40212
0 0.510581 0.18434 0.0209624 0.10975 0.394369
0 0.308599 0.217413 0.0139121 0.0286823 0.332955
0 0.725601 0.150905 0.0451767 0.0601874 0.320486
0 0.570048 0.735692 0.0286244 0.057481 0.256883
0 0.861292 0.19216 0.0270842 0.0635287 0.241329
0 0.583317 0.157301 0.0343124 0.117871 0.23029
0 0.834937 0.177075 0.0335947 0.098082 0.218392
0 0.31128 0.216798 0.0151555 0.0286297 0.215986
0 0.430798 0.683894 0.0172148 0.0487608 0.187289
0 0.559492 0.73617 0.0177764 0.0550982 0.17538
0 0.423501 0.21353 0.0163361 0.0354885 0.172733
0 0.53425 0.190707 0.0325956 0.117546 0.166791
0 0.350993 0.693936 0.0359326 0.0596889 0.155994
0 0.983569 0.716573 0.0318802 0.190371 0.154411
0 0.771869 0.174223 0.0702592 0.102946 0.152433
0 0.395788 0.693637 0.0247898 0.070904 0.145475
0 0.554873 0.177648 0.0262379 0.130321 0.128589
0 0.590362 0.729811 0.0191528 0.0560143 0.12346
0 0.512608 0.633606 0.0240229 0.264706 0.120966
0 0.519333 0.125597 0.0186213 0.0351752 0.112528
0 0.157095 0.700762 0.0270109 0.0578824 0.107218
0 0.575424 0.162683 0.0374908 0.10801 0.100508
0 0.763104 0.202329 0.0883938 0.165767 0.094747
0 0.31449 0.216891 0.0143068 0.0265727 0.0890268
0 0.408232 0.69288 0.022818 0.0659411 0.0848074
0 0.513614 0.737373 0.0150528 0.0569816 0.0798057
0 0.753633 0.236303 0.103786 0.23156 0.0778997
0 0.344166 0.695245 0.0237397 0.0562914 0.0759621
0 0.402583 0.692959 0.0241816 0.0699718 0.0741625
0 0.770413 0.160394 0.0639149 0.0849485 0.0732579
0 0.55069 0.17581 0.0382362 0.129659 0.0682197
0 0.163734 0.702131 0.0206711 0.0534602 0.0680839
0 0.728888 0.193496 0.0552954 0.144715 0.0658693
0 0.516629 0.744907 0.0331266 0.481759 0.0649868
0 0.307949 0.218088 0.0179547 0.0322944 0.0642874
0 0.769644 0.134516 0.0303 0.0315798 0.0634783
0 0.705985 0.142053 0.0185114 0.0313115 0.0623873
0 0.554576 0.152398 0.0266329 0.0733036 0.0617122
0 0.83473 0.158546 0.0272308 0.0609695 0.0612598
0 0.671431 0.136844 0.0234457 0.0287866 0.06094
0 0.5102 0.167454 0.0192731 0.089774 0.0591495
0 0.73903 0.205151 0.0767716 0.168187 0.052261
0 0.510968 0.663416 0.0198517 0.213555 0.051818
0 0.560626 0.171016 0.0235762 0.125633 0.0516837
