0 0.546692 0.727223 0.245418 0.426142 0.870161
0 0.665934 0.65555 0.102732 0.396229 0.829425
0 0.774908 0.639575 0.0959512 0.379066 0.80683
0 0.327564 0.668039 0.122859 0.440605 0.801368
0 0.969497 0.546145 0.0420597 0.152364 0.799417
0 0.175169 0.630056 0.0918362 0.357423 0.774481
0 0.231868 0.647235 0.0990533 0.391576 0.771941
0 0.460206 0.701715 0.127101 0.448034 0.731298
0 0.0220729 0.584442 0.0440955 0.245447 0.719428
0 0.843983 0.636771 0.0941731 0.346336 0.675255
0 0.0881739 0.608996 0.0812587 0.313756 0.659091
0 0.708906 0.651359 0.0742975 0.386467 0.634694
0 0.880824 0.629527 0.0596708 0.322378 0.405924
0 0.128859 0.501879 0.0326146 0.0449642 0.345145
0 0.131637 0.6242 0.0607428 0.313498 0.312451
0 0.610952 0.675529 0.113335 0.407334 0.21181
0 0.525809 0.487908 0.0501823 0.0681017 0.164979
0 0.413144 0.663497 0.126537 0.465136 0.145372
0 0.819278 0.503401 0.0396061 0.0868979 0.141139
0 0.897363 0.54823 0.0383476 0.14095 0.135327
0 0.0192595 0.552334 0.0384756 0.162805 0.134795
0 0.522179 0.522833 0.0544939 0.142765 0.126391
0 0.89618 0.50302 0.0306802 0.0701517 0.0985846
0 0.72313 0.64565 0.0987185 0.386256 0.0924558
0 0.881226 0.574394 0.0636808 0.206957 0.0907714
0 0.441121 0.49973 0.059391 0.093553 0.0802887
0 0.570922 0.525773 0.0401209 0.111714 0.0739933
0 0.896736 0.516475 0.0321591 0.0924222 0.0689501
0 0.0195527 0.61295 0.0388793 0.191218 0.0686321
0 0.128806 0.490793 0.0357067 0.0648178 0.0662277
0 0.590302 0.55709 0.0627333 0.165282 0.0625912
0 0.881879 0.543768 0.0654831 0.14995 0.0583911
0 0.0231149 0.444799 0.0462165 0.117331 0.0564464
0 0.282143 0.509516 0.0256661 0.0475949 0.0541793
0 0.720028 0.564071 0.0770493 0.215431 0.0534772
0 0.129115 0.628502 0.044427 0.298886 0.0520465
0 0.106231 0.610772 0.0713285 0.311737 0.0520035
0 0.816839 0.545595 0.049555 0.170048 0.0519991
