0 0.142434 0.590979 0.120602 0.263774 0.872569
0 0.425992 0.544158 0.282579 0.608457 0.812609
0 0.6149 0.568712 0.0742825 0.15838 0.754555
0 0.303236 0.574457 0.186808 0.532664 0.735217
0 0.862098 0.567831 0.0648109 0.136541 0.732613
0 0.763726 0.561077 0.0754336 0.152651 0.726315
0 0.554758 0.572462 0.0628327 0.164805 0.693485
0 0.235905 0.589078 0.0684242 0.176811 0.626979
0 0.67352 0.568502 0.0516753 0.146835 0.566737
0 0.706707 0.567633 0.0449107 0.138681 0.390779
0 0.804324 0.575878 0.0352173 0.117436 0.370443
0 0.814244 0.573168 0.0346811 0.105124 0.214037
0 0.917359 0.561283 0.0295127 0.0974032 0.119118
0 0.818574 0.56532 0.028219 0.08557 0.111646
0 0.705901 0.539115 0.039721 0.0780371 0.0766605
0 0.243203 0.595918 0.0495905 0.160382 0.0591023
0 0.535788 0.566628 0.0335854 0.151101 0.0584193
0 0.711198 0.594472 0.0447215 0.0840406 0.056256
