0 0.174098 0.608649 0.177579 0.545149 0.867922
0 0.651139 0.628375 0.121694 0.736724 0.830674
0 0.406648 0.62219 0.189876 0.660045 0.823887
0 0.059572 0.546113 0.0806102 0.409426 0.780356
0 0.315257 0.477046 0.0612067 0.316631 0.701066
0 0.731014 0.519823 0.119739 0.471314 0.682539
0 0.506683 0.458558 0.0524767 0.262699 0.623516
0 0.925285 0.458124 0.0906525 0.387205 0.421295
0 0.559195 0.51733 0.0786518 0.384898 0.402295
0 0.970496 0.630968 0.0582996 0.733219 0.35057
0 0.919717 0.519813 0.0912365 0.506716 0.282682
0 0.876969 0.402904 0.0529797 0.227228 0.222958
0 0.401459 0.350627 0.0569424 0.0887979 0.216348
0 0.791225 0.415103 0.0509911 0.219319 0.191863
0 0.882965 0.453949 0.0587856 0.343661 0.170423
0 0.821881 0.377638 0.0198812 0.104175 0.15467
0 0.799875 0.420216 0.0532925 0.225034 0.135432
0 0.970853 0.453359 0.0572742 0.349948 0.134235
0 0.775948 0.410413 0.0581373 0.232067 0.109578
0 0.808972 0.367557 0.0266408 0.118525 0.104703
0 0.80577 0.399765 0.0422329 0.169703 0.0906364
0 0.927478 0.381802 0.0872292 0.236095 0.0893418
0 0.892809 0.454102 0.0523758 0.351923 0.0853813
0 0.869554 0.365407 0.0350836 0.109662 0.0846766
0 0.601674 0.340468 0.0277578 0.0699552 0.0836139
0 0.904538 0.463057 0.0915078 0.385458 0.0831086
0 0.878656 0.356427 0.0521889 0.135239 0.082104
0 0.578292 0.366301 0.0295113 0.0789728 0.0817258
0 0.603576 0.358592 0.0321623 0.104233 0.0805543
0 0.812663 0.3875 0.0324776 0.157303 0.0710602
0 0.551657 0.334726 0.0279963 0.0603038 0.0688077
0 0.894618 0.351777 0.0358345 0.13703 0.0664162
0 0.796606 0.403932 0.0362085 0.198421 0.0647703
0 0.899671 0.314063 0.0238357 0.0535147 0.0630961
0 0.30986 0.482692 0.0427401 0.303202 0.0599527
0 0.898772 0.324347 0.0255119 0.0774956 0.0586253
0 0.824786 0.377969 0.0191168 0.0904846 0.0527609
0 0.611274 0.36777 0.0434313 0.124719 0.0522967
