0 0.0857064 0.598705 0.10047 0.416797 0.793345
0 0.87667 0.537524 0.139632 0.310391 0.676068
0 0.167669 0.550156 0.126853 0.314493 0.607584
0 0.299308 0.562524 0.0918965 0.37844 0.572737
0 0.798267 0.508646 0.0578438 0.203213 0.569652
0 0.738085 0.504889 0.0944013 0.182863 0.560491
0 0.360184 0.516537 0.0757145 0.156632 0.482469
0 0.144138 0.54911 0.0850205 0.317802 0.478748
0 0.642893 0.476288 0.0838048 0.160898 0.372648
0 0.582823 0.467736 0.0803106 0.22342 0.269194
0 0.454528 0.530253 0.113035 0.222917 0.257076
0 0.470085 0.427284 0.0759714 0.200707 0.232495
0 0.375431 0.450562 0.05751 0.158805 0.172138
0 0.80049 0.535289 0.0747879 0.258038 0.165118
0 0.730057 0.474903 0.0992382 0.158016 0.162959
0 0.359835 0.564295 0.082023 0.251845 0.152009
0 0.862707 0.542318 0.0952115 0.318787 0.146221
0 0.372664 0.437116 0.0496093 0.127906 0.144024
0 0.508194 0.391686 0.294524 0.360372 0.137302
0 0.469481 0.449197 0.0627605 0.163663 0.126905
0 0.634489 0.425071 0.0442031 0.0897029 0.112563
0 0.0168394 0.58454 0.0334461 0.073639 0.10644
0 0.765099 0.418894 0.0246112 0.0596204 0.0848976
0 0.615195 0.471868 0.141956 0.189064 0.0766813
0 0.71709 0.484996 0.0725494 0.137675 0.0743896
0 0.0166102 0.556648 0.0329111 0.127942 0.0703289
0 0.342478 0.41742 0.0718093 0.159238 0.0650034
0 0.365031 0.424926 0.0733164 0.16957 0.0605039
0 0.764824 0.556211 0.143668 0.289472 0.0552774
0 0.330107 0.412323 0.0528859 0.158074 0.0548249
