0 0.0909782 0.660703 0.066277 0.299051 0.874502
0 0.247254 0.644201 0.0694919 0.170618 0.849963
0 0.602855 0.665679 0.0754366 0.295808 0.819895
0 0.42823 0.549259 0.0531069 0.273893 0.788775
0 0.752239 0.617648 0.0448814 0.15561 0.767008
0 0.910733 0.617981 0.0357178 0.142509 0.741089
0 0.480206 0.628661 0.0356014 0.175258 0.737073
0 0.543416 0.644852 0.0388 0.209274 0.722688
0 0.705108 0.630283 0.0421385 0.193293 0.629318
0 0.972233 0.625381 0.0358318 0.152941 0.600004
0 0.946977 0.617539 0.0309564 0.149773 0.590234
0 0.953358 0.621545 0.0232342 0.147425 0.28379
0 0.942177 0.618749 0.0233057 0.142175 0.282344
0 0.993873 0.627873 0.0115193 0.147326 0.234093
0 0.989219 0.625377 0.0201794 0.15362 0.0881261
0 0.557722 0.642942 0.035008 0.198958 0.078077
0 0.56483 0.603063 0.0317513 0.115718 0.0735937
0 0.561159 0.601884 0.0241067 0.0988939 0.06827
0 0.568587 0.611359 0.0417071 0.132857 0.0639361
0 0.683932 0.596336 0.0286836 0.0997585 0.0624763
0 0.947452 0.611567 0.0227994 0.136271 0.0526499
0 0.93681 0.619635 0.023394 0.140299 0.0503262
