0 0.0701811 0.628317 0.106639 0.447126 0.897979
0 0.447581 0.63478 0.0878794 0.434556 0.874677
0 0.223821 0.631512 0.0893054 0.436357 0.869328
0 0.300038 0.629313 0.0821615 0.441521 0.86283
0 0.370762 0.629818 0.0787372 0.423824 0.854912
0 0.608876 0.628757 0.0843801 0.432689 0.848937
0 0.82745 0.638135 0.0717443 0.407161 0.842166
0 0.891562 0.629593 0.0765984 0.410507 0.830302
0 0.763815 0.626532 0.0814371 0.423591 0.828418
0 0.152462 0.647363 0.0780522 0.409808 0.827828
0 0.959001 0.623564 0.0812595 0.408701 0.825244
0 0.684461 0.633835 0.0906784 0.427406 0.805493
0 0.533418 0.632837 0.0867555 0.427382 0.786907
0 0.613264 0.321838 0.0704011 0.0911271 0.0571189
