0 0.138812 0.607385 0.0827229 0.225151 0.872663
0 0.664909 0.752496 0.0805327 0.275005 0.848429
0 0.917223 0.733719 0.0780903 0.329197 0.838944
0 0.325336 0.746998 0.116924 0.271986 0.838931
0 0.0835782 0.722857 0.0711857 0.30905 0.8233
0 0.850178 0.618202 0.0750275 0.220496 0.813609
0 0.62472 0.61678 0.082843 0.226984 0.801819
0 0.804653 0.496622 0.0556362 0.241499 0.761286
0 0.360979 0.603508 0.0875588 0.20902 0.760707
0 0.380698 0.501762 0.0873192 0.194279 0.681351
0 0.186556 0.495606 0.0892595 0.191966 0.680731
0 0.212233 0.494342 0.0398072 0.18763 0.583396
0 0.91157 0.366261 0.0327058 0.112691 0.545288
0 0.618887 0.484928 0.0548675 0.127171 0.540942
0 0.393032 0.501967 0.0610093 0.190233 0.415645
0 0.359146 0.300877 0.0267902 0.0466488 0.287907
0 0.616101 0.508705 0.0592868 0.178086 0.157205
0 0.869236 0.324454 0.0317669 0.0940072 0.0937091
0 0.186374 0.464279 0.0879869 0.118785 0.0826865
0 0.40198 0.336892 0.0184152 0.0943598 0.0572472
