0 0.755121 0.604142 0.227053 0.344896 0.887529
0 0.183671 0.669802 0.153495 0.335911 0.868146
0 0.320575 0.690127 0.163822 0.424591 0.828033
0 0.09837 0.647147 0.0969537 0.244843 0.799769
0 0.423425 0.621512 0.130008 0.295616 0.784871
0 0.528767 0.639616 0.113987 0.305637 0.716252
0 0.624067 0.69154 0.200899 0.47402 0.689394
0 0.926424 0.64003 0.122446 0.484286 0.650052
0 0.859447 0.546933 0.134973 0.255879 0.470129
0 0.360465 0.6062 0.0659638 0.244391 0.304478
0 0.832383 0.540503 0.081292 0.240682 0.298924
0 0.943104 0.676379 0.0887966 0.410046 0.25745
0 0.247036 0.606272 0.0945615 0.227117 0.253401
0 0.587979 0.586459 0.141851 0.273943 0.213373
0 0.606272 0.625643 0.179402 0.347024 0.20831
0 0.584192 0.526405 0.134342 0.151169 0.194888
0 0.218521 0.548803 0.0579445 0.120375 0.16233
0 0.248268 0.636325 0.0879786 0.170685 0.157065
0 0.877529 0.558878 0.097592 0.197349 0.141548
0 0.467377 0.552521 0.0605883 0.17653 0.124643
0 0.22244 0.602547 0.0661723 0.225937 0.100158
0 0.463041 0.598827 0.0621305 0.261337 0.0859692
0 0.887509 0.560995 0.080159 0.145756 0.0796764
0 0.283364 0.523241 0.0561074 0.0971674 0.0734635
0 0.612284 0.525443 0.0805285 0.152391 0.0693973
0 0.427404 0.513495 0.034046 0.0839889 0.0656329
0 0.220373 0.578104 0.0590225 0.176304 0.06521
0 0.0817357 0.534018 0.0450694 0.0507936 0.0617359
0 0.6001 0.492209 0.0512222 0.0869326 0.0612295
0 0.470311 0.490774 0.051449 0.0538771 0.0603446
0 0.594728 0.481125 0.0392069 0.0636021 0.0537257
0 0.269056 0.598971 0.0731144 0.242922 0.0519905
