0 0.364635 0.60641 0.108328 0.337664 0.799835
0 0.777734 0.615788 0.0931679 0.331666 0.726012
0 0.279705 0.549095 0.104018 0.310428 0.683011
0 0.453028 0.690043 0.111729 0.360494 0.560717
0 0.88441 0.589857 0.143563 0.348497 0.254877
0 0.641509 0.618091 0.152935 0.423327 0.250833
0 0.21364 0.518142 0.0696945 0.263292 0.242753
0 0.617476 0.625486 0.113364 0.410793 0.202208
0 0.403805 0.461825 0.0534039 0.147588 0.194093
0 0.888736 0.441653 0.0877533 0.125746 0.178051
0 0.920844 0.598337 0.0831764 0.334939 0.177083
0 0.178063 0.436812 0.0433327 0.148207 0.131328
0 0.213044 0.464402 0.0677843 0.15297 0.123579
0 0.524593 0.465339 0.0490323 0.109153 0.0996249
0 0.178027 0.328131 0.0247716 0.0615432 0.0978551
0 0.427211 0.408733 0.0326143 0.119198 0.0702967
0 0.503614 0.654677 0.181313 0.418669 0.0603683
0 0.131763 0.66952 0.189325 0.529255 0.0600345
0 0.744988 0.453149 0.0481154 0.0998326 0.055314
0 0.404558 0.443178 0.0453295 0.109428 0.0548499
0 0.475101 0.474059 0.0642895 0.124196 0.0517012
0 0.463911 0.635345 0.100839 0.470975 0.0514779
