0 0.546797 0.540885 0.144214 0.601817 0.891271
0 0.127008 0.564683 0.147637 0.620947 0.866611
0 0.933081 0.494045 0.125444 0.469887 0.848152
0 0.739073 0.519046 0.1103 0.529153 0.829906
0 0.334146 0.580158 0.158486 0.685637 0.821308
0 0.227402 0.470856 0.120605 0.431841 0.800233
0 0.825378 0.464933 0.092543 0.433138 0.739964
0 0.672602 0.437811 0.0720066 0.364037 0.626151
0 0.457958 0.46665 0.0799532 0.414893 0.606462
0 0.401743 0.465287 0.0896461 0.444419 0.525139
0 0.618614 0.40292 0.06337 0.31287 0.385147
0 0.0371601 0.496161 0.0743202 0.391976 0.36848
0 0.86142 0.422671 0.0595474 0.330793 0.312195
0 0.971357 0.332285 0.0572852 0.169789 0.26012
0 0.0602111 0.470497 0.0717014 0.356553 0.227073
0 0.971294 0.43146 0.057019 0.364381 0.225138
0 0.858579 0.3245 0.0622913 0.132869 0.218735
0 0.971704 0.36707 0.0557457 0.235304 0.217266
0 0.0490274 0.50091 0.0980549 0.430481 0.173765
0 0.0270645 0.492982 0.054058 0.372753 0.155889
0 0.399443 0.346443 0.0872961 0.212288 0.138997
0 0.434 0.469864 0.110087 0.415511 0.129583
0 0.398913 0.632741 0.0645824 0.290497 0.115731
0 0.458463 0.394708 0.0766979 0.27413 0.114324
0 0.0668707 0.372107 0.0629323 0.163294 0.114025
0 0.299008 0.311734 0.0336781 0.0773312 0.0993989
0 0.621127 0.342799 0.0589912 0.189151 0.0941585
0 0.978379 0.448493 0.042762 0.343759 0.0787992
0 0.0652082 0.419996 0.0623337 0.25674 0.0780581
0 0.398377 0.403864 0.0902916 0.32469 0.073996
0 0.389121 0.328746 0.0777315 0.179704 0.073554
0 0.397583 0.527955 0.0754531 0.497249 0.0694899
0 0.981199 0.40309 0.0368521 0.231353 0.0562399
0 0.0579443 0.378554 0.0487965 0.159469 0.0524268
0 0.0772402 0.330121 0.0420776 0.0781048 0.0508263
