0 0.0855655 0.765697 0.0788468 0.313435 0.82892
0 0.223099 0.770794 0.0702008 0.32347 0.807001
0 0.32867 0.779265 0.115274 0.341278 0.770718
0 0.618507 0.790657 0.0809109 0.375738 0.736277
0 0.811659 0.786069 0.0839878 0.366695 0.733842
0 0.459277 0.792193 0.114251 0.346808 0.620326
0 0.900823 0.763403 0.107533 0.291281 0.60274
0 0.731603 0.755039 0.0811838 0.282566 0.536529
0 0.6714 0.734634 0.0506512 0.231953 0.405231
0 0.534142 0.727145 0.0629156 0.240692 0.247441
0 0.677148 0.723437 0.0411581 0.173475 0.219967
0 0.521281 0.723406 0.0544704 0.244528 0.207013
0 0.711653 0.735879 0.0506306 0.241306 0.175901
0 0.965426 0.720993 0.0579311 0.207497 0.149989
0 0.596575 0.784431 0.0468029 0.354752 0.132511
0 0.589819 0.752693 0.0430355 0.29808 0.115183
0 0.990409 0.7012 0.0185955 0.0868726 0.106557
0 0.990083 0.685668 0.0193401 0.137414 0.101949
0 0.970198 0.715075 0.0393108 0.153165 0.099096
0 0.545093 0.737093 0.0416037 0.216183 0.0922582
0 0.628059 0.773166 0.0654902 0.33431 0.090256
0 0.631089 0.732417 0.060093 0.249549 0.0759086
0 0.707011 0.712941 0.0439556 0.196706 0.0660314
0 0.54857 0.720141 0.0573591 0.263495 0.0643396
0 0.221892 0.691697 0.0562213 0.146573 0.060097
