0 0.795657 0.440963 0.127582 0.459019 0.876178
0 0.504308 0.437327 0.0669658 0.298823 0.865097
0 0.433501 0.412351 0.053924 0.26834 0.830422
0 0.356282 0.455233 0.0687662 0.339081 0.821946
0 0.196085 0.483147 0.0688623 0.36999 0.81273
0 0.304075 0.432194 0.0515607 0.289032 0.756586
0 0.571574 0.39021 0.0517248 0.240376 0.685343
0 0.649727 0.414906 0.0662704 0.272564 0.683712
0 0.0813499 0.31482 0.021739 0.0810282 0.65434
0 0.154463 0.450392 0.0447788 0.337041 0.548471
0 0.824979 0.310764 0.0361801 0.1458 0.332922
0 0.740646 0.401417 0.0346773 0.234468 0.304324
0 0.672738 0.366939 0.0572973 0.200362 0.248415
0 0.149176 0.332391 0.0360055 0.0995654 0.227779
0 0.670166 0.404969 0.0616753 0.270082 0.161182
0 0.986096 0.527679 0.0270218 0.132239 0.147995
0 0.831502 0.327356 0.0519037 0.178164 0.139945
0 0.151005 0.373477 0.0388368 0.185271 0.084094
0 0.834228 0.316935 0.0449001 0.136543 0.0676447
0 0.163145 0.456239 0.050896 0.334498 0.0526855
0 0.566909 0.390375 0.0373238 0.214509 0.0502053
