0 0.161016 0.598428 0.177994 0.587935 0.883245
0 0.75101 0.524003 0.31416 0.939707 0.877712
0 0.945856 0.583188 0.107667 0.560058 0.792838
0 0.0488892 0.529455 0.0977785 0.514142 0.747176
0 0.373722 0.602337 0.285174 0.77869 0.715529
0 0.87272 0.502943 0.0971945 0.690306 0.631438
0 0.585163 0.509531 0.0996554 0.568743 0.419081
0 0.557266 0.566602 0.0846669 0.457394 0.405137
0 0.233897 0.474509 0.0994179 0.482223 0.360899
0 0.490806 0.500739 0.106646 0.532448 0.357073
0 0.259629 0.480031 0.119948 0.495521 0.355849
0 0.456719 0.359891 0.0467827 0.14435 0.329103
0 0.27917 0.497977 0.130609 0.540753 0.312109
0 0.868198 0.293517 0.0945904 0.278498 0.271171
0 0.507296 0.339687 0.0994629 0.182077 0.25418
0 0.98036 0.323498 0.0388188 0.223425 0.241922
0 0.275971 0.599625 0.139791 0.740471 0.233253
0 0.605862 0.519358 0.115394 0.563017 0.183728
0 0.952088 0.26368 0.047876 0.115118 0.175207
0 0.886667 0.5667 0.0622572 0.537962 0.173216
0 0.0994554 0.356506 0.0436747 0.13024 0.167035
0 0.979191 0.465289 0.041141 0.507493 0.165875
0 0.314106 0.597719 0.215807 0.75785 0.163752
0 0.867922 0.398156 0.0985699 0.485147 0.159807
0 0.910292 0.285592 0.0490795 0.140714 0.156586
0 0.56745 0.521519 0.101794 0.569058 0.147616
0 0.528482 0.282976 0.0582495 0.118338 0.135747
0 0.445469 0.303196 0.0779813 0.160426 0.131149
0 0.950223 0.287305 0.0539192 0.161487 0.12338
0 0.020796 0.551346 0.0414513 0.504974 0.120718
0 0.980484 0.272747 0.038179 0.122047 0.117511
0 0.980733 0.591715 0.0380653 0.568716 0.108817
0 0.908399 0.260869 0.0464855 0.0939606 0.104854
0 0.240331 0.329018 0.0861642 0.192083 0.102268
0 0.103723 0.34611 0.0447793 0.108462 0.0965089
0 0.0230864 0.387571 0.0458716 0.169833 0.0938709
0 0.215137 0.332352 0.0614162 0.189543 0.0871105
0 0.252421 0.322873 0.0613029 0.181011 0.0864154
0 0.223612 0.319701 0.0734165 0.162935 0.0852984
0 0.585938 0.329685 0.0694483 0.211764 0.0846839
0 0.455156 0.268067 0.0553171 0.0899634 0.0772996
0 0.0225082 0.352765 0.0450165 0.0978148 0.072957
0 0.457318 0.436658 0.0511257 0.306897 0.0706918
0 0.625945 0.637305 0.0996655 0.3042 0.068723
0 0.932915 0.285579 0.0872246 0.157022 0.0677476
0 0.907173 0.249386 0.043837 0.0687812 0.0640948
0 0.465123 0.515341 0.0866003 0.467319 0.0638842
0 0.109004 0.337826 0.0365766 0.0970746 0.0638609
0 0.535772 0.405189 0.0458895 0.0754169 0.060787
