0 0.685243 0.450377 0.0499829 0.200306 0.760167
0 0.180999 0.431647 0.0907487 0.280567 0.756219
0 0.780775 0.517808 0.053401 0.0790264 0.63965
0 0.591762 0.463204 0.0418466 0.17961 0.615752
0 0.631107 0.458479 0.0495199 0.197405 0.523622
0 0.910416 0.505416 0.0338249 0.12624 0.515611
0 0.104453 0.382133 0.0373557 0.0799327 0.455976
0 0.136908 0.37611 0.0347156 0.0946581 0.45495
0 0.556886 0.450173 0.0412035 0.190772 0.442394
0 0.275881 0.392418 0.0294303 0.0566615 0.442223
0 0.0573459 0.38716 0.0338937 0.065854 0.383061
0 0.555608 0.479924 0.038106 0.131996 0.378118
0 0.243979 0.382069 0.0454993 0.0858647 0.35457
0 0.397861 0.452025 0.0557244 0.226393 0.32485
0 0.84741 0.508752 0.0496361 0.121112 0.315847
0 0.353896 0.453909 0.0451947 0.193071 0.28805
0 0.306314 0.444801 0.0352362 0.163173 0.28599
0 0.330761 0.443522 0.0323427 0.176175 0.274458
0 0.304672 0.393732 0.033295 0.0613666 0.262261
0 0.0781992 0.383053 0.0322906 0.0705267 0.257135
0 0.010522 0.387529 0.021022 0.0762771 0.245405
0 0.865703 0.506103 0.0229256 0.115373 0.196238
0 0.85938 0.508848 0.0311274 0.12071 0.176021
0 0.398492 0.387835 0.0543968 0.10052 0.173283
0 0.565037 0.394304 0.0366486 0.100026 0.148443
0 0.599137 0.463644 0.0385353 0.190661 0.124706
0 0.638952 0.479595 0.0350788 0.156724 0.122486
0 0.512173 0.438958 0.0435985 0.159993 0.118746
0 0.482514 0.377218 0.0241717 0.0437992 0.114954
0 0.346528 0.445917 0.0378004 0.178444 0.104072
0 0.383849 0.453783 0.0892995 0.221783 0.100447
0 0.0941896 0.383047 0.0607861 0.0777925 0.099367
0 0.0661917 0.384613 0.0454993 0.067695 0.0871846
0 0.519528 0.451274 0.0354928 0.129416 0.0862247
0 0.562481 0.413054 0.0364444 0.133908 0.0823992
0 0.63038 0.412342 0.0510286 0.105077 0.0711361
0 0.391004 0.392918 0.042003 0.0934871 0.0711209
0 0.845812 0.511038 0.0318932 0.113959 0.0707529
0 0.324317 0.360857 0.0334532 0.0689681 0.0622318
0 0.505999 0.43399 0.0413093 0.143438 0.061724
0 0.386945 0.390554 0.0302856 0.0865672 0.0570178
0 0.637125 0.409449 0.0374701 0.0901447 0.0551939
0 0.838084 0.509485 0.0307896 0.113075 0.0525449
