0 0.125566 0.406242 0.0846963 0.253041 0.806855
0 0.389246 0.404289 0.0722368 0.250258 0.737581
0 0.508371 0.379695 0.0364201 0.140731 0.730133
0 0.677154 0.405339 0.0731736 0.251043 0.710244
0 0.332819 0.383321 0.0270538 0.112283 0.669199
0 0.478432 0.384748 0.0277893 0.12303 0.657077
0 0.87824 0.400191 0.088472 0.230064 0.639854
0 0.337453 0.381815 0.0377581 0.119181 0.578491
0 0.548342 0.378396 0.0283765 0.142585 0.440388
0 0.385094 0.37242 0.0670277 0.18074 0.386391
0 0.792042 0.43075 0.0560016 0.100367 0.381089
0 0.566956 0.379693 0.0194704 0.122715 0.354241
0 0.618736 0.382977 0.0337531 0.157766 0.284759
0 0.976322 0.425403 0.0464057 0.111149 0.279104
0 0.759758 0.377644 0.0482641 0.157607 0.247855
0 0.819107 0.397269 0.0323696 0.0979077 0.226892
0 0.616102 0.387746 0.0457711 0.163618 0.226569
0 0.409395 0.392948 0.0351269 0.247843 0.21101
0 0.00634154 0.383845 0.0126831 0.148169 0.185451
0 0.611159 0.373794 0.045217 0.13875 0.181846
0 0.646066 0.391555 0.027932 0.162231 0.169954
0 0.0405354 0.355833 0.0192405 0.0420214 0.162398
0 0.823396 0.414467 0.0414806 0.134277 0.149849
0 0.859133 0.410662 0.0537075 0.211424 0.106553
0 0.913364 0.361196 0.070027 0.243534 0.0998988
0 0.0048465 0.410785 0.00965535 0.0924946 0.0957658
0 0.00871362 0.388894 0.0173448 0.139091 0.0833881
0 0.410924 0.406777 0.032012 0.11015 0.0776673
0 0.639089 0.380725 0.0170214 0.134731 0.0722225
0 0.816324 0.414037 0.0285957 0.128527 0.0719026
0 0.598213 0.377702 0.0231623 0.129602 0.0689583
0 0.824748 0.373358 0.0341576 0.168819 0.0670115
0 0.138815 0.380232 0.0568118 0.218342 0.0664569
0 0.409508 0.326928 0.0313984 0.122182 0.0661712
0 0.407461 0.305157 0.0287638 0.077847 0.0601684
0 0.761708 0.359756 0.0426985 0.121686 0.0590982
0 0.556444 0.379745 0.0370592 0.137863 0.0589111
0 0.886123 0.307636 0.034058 0.111405 0.0536808
0 0.147233 0.36017 0.0501974 0.172037 0.0512965
