0 0.814916 0.794789 0.130657 0.402182 0.851871
0 0.511369 0.718486 0.142639 0.551635 0.833819
0 0.294705 0.753483 0.130216 0.483812 0.828961
0 0.411608 0.709867 0.103867 0.560978 0.749652
0 0.210783 0.71705 0.10924 0.543256 0.741915
0 0.0470919 0.609138 0.0941837 0.530928 0.697612
0 0.638358 0.735811 0.126429 0.51233 0.634484
0 0.280947 0.475784 0.0982234 0.238098 0.590151
0 0.581103 0.392559 0.0728878 0.439919 0.472483
0 0.14041 0.679638 0.108228 0.525481 0.464552
0 0.662918 0.744503 0.163253 0.492877 0.347452
0 0.680006 0.400389 0.0618619 0.395627 0.282804
0 0.355814 0.652696 0.0816516 0.537995 0.27171
0 0.489798 0.317777 0.08443 0.283512 0.257023
0 0.423843 0.17373 0.0715319 0.280037 0.237284
0 0.158566 0.669632 0.0808222 0.512629 0.234016
0 0.0228066 0.608585 0.0451918 0.52182 0.177608
0 0.356651 0.509972 0.0833986 0.248599 0.176016
0 0.194883 0.420768 0.0691205 0.161422 0.174702
0 0.0485688 0.352155 0.0832082 0.222958 0.162402
0 0.70337 0.768734 0.0817438 0.43287 0.150365
0 0.37189 0.695799 0.0873193 0.574204 0.129061
0 0.291789 0.180409 0.0604608 0.284799 0.0906014
0 0.122809 0.626333 0.069553 0.472889 0.0899527
0 0.518442 0.125762 0.0705116 0.230757 0.0858142
0 0.0464041 0.169926 0.0860414 0.26123 0.0857214
0 0.356845 0.569592 0.0840659 0.365498 0.0796023
0 0.712459 0.631086 0.0657157 0.15104 0.0768027
0 0.133288 0.376551 0.0664912 0.175339 0.0617017
0 0.233622 0.18364 0.0521853 0.27248 0.0586135
0 0.122814 0.554602 0.0697479 0.332033 0.0557928
0 0.100151 0.611759 0.0769205 0.536857 0.0540923
0 0.192838 0.192395 0.0468257 0.277552 0.0527126
0 0.23956 0.186449 0.0750722 0.271974 0.0508907
