0 0.428201 0.393578 0.0488009 0.203142 0.713129
0 0.5338 0.41075 0.0745176 0.277021 0.708878
0 0.592 0.426098 0.0512194 0.245677 0.683617
0 0.664008 0.450925 0.0560249 0.30858 0.603889
0 0.773983 0.440889 0.0595518 0.245016 0.563882
0 0.630618 0.431944 0.0483283 0.247536 0.437149
0 0.85617 0.603513 0.122297 0.480986 0.32207
0 0.914024 0.610256 0.0815006 0.497717 0.308718
0 0.306816 0.318075 0.0356868 0.100648 0.291943
0 0.475764 0.334765 0.0286329 0.134499 0.290986
0 0.948005 0.401231 0.0578247 0.246994 0.255085
0 0.913389 0.52862 0.0812543 0.334809 0.249423
0 0.313783 0.31839 0.0250612 0.0937479 0.220922
0 0.370393 0.311702 0.0214242 0.0949077 0.20757
0 0.848867 0.526511 0.107096 0.308769 0.169225
0 0.878712 0.521656 0.14883 0.320211 0.157764
0 0.844016 0.486564 0.101185 0.233398 0.127392
0 0.381771 0.314394 0.0174733 0.0952695 0.123124
0 0.40542 0.316861 0.0336562 0.107682 0.118162
0 0.57169 0.421978 0.0325575 0.244263 0.110191
0 0.832061 0.314174 0.0365072 0.1042 0.10516
0 0.946514 0.368305 0.0483963 0.171291 0.0992038
0 0.399096 0.31549 0.0240085 0.100368 0.0978335
0 0.915045 0.485845 0.0787373 0.223295 0.092571
0 0.775239 0.446363 0.0507377 0.192801 0.0823323
0 0.655063 0.305439 0.0405598 0.113737 0.0780114
0 0.938521 0.354409 0.0565198 0.163443 0.0778869
0 0.867064 0.318149 0.0327106 0.102088 0.0750913
0 0.928669 0.316921 0.0362297 0.0968884 0.0658586
0 0.749456 0.293221 0.0542345 0.104623 0.0658375
0 0.299401 0.308547 0.0250475 0.0990808 0.064474
0 0.916181 0.457848 0.0900379 0.196777 0.0632467
0 0.481235 0.33032 0.0225899 0.128223 0.0631524
0 0.353831 0.310922 0.0142962 0.089167 0.0614103
0 0.837194 0.31874 0.0344858 0.0952387 0.0582435
0 0.932065 0.342954 0.041959 0.147237 0.0564753
0 0.678929 0.424 0.0339105 0.251788 0.0563387
0 0.365874 0.312202 0.021959 0.0929901 0.0550465
0 0.410493 0.313118 0.0355569 0.100395 0.0539936
0 0.977487 0.362298 0.023073 0.118456 0.0536954
0 0.387187 0.314267 0.0159637 0.0964417 0.0519265
