0 0.934766 0.476292 0.129081 0.515343 0.905641
0 0.571779 0.614077 0.117215 0.54371 0.858306
0 0.190725 0.506928 0.0846654 0.354864 0.851366
0 0.408603 0.574651 0.0804721 0.482516 0.849135
0 0.32959 0.551712 0.109557 0.414858 0.846334
0 0.263947 0.52918 0.0791449 0.381467 0.793642
0 0.136119 0.492296 0.0572236 0.317969 0.787012
0 0.770457 0.391488 0.0975037 0.308026 0.784355
0 0.826356 0.676021 0.153923 0.644916 0.782166
0 0.687585 0.652296 0.125972 0.594354 0.756019
0 0.0996196 0.480044 0.0555223 0.287006 0.697281
0 0.488731 0.588545 0.0841437 0.501571 0.680047
0 0.614934 0.425131 0.0653848 0.176684 0.50414
0 0.739868 0.450228 0.124885 0.215102 0.311996
0 0.887914 0.514425 0.0524879 0.279532 0.296162
0 0.71164 0.649655 0.180789 0.603481 0.294575
0 0.615138 0.531952 0.0663807 0.390723 0.283514
0 0.521663 0.377807 0.0430349 0.136206 0.239112
0 0.877138 0.490778 0.0852482 0.328354 0.193133
0 0.858147 0.316933 0.0353865 0.0475575 0.151084
0 0.853283 0.323066 0.0475197 0.0614824 0.141657
0 0.520994 0.357112 0.0451744 0.0980946 0.127124
0 0.89097 0.490775 0.0691113 0.326688 0.123441
0 0.865885 0.464444 0.0933358 0.324981 0.0876598
0 0.859919 0.341272 0.0737018 0.0986465 0.0780378
0 0.521389 0.344531 0.0392633 0.0649067 0.0508402
