0 0.578279 0.558504 0.217246 0.851825 0.832716
0 0.726334 0.591988 0.161963 0.796914 0.828605
0 0.317538 0.59662 0.130109 0.667701 0.809823
0 0.429656 0.595185 0.142459 0.793751 0.765784
0 0.21954 0.554569 0.115777 0.660061 0.760329
0 0.0791507 0.5241 0.102546 0.558326 0.665695
0 0.822852 0.573094 0.111372 0.694303 0.611926
0 0.0253204 0.516171 0.0504332 0.54176 0.589164
0 0.13593 0.538853 0.087651 0.566675 0.552089
0 0.953134 0.466576 0.0762346 0.498524 0.550356
0 0.905146 0.486282 0.0873886 0.564051 0.526752
0 0.850224 0.574344 0.168579 0.691471 0.382668
0 0.079365 0.488487 0.0747688 0.496067 0.271422
0 0.0407948 0.508818 0.0690165 0.542228 0.261305
0 0.358272 0.605061 0.0714197 0.698639 0.243944
0 0.279585 0.320926 0.0359634 0.0934447 0.196297
0 0.666779 0.279855 0.0587232 0.119163 0.134195
0 0.156754 0.569169 0.0695428 0.566047 0.112818
0 0.221048 0.494846 0.0901759 0.536194 0.0936529
0 0.90332 0.422908 0.0781687 0.449318 0.0920693
0 0.724575 0.737123 0.142083 0.510041 0.0917209
0 0.164289 0.433364 0.0620662 0.310269 0.0915947
0 0.485949 0.28663 0.0310614 0.0882676 0.0850946
0 0.270045 0.322521 0.0556591 0.0920496 0.083004
0 0.900443 0.699112 0.0830408 0.391392 0.0749623
0 0.325321 0.543191 0.104313 0.556177 0.0706286
0 0.112379 0.321168 0.0451392 0.10075 0.0660526
0 0.0198018 0.604396 0.0395489 0.32979 0.0644344
0 0.399736 0.282888 0.0331136 0.0978134 0.058079
0 0.380059 0.61185 0.0760695 0.723467 0.0571006
0 0.703629 0.191457 0.0224972 0.0420266 0.0557647
0 0.292333 0.24802 0.0269434 0.0550467 0.0550947
0 0.89644 0.575307 0.0912369 0.722988 0.0537692
0 0.6663 0.350199 0.0605131 0.269575 0.0529838
