0 0.138829 0.614278 0.0531156 0.2491 0.771813
0 0.7236 0.605907 0.035057 0.186462 0.723538
0 0.697429 0.611294 0.0344484 0.17468 0.682763
0 0.0270169 0.723024 0.0537816 0.358849 0.668812
0 0.34351 0.627946 0.0405325 0.126872 0.662329
0 0.876303 0.590751 0.0374435 0.15252 0.654152
0 0.578938 0.602231 0.0340716 0.141214 0.639818
0 0.974175 0.609521 0.0334793 0.171944 0.618453
0 0.947293 0.600464 0.0288338 0.151927 0.604021
0 0.0909461 0.621027 0.0456452 0.234188 0.57441
0 0.644884 0.589037 0.0471901 0.156691 0.55891
0 0.250991 0.642266 0.050158 0.106625 0.497394
0 0.750217 0.601454 0.0301516 0.15839 0.486976
0 0.674482 0.594158 0.0256821 0.140903 0.365245
0 0.91305 0.599716 0.030579 0.151266 0.340232
0 0.992691 0.606378 0.0139771 0.157035 0.327789
0 0.849695 0.568343 0.0234043 0.074779 0.319344
0 0.645638 0.623711 0.0801554 0.230505 0.296679
0 0.0525852 0.621428 0.0437307 0.252543 0.293077
0 0.849811 0.597143 0.0242588 0.137072 0.278893
0 0.925347 0.598335 0.0295418 0.152932 0.22365
0 0.988125 0.610006 0.0230953 0.167206 0.190352
0 0.931306 0.598964 0.0244169 0.147253 0.187202
0 0.610253 0.57475 0.0290955 0.0793895 0.177814
0 0.0104497 0.535563 0.0208086 0.0730781 0.177431
0 0.00707003 0.533651 0.0139457 0.0712479 0.176897
0 0.259682 0.639241 0.032246 0.0991997 0.166501
0 0.843493 0.60686 0.0358379 0.140408 0.161272
0 0.0177502 0.533007 0.0353743 0.0655274 0.156277
0 0.673008 0.579435 0.022141 0.108586 0.150341
0 0.899164 0.593331 0.0217228 0.137764 0.149182
0 0.00925439 0.548976 0.0185088 0.0981803 0.147898
0 0.910026 0.588766 0.0249825 0.128746 0.133279
0 0.71463 0.605945 0.0356525 0.182911 0.129455
0 0.057522 0.626923 0.0350384 0.203674 0.11479
0 0.675815 0.560802 0.0211346 0.0690441 0.114204
0 0.610658 0.602844 0.0336724 0.139424 0.111047
0 0.0247709 0.647244 0.0493836 0.181142 0.105957
0 0.0334315 0.65346 0.0665073 0.193605 0.10211
0 0.991264 0.583836 0.0168076 0.114604 0.085486
0 0.67188 0.556316 0.019547 0.0645869 0.0777399
0 0.643716 0.560908 0.0474127 0.0985168 0.0718269
0 0.055722 0.527158 0.0352151 0.0737131 0.0580689
0 0.92997 0.576026 0.0206556 0.100573 0.0564465
0 0.0513067 0.531117 0.044731 0.0853005 0.0554413
0 0.895177 0.580612 0.0165626 0.0959782 0.0526444
