0 0.728074 0.507052 0.1228 0.591761 0.911208
0 0.525918 0.501603 0.18073 0.538433 0.910948
0 0.302299 0.491204 0.0939603 0.551811 0.846323
0 0.957052 0.494757 0.0854279 0.652195 0.828112
0 0.90081 0.494409 0.0532619 0.294751 0.801643
0 0.182447 0.510218 0.147021 0.43014 0.785744
0 0.0773841 0.511824 0.104587 0.435399 0.440403
0 0.682078 0.548089 0.0397429 0.179154 0.191802
0 0.237212 0.283662 0.0416909 0.177053 0.160219
0 0.985527 0.662085 0.0284763 0.314022 0.13353
0 0.364401 0.498792 0.0438077 0.22035 0.0972782
0 0.365912 0.454792 0.0390288 0.141092 0.0699711
0 0.406445 0.531124 0.0700173 0.142693 0.0661036
0 0.0401118 0.0880715 0.0370435 0.0892786 0.0633065
0 0.847727 0.546138 0.0513496 0.195949 0.0597524
0 0.67461 0.546944 0.0477592 0.17132 0.0587395
0 0.0104474 0.500836 0.0208378 0.286234 0.0574704
0 0.0231717 0.464491 0.0463434 0.351108 0.0551605
