0 0.736608 0.395902 0.0659196 0.339002 0.800412
0 0.88381 0.384797 0.0579997 0.292212 0.788681
0 0.178071 0.342807 0.0513087 0.244712 0.694876
0 0.0569095 0.34942 0.0491387 0.266792 0.676041
0 0.467706 0.708236 0.089073 0.38739 0.634707
0 0.386144 0.578699 0.0785259 0.491984 0.623562
0 0.934886 0.380624 0.0482035 0.260832 0.620949
0 0.976689 0.390894 0.0418716 0.278384 0.601609
0 0.834756 0.369564 0.0512428 0.289833 0.565903
0 0.268716 0.231842 0.048163 0.223264 0.55268
0 0.122942 0.335346 0.0505759 0.251659 0.550325
0 0.291826 0.559576 0.075898 0.480973 0.506942
0 0.644926 0.341881 0.0527565 0.25465 0.486469
0 0.621964 0.298735 0.0262877 0.183672 0.467221
0 0.238991 0.635481 0.0968347 0.352852 0.295207
0 0.600191 0.652324 0.17015 0.402415 0.279399
0 0.144632 0.559104 0.0637108 0.192841 0.274709
0 0.524424 0.318054 0.0488968 0.208332 0.271289
0 0.816351 0.381156 0.0344259 0.233473 0.260105
0 0.157015 0.633791 0.0947201 0.333902 0.190443
0 0.433635 0.30516 0.0558563 0.187023 0.181731
0 0.300981 0.598768 0.0591657 0.397434 0.172954
0 0.468411 0.268379 0.0411577 0.131224 0.168547
0 0.336193 0.591686 0.0484445 0.324092 0.167506
0 0.827153 0.37622 0.0489197 0.266101 0.147019
0 0.129387 0.637918 0.151664 0.344967 0.144692
0 0.65518 0.335215 0.0409564 0.248249 0.134327
0 0.242306 0.523034 0.199567 0.418663 0.133678
0 0.812054 0.385378 0.0282308 0.206885 0.110974
0 0.149736 0.589558 0.0783964 0.252004 0.106353
0 0.568058 0.620972 0.117295 0.296864 0.103562
0 0.62664 0.560966 0.0538841 0.227935 0.103301
0 0.175368 0.61483 0.136841 0.36006 0.101339
0 0.486934 0.448467 0.0788033 0.277391 0.0933677
0 0.333694 0.55098 0.0548323 0.430129 0.0858793
0 0.622282 0.614514 0.12376 0.327154 0.0816867
0 0.640149 0.605955 0.0869134 0.321059 0.0810169
0 0.66629 0.321978 0.020738 0.221148 0.0801473
0 0.621265 0.269008 0.0240551 0.120419 0.0794718
0 0.113738 0.335491 0.0319356 0.244963 0.0789046
0 0.332496 0.341122 0.0547015 0.167958 0.0781538
0 0.503991 0.464828 0.109917 0.309099 0.0731786
0 0.284318 0.453027 0.0654625 0.266499 0.0719783
0 0.581398 0.56552 0.07549 0.187216 0.0704935
0 0.525458 0.447996 0.0914934 0.323283 0.0677329
0 0.837396 0.378672 0.0374672 0.262717 0.062349
0 0.470152 0.295486 0.0410907 0.185674 0.0591638
0 0.53312 0.51961 0.071808 0.216435 0.0587009
0 0.163706 0.56317 0.105903 0.206532 0.0584972
0 0.62753 0.528137 0.0516035 0.166928 0.0584669
0 0.586165 0.649794 0.0904443 0.197773 0.0559474
0 0.5554 0.541846 0.0967206 0.168004 0.0546453
0 0.598338 0.563672 0.11457 0.230857 0.0500905
