0 0.64683 0.800605 0.0867644 0.381952 0.731126
0 0.755575 0.783727 0.0585441 0.341861 0.693028
0 0.514503 0.782308 0.0638302 0.420884 0.681764
0 0.938651 0.744367 0.0432762 0.259025 0.674483
0 0.450452 0.783416 0.066687 0.417316 0.614975
0 0.808947 0.7995 0.058202 0.382216 0.544541
0 0.840337 0.805352 0.0561477 0.380221 0.528734
0 0.888567 0.778204 0.050515 0.349602 0.459589
0 0.601643 0.796909 0.0434072 0.24126 0.409329
0 0.728905 0.764343 0.0459841 0.31677 0.265161
0 0.821099 0.801979 0.0743444 0.39157 0.224163
0 0.307774 0.801318 0.0710647 0.284236 0.201207
0 0.544786 0.831143 0.0310799 0.19349 0.200355
0 0.828032 0.867758 0.0763004 0.241031 0.176764
0 0.982895 0.789371 0.0335949 0.19757 0.164729
0 0.984872 0.831874 0.0297373 0.316366 0.145762
0 0.348938 0.788282 0.0402097 0.248288 0.144775
0 0.719529 0.756597 0.0536438 0.302567 0.144333
0 0.874886 0.752006 0.0361279 0.279802 0.123164
0 0.233076 0.834834 0.0603194 0.312086 0.110896
0 0.809275 0.718021 0.0563143 0.222333 0.107955
0 0.347214 0.726549 0.0356548 0.126606 0.105743
0 0.713448 0.7592 0.034508 0.306889 0.099229
0 0.118287 0.716847 0.0289726 0.0964399 0.0982743
0 0.384455 0.810496 0.0537483 0.327547 0.0950213
0 0.204932 0.832741 0.111784 0.323612 0.0948298
0 0.360513 0.805091 0.0623308 0.287789 0.0938796
0 0.148671 0.717922 0.0338184 0.100138 0.0841404
0 0.893708 0.772149 0.033605 0.339517 0.0826431
0 0.895917 0.730419 0.0325611 0.249289 0.0777531
0 0.989273 0.823974 0.0209095 0.332281 0.071701
0 0.980144 0.762371 0.0391224 0.263327 0.0704262
0 0.543154 0.769273 0.0295733 0.394137 0.0691645
0 0.0210864 0.709431 0.0421728 0.179843 0.0676456
0 0.416259 0.817353 0.0399425 0.303146 0.0645458
0 0.856227 0.797023 0.0539757 0.372674 0.0608096
0 0.308169 0.758528 0.0685733 0.198656 0.0597396
0 0.688426 0.708664 0.0247559 0.168089 0.055956
0 0.897216 0.696997 0.0293874 0.188765 0.0531117
0 0.0287061 0.666406 0.0257812 0.0866192 0.0506397
