0 0.492507 0.526569 0.0759464 0.267746 0.814206
0 0.334212 0.746922 0.197386 0.399243 0.789519
0 0.65875 0.507137 0.0756821 0.185307 0.771536
0 0.136178 0.455224 0.0632836 0.126985 0.667309
0 0.0324416 0.642571 0.064572 0.26546 0.652804
0 0.316404 0.449923 0.064405 0.149723 0.534647
0 0.743507 0.473673 0.0485626 0.15819 0.530405
0 0.373131 0.468094 0.0822633 0.221464 0.520932
0 0.947772 0.883845 0.103595 0.230999 0.383901
0 0.474411 0.877534 0.110647 0.243637 0.362201
0 0.0921509 0.423724 0.0407668 0.117569 0.345533
0 0.599959 0.879451 0.158496 0.23981 0.329666
0 0.264499 0.591233 0.0599736 0.255865 0.300649
0 0.861862 0.635317 0.0627302 0.146264 0.256707
0 0.769854 0.797038 0.121183 0.238261 0.227712
0 0.794194 0.411168 0.0381255 0.125328 0.210965
0 0.80347 0.650594 0.0553094 0.144089 0.190796
0 0.426689 0.406451 0.0435638 0.131218 0.175158
0 0.712598 0.861632 0.137385 0.272591 0.17319
0 0.511536 0.395799 0.0495058 0.107779 0.170707
0 0.217326 0.41477 0.0344982 0.0981282 0.168496
0 0.378289 0.490004 0.0705925 0.175093 0.155327
0 0.247727 0.42612 0.0531239 0.121052 0.123173
0 0.0215898 0.654809 0.0429237 0.226411 0.111805
0 0.920367 0.484521 0.0361328 0.134348 0.10894
0 0.2139 0.983162 0.0621115 0.0336768 0.104736
0 0.928753 0.582273 0.0502327 0.105915 0.095056
0 0.675267 0.394705 0.0308037 0.109923 0.0898746
0 0.0667106 0.400824 0.0219155 0.116605 0.0889314
0 0.841371 0.395971 0.0343173 0.112451 0.0846436
0 0.18951 0.390548 0.0238486 0.0875496 0.0804199
0 0.898215 0.415269 0.0331356 0.173975 0.0773816
0 0.827336 0.683266 0.10484 0.215063 0.0734932
0 0.564647 0.386678 0.028542 0.097156 0.0717119
0 0.910206 0.411611 0.054654 0.182624 0.0679166
0 0.839006 0.715816 0.107677 0.150562 0.0632946
0 0.526376 0.820859 0.0604781 0.112363 0.0554263
0 0.280604 0.589549 0.0926385 0.259229 0.0510149
0 0.808462 0.682939 0.0666809 0.208265 0.0500773
