0 0.680151 0.708651 0.464977 0.566967 0.89025
0 0.325325 0.667809 0.359467 0.646781 0.884514
0 0.8871 0.436336 0.0889924 0.438934 0.876847
0 0.156179 0.632437 0.248853 0.670038 0.870902
0 0.796205 0.468075 0.170571 0.426848 0.837394
0 0.648431 0.289912 0.0659022 0.28925 0.65033
0 0.372821 0.361934 0.0677556 0.31297 0.575268
0 0.603385 0.483354 0.150334 0.564951 0.494763
0 0.028917 0.39614 0.0576511 0.380638 0.487098
0 0.0985111 0.469673 0.0805715 0.422716 0.438667
0 0.565918 0.482833 0.224875 0.562874 0.296636
0 0.429989 0.266918 0.0559423 0.266236 0.175627
0 0.496359 0.475336 0.104297 0.422527 0.149674
0 0.303123 0.316877 0.0892539 0.236654 0.141119
0 0.423438 0.292844 0.0688813 0.315762 0.125714
0 0.314218 0.265498 0.0574041 0.127636 0.122367
0 0.484067 0.405734 0.0782882 0.283788 0.117767
0 0.885267 0.133972 0.0191935 0.102325 0.10481
0 0.946293 0.134476 0.0219306 0.106808 0.0959346
0 0.484542 0.227424 0.0708601 0.18246 0.093975
0 0.0955947 0.376842 0.0750604 0.2361 0.0918748
0 0.217605 0.289111 0.0854739 0.241165 0.0840267
0 0.216943 0.234161 0.0819173 0.130517 0.0675728
0 0.552521 0.227733 0.0346009 0.135576 0.0610585
0 0.985703 0.141345 0.0217478 0.0946841 0.0578905
0 0.31715 0.282234 0.0691514 0.16076 0.0564414
0 0.80632 0.140656 0.0165993 0.0867409 0.0510146
