0 0.221691 0.456279 0.0724482 0.329637 0.851031
0 0.336734 0.4102 0.0577493 0.238038 0.769177
0 0.507775 0.386946 0.0425304 0.205375 0.737608
0 0.481189 0.39001 0.0631556 0.223689 0.708276
0 0.692062 0.352132 0.042688 0.184892 0.663802
0 0.839622 0.320512 0.04095 0.156759 0.637734
0 0.731145 0.339249 0.0508299 0.181274 0.572883
0 0.635731 0.353076 0.021665 0.0672484 0.525494
0 0.618224 0.358674 0.0165489 0.0576403 0.514139
0 0.403679 0.472389 0.0160578 0.141673 0.50381
0 0.885071 0.31329 0.0486107 0.14711 0.460659
0 0.739949 0.334801 0.0337042 0.172974 0.383041
0 0.805442 0.269396 0.0132366 0.0552104 0.299434
0 0.903271 0.324895 0.0242901 0.0978664 0.214299
0 0.786391 0.252762 0.0127115 0.0399462 0.0875923
0 0.460216 0.2716 0.0130364 0.0396174 0.0706175
0 0.591983 0.379671 0.0242197 0.0275283 0.0644614
0 0.786792 0.260278 0.0127294 0.0530151 0.0635979
0 0.807649 0.300854 0.0184026 0.119509 0.0634346
0 0.803238 0.347433 0.0124937 0.0566806 0.0564646
