0 0.170618 0.846302 0.0715714 0.238859 0.799454
0 0.346497 0.840968 0.0551364 0.220925 0.796374
0 0.553397 0.900333 0.0778785 0.198484 0.72662
0 0.282556 0.830401 0.0601517 0.128594 0.629143
0 0.616164 0.785694 0.06715 0.181804 0.605721
0 0.444149 0.78848 0.0551424 0.151007 0.544153
0 0.852292 0.699272 0.0373138 0.110104 0.518451
0 0.974703 0.832326 0.0497505 0.197709 0.487444
0 0.0946454 0.788515 0.0308827 0.183025 0.482205
0 0.120854 0.793624 0.0449959 0.179004 0.436119
0 0.468101 0.663436 0.0346032 0.119232 0.423901
0 0.989772 0.677768 0.0197369 0.118495 0.403377
0 0.915109 0.692507 0.0223671 0.0993998 0.360956
0 0.116998 0.654498 0.0320727 0.109489 0.352724
0 0.737806 0.684909 0.0300695 0.129167 0.305815
0 0.783145 0.699347 0.0269455 0.125714 0.270807
0 0.506709 0.653194 0.0265745 0.136582 0.261621
0 0.885713 0.698717 0.0243786 0.0987986 0.245448
0 0.651878 0.699582 0.0288317 0.138938 0.228638
0 0.344425 0.661956 0.0282227 0.114727 0.222653
0 0.187596 0.639255 0.0237291 0.0893674 0.221413
0 0.0434263 0.653855 0.0258662 0.115441 0.199299
0 0.00999074 0.721768 0.0199815 0.0909798 0.185457
0 0.576015 0.787159 0.0265348 0.134592 0.183552
0 0.267916 0.653867 0.0367045 0.0640127 0.169036
0 0.925905 0.661806 0.030617 0.105847 0.163125
0 0.223207 0.651926 0.0269917 0.0647092 0.149039
0 0.681178 0.683332 0.0283875 0.107582 0.135744
0 0.391505 0.552401 0.021593 0.0912062 0.135392
0 0.814209 0.704918 0.0224369 0.101944 0.134226
0 0.58648 0.660823 0.0235841 0.10561 0.131386
0 0.645013 0.585707 0.0269104 0.0862063 0.126488
0 0.820452 0.623202 0.0304731 0.114917 0.119816
0 0.680939 0.587033 0.0249787 0.0710538 0.113913
0 0.530491 0.630332 0.0230441 0.0945157 0.113607
0 0.568148 0.642549 0.029534 0.11104 0.113174
0 0.602849 0.562351 0.0196747 0.0809995 0.105803
0 0.713495 0.605438 0.0279655 0.0788175 0.104074
0 0.164987 0.637914 0.025308 0.0900717 0.099774
0 0.709123 0.679089 0.0239953 0.0898678 0.0992227
0 0.0172078 0.621986 0.02159 0.072551 0.0949962
0 0.550204 0.67953 0.0233373 0.108806 0.0831821
0 0.279066 0.556186 0.0208707 0.0704012 0.079831
0 0.758541 0.612201 0.0342424 0.0930256 0.0590742
0 0.0613015 0.55975 0.020876 0.07445 0.0511782
