0 0.271994 0.601183 0.127253 0.448323 0.905748
0 0.955514 0.536367 0.0860279 0.306574 0.903624
0 0.385907 0.587489 0.0998466 0.364228 0.902136
0 0.729773 0.52834 0.0679245 0.280311 0.895453
0 0.463767 0.62033 0.0947716 0.448386 0.872201
0 0.148053 0.618462 0.109079 0.40531 0.8516
0 0.820385 0.544623 0.0731272 0.279092 0.850686
0 0.610839 0.597355 0.0919772 0.456386 0.846618
0 0.522132 0.53803 0.0385246 0.199098 0.827817
0 0.663928 0.520092 0.0419141 0.170946 0.74961
0 0.203667 0.570864 0.0522189 0.297233 0.742555
0 0.0959602 0.544089 0.0489624 0.264764 0.595017
0 0.977747 0.497526 0.0435012 0.227587 0.170629
0 0.0975754 0.576873 0.0421951 0.198836 0.11923
0 0.987696 0.516344 0.0236855 0.185328 0.0726316
0 0.98371 0.507633 0.031812 0.196359 0.0604487
