0 0.542178 0.526534 0.0375174 0.170364 0.783686
0 0.323379 0.551776 0.0510171 0.185197 0.773837
0 0.727221 0.545794 0.0476794 0.166776 0.768014
0 0.23328 0.535291 0.0502938 0.193552 0.764868
0 0.490018 0.538991 0.0365731 0.18791 0.752483
0 0.389044 0.538094 0.0422029 0.18648 0.705132
0 0.627407 0.525608 0.0402263 0.183053 0.689292
0 0.581941 0.52725 0.034009 0.17043 0.544873
0 0.413857 0.52904 0.0313204 0.18358 0.531629
0 0.602742 0.546971 0.0321329 0.161783 0.528918
0 0.440743 0.539423 0.0345575 0.166276 0.460742
0 0.295793 0.529668 0.0340616 0.168355 0.302812
0 0.46372 0.529989 0.0281061 0.154814 0.244434
0 0.513585 0.511258 0.0223245 0.124923 0.24374
0 0.468049 0.525918 0.0233658 0.14444 0.1285
0 0.591988 0.53427 0.0455287 0.179574 0.0958273
