0 0.848135 0.612291 0.0668133 0.326101 0.71126
0 0.717272 0.697712 0.0847492 0.412951 0.648001
0 0.449715 0.711882 0.0665138 0.34945 0.555606
0 0.0370877 0.506697 0.0558877 0.310036 0.533634
0 0.719293 0.0694615 0.0412479 0.138923 0.50984
0 0.345218 0.657388 0.0612995 0.343198 0.486851
0 0.0933904 0.532863 0.0667635 0.313339 0.471536
0 0.219462 0.583295 0.0712242 0.32805 0.468883
0 0.152661 0.551144 0.0620187 0.320986 0.465095
0 0.779194 0.342385 0.0567874 0.327244 0.43517
0 0.574336 0.662363 0.0679102 0.353061 0.42549
0 0.621691 0.606345 0.0623099 0.319809 0.417208
0 0.286822 0.620275 0.0590347 0.343209 0.408943
0 0.499947 0.631114 0.0594502 0.319374 0.368916
0 0.753649 0.646314 0.0430603 0.346663 0.261984
0 0.662239 0.536616 0.0520828 0.300361 0.255901
0 0.409664 0.588973 0.0643698 0.316223 0.241173
0 0.868253 0.522074 0.0643692 0.337485 0.210672
0 0.318114 0.451185 0.0487404 0.237824 0.150866
0 0.425456 0.412566 0.0487446 0.209411 0.139864
0 0.257182 0.517352 0.044996 0.313523 0.136979
0 0.375572 0.342549 0.0473826 0.128062 0.134103
0 0.733794 0.450797 0.0301022 0.0751787 0.0900616
0 0.292695 0.230102 0.0388752 0.143762 0.0805598
0 0.539966 0.564019 0.0409306 0.285095 0.0804862
0 0.479325 0.492077 0.0399641 0.218009 0.0678572
0 0.507935 0.411767 0.0356276 0.137663 0.0624242
0 0.13518 0.405575 0.0502783 0.20988 0.0617477
0 0.201416 0.439867 0.0614355 0.219956 0.0599681
0 0.0704261 0.372509 0.047012 0.157062 0.0526152
