0 0.341741 0.75943 0.510403 0.166186 0.851556
0 0.123433 0.653907 0.179522 0.316962 0.843503
0 0.108747 0.400354 0.0700473 0.23706 0.711353
0 0.802081 0.385384 0.0249565 0.114371 0.672626
0 0.834235 0.38164 0.0277378 0.104792 0.578089
0 0.865841 0.377281 0.0381857 0.108487 0.544748
0 0.434684 0.423636 0.0324459 0.133368 0.525114
0 0.0290866 0.444536 0.0273827 0.135871 0.48293
0 0.767834 0.386414 0.0223126 0.112901 0.422733
0 0.504125 0.404225 0.0266112 0.119825 0.397622
0 0.238865 0.432373 0.039454 0.150708 0.393049
0 0.909194 0.373994 0.0229963 0.100992 0.314197
0 0.941743 0.369485 0.0235282 0.0916342 0.301528
0 0.066164 0.445543 0.0583992 0.148915 0.297609
0 0.822818 0.381474 0.0149017 0.104413 0.261928
0 0.737053 0.389333 0.0195206 0.107221 0.236505
0 0.86012 0.377606 0.0272633 0.106102 0.231369
0 0.212271 0.4237 0.0313379 0.143055 0.222064
0 0.751682 0.391245 0.0189989 0.104274 0.218092
0 0.0103354 0.436955 0.0206251 0.141031 0.217481
0 0.525318 0.40235 0.0207688 0.116036 0.215535
0 0.546087 0.406005 0.0261978 0.110483 0.188587
0 0.56975 0.379793 0.0246273 0.092793 0.187282
0 0.259371 0.431082 0.0232326 0.128138 0.129168
0 0.0752342 0.444962 0.0417168 0.148486 0.104946
0 0.737517 0.372136 0.0191047 0.0707693 0.0956154
0 0.742809 0.390991 0.0283636 0.106461 0.0951225
0 0.695943 0.38257 0.0241106 0.0874985 0.0911896
0 0.675013 0.396708 0.0185732 0.110086 0.0789656
0 0.910103 0.355921 0.0236271 0.0634114 0.075858
0 0.698421 0.392261 0.0325374 0.103891 0.0657678
0 0.0558456 0.910807 0.110987 0.175701 0.0613374
0 0.0262219 0.909088 0.0521988 0.173065 0.0579969
0 0.912613 0.384736 0.0272664 0.12205 0.0507477
