0 0.0430062 0.776808 0.0716812 0.150106 0.398506
0 0.180568 0.7786 0.0697695 0.148565 0.247859
0 0.58969 0.810332 0.0898935 0.196352 0.211833
0 0.0143796 0.610203 0.0287142 0.145035 0.184312
0 0.64362 0.594998 0.0439096 0.170531 0.162414
0 0.313425 0.773464 0.070456 0.156419 0.15599
0 0.242671 0.592797 0.0378537 0.101651 0.121423
0 0.305324 0.563217 0.0314807 0.079361 0.110889
0 0.120077 0.598177 0.0345063 0.101768 0.106901
0 0.861886 0.776946 0.0871216 0.179534 0.10473
0 0.30015 0.531474 0.0344978 0.0963264 0.103705
0 0.384181 0.601446 0.0355159 0.139284 0.0797959
0 0.780973 0.553277 0.0307486 0.119754 0.0797019
0 0.230891 0.541347 0.0328229 0.0838593 0.0745374
0 0.0441731 0.590434 0.0289214 0.0962674 0.0645617
0 0.138039 0.535225 0.0314937 0.139213 0.0623913
