0 0.118757 0.602386 0.0641501 0.287286 0.567249
0 0.618143 0.609995 0.0422703 0.209418 0.541729
0 0.167341 0.604535 0.0580424 0.260294 0.531886
0 0.216422 0.615529 0.0463926 0.227181 0.448319
0 0.41097 0.609701 0.0479118 0.225501 0.405337
0 0.788719 0.606014 0.0397764 0.211076 0.398982
0 0.657703 0.607482 0.0380289 0.20972 0.398278
0 0.699501 0.610055 0.0505037 0.208786 0.396301
0 0.0578791 0.622275 0.0764513 0.253951 0.391075
0 0.897149 0.603473 0.0439295 0.22252 0.381092
0 0.947646 0.612471 0.0373432 0.210318 0.377539
0 0.451104 0.606942 0.0403161 0.225991 0.358268
0 0.256855 0.610674 0.0469812 0.222144 0.344082
0 0.51453 0.614275 0.0361024 0.203838 0.320213
0 0.544678 0.613595 0.0312565 0.205348 0.309981
0 0.577928 0.606558 0.0432327 0.21228 0.307241
0 0.860019 0.606238 0.0355202 0.207804 0.255066
0 0.486828 0.612657 0.0382038 0.214138 0.236732
0 0.0400531 0.623036 0.0434806 0.255242 0.231564
0 0.971624 0.609711 0.0187571 0.226475 0.22831
0 0.486759 0.548542 0.0330053 0.0812304 0.183249
0 0.735188 0.601165 0.037343 0.217648 0.164043
0 0.118895 0.51722 0.0642908 0.117636 0.159834
0 0.355173 0.60426 0.0433474 0.23873 0.159738
0 0.410617 0.543679 0.0447523 0.0916326 0.152972
0 0.315902 0.610399 0.0430201 0.232218 0.152967
0 0.451102 0.542062 0.0398562 0.0978573 0.15229
0 0.657418 0.54232 0.0350838 0.0802211 0.13728
0 0.356476 0.534156 0.0399157 0.101138 0.131891
0 0.896656 0.534902 0.0417526 0.0851158 0.128736
0 0.818216 0.604371 0.0396397 0.214513 0.128512
0 0.832719 0.537053 0.0275642 0.0888208 0.128065
0 0.0323365 0.626044 0.0332126 0.252701 0.126343
0 0.578639 0.543694 0.040669 0.0833558 0.121277
0 0.544251 0.546735 0.0297985 0.0729304 0.119424
0 0.38281 0.537714 0.0261322 0.096143 0.11744
0 0.788735 0.543898 0.0373279 0.0813834 0.115664
0 0.316757 0.540477 0.0363899 0.0960008 0.10658
0 0.5135 0.549471 0.0349651 0.0714143 0.103696
0 0.758337 0.602473 0.0318491 0.210428 0.0998508
0 0.75923 0.538877 0.0273649 0.0807151 0.0969376
0 0.816758 0.541318 0.0333479 0.0871364 0.0960214
0 0.281011 0.60914 0.032153 0.220688 0.0952989
0 0.732367 0.536409 0.0314271 0.0955278 0.0941073
0 0.544966 0.582547 0.0292744 0.143003 0.0923841
0 0.471961 0.522943 0.0209696 0.0615666 0.0910028
0 0.216218 0.543728 0.0435158 0.0803113 0.0908712
0 0.381276 0.604688 0.0352934 0.235104 0.0886133
0 0.281423 0.542882 0.0301943 0.0859557 0.088404
0 0.935367 0.613895 0.0384378 0.206673 0.0824055
0 0.619011 0.543003 0.040205 0.0748573 0.077066
0 0.701134 0.54619 0.0467857 0.0810368 0.0745
0 0.861538 0.543063 0.0345169 0.0797589 0.0713288
0 0.831337 0.602094 0.0314403 0.220271 0.0707852
0 0.300693 0.60832 0.0402324 0.233404 0.0650202
0 0.254597 0.541735 0.0372045 0.0827725 0.0587558
0 0.170976 0.528175 0.0473736 0.103371 0.0500324
