0 0.584797 0.667797 0.0775815 0.316891 0.851813
0 0.919787 0.687552 0.0904896 0.326853 0.76443
0 0.640032 0.632768 0.048472 0.232674 0.662534
0 0.97121 0.681612 0.0568188 0.29108 0.655725
0 0.765612 0.685629 0.0564656 0.285443 0.613743
0 0.0105409 0.456763 0.0210336 0.0562 0.612108
0 0.868126 0.654939 0.0466282 0.207345 0.556861
0 0.678033 0.67284 0.0447359 0.252455 0.513129
0 0.802361 0.675957 0.0773226 0.268903 0.450751
0 0.825861 0.637275 0.0441618 0.221528 0.446757
0 0.715471 0.683527 0.066612 0.313679 0.430342
0 0.054346 0.462212 0.0283797 0.0508043 0.409971
0 0.131606 0.46779 0.0206884 0.0437362 0.285203
0 0.719573 0.651874 0.0606086 0.247703 0.257831
0 0.104917 0.463811 0.0125164 0.0521753 0.226035
0 0.0362425 0.458181 0.0222214 0.064896 0.21382
0 0.211776 0.47564 0.0310495 0.0424836 0.202806
0 0.438724 0.563984 0.0318499 0.0873816 0.186076
0 0.462792 0.567108 0.0261442 0.133987 0.185791
0 0.883368 0.627313 0.026403 0.183211 0.182637
0 0.786474 0.67875 0.0468398 0.270741 0.173138
0 0.533838 0.607914 0.0357621 0.16396 0.134041
0 0.285654 0.483972 0.0165383 0.0434183 0.121328
0 0.0747541 0.462155 0.014119 0.0509014 0.108209
0 0.177565 0.472716 0.0270834 0.0435351 0.0974397
0 0.181278 0.472616 0.0249545 0.0391083 0.0964155
0 0.497328 0.548521 0.0263405 0.132881 0.096149
0 0.565563 0.521526 0.0246941 0.0870616 0.0941826
0 0.532643 0.644912 0.0378286 0.246177 0.0916195
0 0.107555 0.464048 0.0173302 0.0533491 0.0885824
0 0.164342 0.47247 0.0312867 0.0403509 0.0878815
0 0.156369 0.471946 0.0189382 0.0372722 0.0790552
0 0.242599 0.476431 0.0191061 0.0446871 0.0741418
0 0.143684 0.472539 0.0178323 0.0367552 0.0701938
0 0.739725 0.657255 0.026276 0.246915 0.0592544
0 0.07678 0.460444 0.0127718 0.0507037 0.0524148
