0 0.929472 0.685671 0.120454 0.476376 0.875163
0 0.811713 0.650753 0.113768 0.448654 0.670643
0 0.865504 0.678424 0.0671574 0.436543 0.491312
0 0.527467 0.556668 0.0598543 0.262081 0.458869
0 0.625529 0.591469 0.0584912 0.313353 0.4532
0 0.695232 0.624007 0.0677383 0.36622 0.403755
0 0.584334 0.573226 0.0593907 0.300026 0.399082
0 0.478472 0.537174 0.0457486 0.22573 0.390721
0 0.660453 0.613494 0.0637733 0.329415 0.347957
0 0.735494 0.657363 0.0550396 0.322934 0.307991
0 0.959935 0.474329 0.0323681 0.0981251 0.302772
0 0.40742 0.508267 0.0446381 0.198649 0.288688
0 0.778278 0.67402 0.0718885 0.337611 0.232428
0 0.961 0.53814 0.0502426 0.103244 0.179228
0 0.573668 0.569139 0.0528826 0.288165 0.178417
0 0.0612017 0.435199 0.0142782 0.0554258 0.172578
0 0.117788 0.435233 0.0160827 0.0555902 0.162933
0 0.960213 0.512136 0.0460999 0.156166 0.156433
0 0.365674 0.487023 0.0421801 0.17683 0.156272
0 0.0169664 0.431528 0.0140688 0.0578516 0.154224
0 0.646274 0.602066 0.0477249 0.313378 0.133548
0 0.440651 0.522506 0.0406767 0.215807 0.131229
0 0.592846 0.579124 0.0418024 0.293877 0.099347
0 0.0408962 0.431968 0.0139043 0.0559462 0.0978709
0 0.563948 0.569998 0.0496501 0.288839 0.0752395
0 0.0369703 0.431305 0.0160974 0.0583998 0.0715807
0 0.0341113 0.431924 0.0160274 0.05813 0.0711675
0 0.932893 0.452221 0.0268154 0.0668131 0.0702039
0 0.0304992 0.431774 0.0126971 0.0572042 0.0679653
0 0.431637 0.516875 0.0491526 0.210155 0.0597822
0 0.962466 0.567536 0.0543409 0.166332 0.054462
0 0.790953 0.69468 0.049668 0.314983 0.0527319
0 0.244076 0.454443 0.0155997 0.0776529 0.051394
