0 0.256641 0.406862 0.224925 0.581892 0.893653
0 0.740059 0.35416 0.0837197 0.316 0.825525
0 0.564505 0.367287 0.0986764 0.404378 0.813376
0 0.656754 0.346909 0.0730382 0.302645 0.774979
0 0.427857 0.385341 0.101063 0.376648 0.755241
0 0.0987511 0.363658 0.17094 0.444797 0.684507
0 0.346069 0.359825 0.0783124 0.32307 0.672403
0 0.945413 0.321955 0.0485191 0.178598 0.520959
0 0.158023 0.324324 0.0799674 0.272024 0.510976
0 0.858983 0.313071 0.0760982 0.249547 0.500378
0 0.517479 0.363186 0.0599945 0.28202 0.431556
0 0.698912 0.336468 0.0489149 0.254807 0.367517
0 0.911348 0.300868 0.036821 0.127253 0.287646
0 0.792024 0.311748 0.0501733 0.18438 0.282064
0 0.0265774 0.400774 0.0528752 0.495476 0.239041
0 0.978311 0.307547 0.0398548 0.130119 0.237644
0 0.469844 0.341474 0.0614363 0.278824 0.210266
0 0.465825 0.258646 0.0551164 0.116193 0.196966
0 0.617251 0.326173 0.040323 0.24892 0.179452
0 0.0527789 0.380585 0.103524 0.466477 0.130077
0 0.696533 0.256879 0.0377641 0.0914931 0.10646
0 0.911642 0.322495 0.0397122 0.172149 0.105106
0 0.0795461 0.397769 0.157908 0.493175 0.101552
0 0.0730163 0.29084 0.104392 0.301877 0.0880975
0 0.787188 0.26102 0.0376657 0.0788325 0.080936
0 0.15543 0.272293 0.0733698 0.166425 0.0780955
0 0.618332 0.283721 0.0379781 0.164377 0.0597935
