0 0.155088 0.571339 0.112266 0.575348 0.882377
0 0.272266 0.557928 0.129054 0.595676 0.86241
0 0.596096 0.570372 0.114759 0.590596 0.830747
0 0.386962 0.567067 0.118413 0.597611 0.803815
0 0.790401 0.583648 0.114154 0.54405 0.784016
0 0.493012 0.581072 0.122931 0.574078 0.760259
0 0.69446 0.5836 0.113837 0.570232 0.741944
0 0.830067 0.471625 0.103019 0.521346 0.650342
0 0.213225 0.318416 0.0819907 0.220695 0.485116
0 0.728139 0.305353 0.0933552 0.216317 0.434443
0 0.647597 0.306748 0.0683899 0.19207 0.395264
0 0.54922 0.310677 0.0815682 0.200532 0.346215
0 0.311757 0.306886 0.0712662 0.195404 0.255025
0 0.46333 0.306455 0.0754307 0.198154 0.253017
0 0.369917 0.291306 0.0668544 0.165916 0.146026
0 0.382033 0.293882 0.0931362 0.172769 0.0884331
0 0.549966 0.468379 0.0810385 0.515098 0.077179
0 0.829741 0.370453 0.102616 0.319097 0.0514082
