0 0.450711 0.609085 0.2578 0.765462 0.929943
0 0.0920767 0.32707 0.134474 0.413135 0.8046
0 0.74398 0.486164 0.125823 0.538288 0.788248
0 0.181112 0.289888 0.0866792 0.325923 0.77455
0 0.957608 0.563858 0.0839066 0.35289 0.722694
0 0.0334417 0.355864 0.0666685 0.391352 0.713721
0 0.891152 0.445024 0.11438 0.298065 0.697014
0 0.286667 0.29158 0.052964 0.239382 0.627873
0 0.957 0.371567 0.0852009 0.726443 0.493255
0 0.504013 0.306608 0.0498555 0.22368 0.443444
0 0.239158 0.273951 0.0340194 0.17747 0.372314
0 0.907775 0.192212 0.0401114 0.0882591 0.230103
0 0.958263 0.229341 0.0826138 0.445031 0.216192
0 0.885651 0.295631 0.0728718 0.129681 0.203292
0 0.831626 0.292001 0.0524351 0.187785 0.191676
0 0.322632 0.275906 0.0418105 0.182421 0.179855
0 0.456654 0.231454 0.0487648 0.0994526 0.141741
0 0.834751 0.248328 0.0450663 0.102243 0.0846366
0 0.890682 0.39204 0.107115 0.189891 0.0809448
0 0.137279 0.270446 0.0420608 0.276761 0.0808736
0 0.879946 0.318142 0.0860733 0.177842 0.0737846
0 0.88802 0.23438 0.0305359 0.0605587 0.0705752
0 0.981463 0.329234 0.0362502 0.235987 0.0705656
0 0.137708 0.196796 0.040363 0.147768 0.06836
0 0.128267 0.267798 0.0554247 0.278728 0.0628474
0 0.958643 0.157225 0.081846 0.303173 0.0624984
0 0.221797 0.262443 0.0293951 0.184748 0.0616053
0 0.957771 0.299643 0.0834652 0.281003 0.0585181
0 0.94381 0.302866 0.05767 0.254003 0.0564749
0 0.112672 0.23703 0.0552081 0.162318 0.0545546
