0 0.397457 0.700874 0.142404 0.315202 0.768423
0 0.103471 0.648283 0.0895403 0.225593 0.743739
0 0.0454773 0.682221 0.0901757 0.287394 0.687438
0 0.20931 0.6473 0.0766219 0.225166 0.682403
0 0.88227 0.720549 0.0891827 0.303579 0.66517
0 0.692005 0.641622 0.05326 0.169389 0.657287
0 0.594077 0.681529 0.0543165 0.298146 0.605614
0 0.296182 0.626998 0.0435688 0.179222 0.4245
0 0.629606 0.695118 0.0528436 0.27334 0.421786
0 0.982849 0.67107 0.0333931 0.224078 0.396171
0 0.934435 0.696908 0.0878597 0.287714 0.334018
0 0.335906 0.638501 0.0400509 0.206996 0.331204
0 0.265783 0.593338 0.0345607 0.104909 0.305567
0 0.1591 0.634038 0.0436393 0.192964 0.293064
0 0.610848 0.687813 0.0884636 0.29282 0.245629
0 0.506334 0.607699 0.0317335 0.118711 0.208454
0 0.52593 0.607703 0.0306368 0.121341 0.174357
0 0.0156209 0.688133 0.0311379 0.280613 0.15485
0 0.848681 0.622576 0.0602303 0.139739 0.131379
0 0.862373 0.708793 0.0724857 0.285528 0.101855
0 0.718211 0.620289 0.0214645 0.131264 0.101184
0 0.907879 0.71239 0.149033 0.305609 0.0850215
0 0.474041 0.61754 0.0350328 0.145826 0.0835378
0 0.444378 0.6247 0.0486828 0.170117 0.0795323
0 0.850286 0.695325 0.0570782 0.256009 0.0643469
0 0.848461 0.594942 0.0596217 0.0876628 0.0614822
0 0.548263 0.59431 0.0221397 0.0790293 0.0539514
0 0.665551 0.607627 0.028959 0.109379 0.0521236
