0 0.81837 0.593744 0.146338 0.475586 0.893645
0 0.947744 0.58034 0.103592 0.568126 0.891351
0 0.542816 0.596295 0.0997858 0.378369 0.87944
0 0.707171 0.682234 0.171402 0.628357 0.866436
0 0.411665 0.690472 0.103855 0.540059 0.860126
0 0.856567 0.566386 0.0734772 0.453606 0.8246
0 0.195507 0.687708 0.0931783 0.426223 0.770723
0 0.467515 0.572552 0.0617154 0.341361 0.762437
0 0.269778 0.659307 0.0768949 0.397711 0.728225
0 0.576502 0.574839 0.0931171 0.372945 0.713651
0 0.127497 0.668003 0.0781684 0.372915 0.711948
0 0.342837 0.612216 0.063826 0.299365 0.69765
0 0.0794533 0.657168 0.0626335 0.350414 0.486971
0 0.688927 0.42775 0.031881 0.107067 0.408556
0 0.0343512 0.65646 0.0543522 0.291462 0.393358
0 0.30427 0.601841 0.0560786 0.285532 0.331863
0 0.0108989 0.652902 0.0214865 0.274826 0.316284
0 0.2319 0.657502 0.0469285 0.359521 0.214069
0 0.648246 0.586056 0.0657802 0.43045 0.199135
0 0.640061 0.589342 0.0465974 0.420419 0.125541
0 0.230006 0.589836 0.0434558 0.218286 0.124465
0 0.662622 0.587049 0.0943851 0.433302 0.100091
0 0.145989 0.542686 0.0336198 0.107905 0.0862671
0 0.22851 0.55415 0.0397933 0.146517 0.0670838
0 0.0527867 0.655851 0.0272292 0.301195 0.0643782
0 0.146899 0.605276 0.035536 0.236141 0.0600448
0 0.323692 0.500381 0.0320972 0.118359 0.0511998
