0 0.487144 0.852566 0.101017 0.23536 0.746879
0 0.599977 0.850808 0.158635 0.238824 0.709453
0 0.778086 0.845589 0.0842896 0.1906 0.672024
0 0.350736 0.84346 0.121602 0.252826 0.61549
0 0.423783 0.85343 0.0752624 0.225188 0.531373
0 0.963179 0.834833 0.0728036 0.250729 0.479201
0 0.639015 0.755132 0.068986 0.11069 0.329107
0 0.533675 0.733711 0.0633698 0.0898216 0.292693
0 0.748908 0.71767 0.056791 0.0890747 0.13865
0 0.141662 0.718894 0.0480548 0.057526 0.117955
0 0.574267 0.73242 0.0894256 0.0872694 0.109349
0 0.705732 0.722804 0.0406905 0.074625 0.0909924
0 0.686598 0.741173 0.045157 0.0741176 0.0712879
0 0.210334 0.739613 0.0551932 0.0656058 0.0705383
0 0.963457 0.786673 0.0700578 0.156738 0.0633663
0 0.582324 0.714536 0.0562906 0.0504171 0.0532047
0 0.353053 0.720282 0.0410227 0.0846725 0.0502225
