0 0.434475 0.627593 0.095583 0.424641 0.802678
0 0.32479 0.609051 0.106742 0.39993 0.776247
0 0.530424 0.569657 0.0859701 0.383614 0.739934
0 0.246684 0.597836 0.0792726 0.347258 0.714611
0 0.0287214 0.498364 0.0566544 0.157704 0.679229
0 0.653456 0.538551 0.0758789 0.260771 0.668862
0 0.207313 0.587557 0.07208 0.342307 0.612212
0 0.580625 0.542183 0.0570275 0.296002 0.528356
0 0.152886 0.47513 0.0231004 0.10892 0.483955
0 0.365165 0.563295 0.0695359 0.307133 0.483901
0 0.869717 0.478957 0.0348156 0.143244 0.451884
0 0.811272 0.492551 0.0355921 0.159653 0.407164
0 0.770575 0.489299 0.0314102 0.146653 0.343127
0 0.979806 0.46343 0.0324085 0.124237 0.324973
0 0.478595 0.517578 0.0433699 0.223018 0.307598
0 0.837559 0.485199 0.0313912 0.148785 0.273108
0 0.746049 0.492911 0.0406657 0.215571 0.27112
0 0.605976 0.500761 0.0470396 0.255458 0.256642
0 0.913164 0.473823 0.0343762 0.136153 0.195744
0 0.688532 0.514903 0.0467832 0.226114 0.153028
0 0.010762 0.496762 0.0214605 0.163169 0.131435
0 0.283835 0.550004 0.0409729 0.288985 0.108063
0 0.738284 0.498032 0.0529646 0.226934 0.103311
0 0.889443 0.472262 0.0183319 0.123798 0.0834569
0 0.949623 0.461211 0.0266276 0.113683 0.0774181
0 0.935766 0.47043 0.0235067 0.117295 0.0571834
0 0.284221 0.453687 0.036974 0.0964486 0.0560472
0 0.379154 0.470956 0.0372193 0.101966 0.0531501
0 0.719297 0.494818 0.031292 0.20051 0.0521968
0 0.697191 0.50893 0.0358805 0.232977 0.0518615
