0 0.716953 0.612513 0.155979 0.512967 0.869944
0 0.568908 0.60899 0.148444 0.535489 0.855029
0 0.168732 0.562326 0.105545 0.455324 0.854225
0 0.878388 0.57084 0.11171 0.49901 0.8516
0 0.286924 0.554522 0.103629 0.503602 0.824902
0 0.457574 0.65601 0.112868 0.584061 0.800277
0 0.97515 0.751968 0.0486591 0.475779 0.68408
0 0.957847 0.530285 0.0786592 0.417495 0.660734
0 0.783959 0.569133 0.0754648 0.491168 0.630814
0 0.142852 0.3072 0.0535344 0.111725 0.442892
0 0.662827 0.540946 0.073671 0.422345 0.439044
0 0.52101 0.383474 0.0607176 0.186473 0.375147
0 0.406623 0.591248 0.0621392 0.486921 0.367997
0 0.329955 0.507695 0.0599925 0.363309 0.320187
0 0.372814 0.392189 0.0474351 0.240211 0.194063
0 0.577734 0.304148 0.047666 0.0979169 0.164312
0 0.474042 0.328567 0.0516483 0.135023 0.152262
0 0.628659 0.394801 0.0486835 0.148039 0.150406
0 0.706415 0.305363 0.030245 0.0867971 0.14416
0 0.475421 0.369307 0.0539989 0.213686 0.111174
0 0.674004 0.320015 0.051499 0.0792158 0.10175
0 0.664854 0.42404 0.071483 0.186559 0.0810845
0 0.372527 0.356593 0.0460283 0.170099 0.0687963
0 0.141405 0.331499 0.054019 0.161555 0.0662645
0 0.754962 0.383261 0.0404811 0.114643 0.0594745
