0 0.706984 0.512409 0.253796 0.960701 0.9266
0 0.155305 0.478197 0.188144 0.877921 0.900152
0 0.269692 0.401854 0.14938 0.751144 0.886272
0 0.896157 0.160486 0.0637354 0.206441 0.881933
0 0.329075 0.168776 0.0703572 0.150987 0.780257
0 0.603844 0.180426 0.0737244 0.227737 0.692624
0 0.492614 0.18285 0.204391 0.34518 0.67364
0 0.221049 0.133313 0.042159 0.110474 0.660043
0 0.386276 0.160089 0.0430832 0.162528 0.593391
0 0.35373 0.154591 0.0416264 0.165009 0.576252
0 0.844351 0.149455 0.0313827 0.135124 0.573685
0 0.427975 0.143466 0.0371277 0.121549 0.546184
0 0.491825 0.477255 0.20682 0.930458 0.467726
0 0.870358 0.130649 0.0188229 0.119659 0.445992
0 0.592156 0.168822 0.0566818 0.228778 0.426131
0 0.958388 0.110053 0.01448 0.0673949 0.333631
0 0.867822 0.132448 0.028828 0.122911 0.258694
0 0.18605 0.174033 0.0533707 0.15305 0.222841
0 0.551235 0.135 0.0422129 0.124549 0.190427
0 0.82467 0.144963 0.0196605 0.122488 0.178461
0 0.79514 0.247033 0.112315 0.46707 0.176541
0 0.548066 0.16434 0.0491155 0.19144 0.146035
0 0.461231 0.132413 0.141995 0.243712 0.132797
0 0.786128 0.129344 0.0911516 0.225088 0.129345
0 0.0365823 0.187183 0.0296982 0.116919 0.122403
0 0.687096 0.301558 0.0738374 0.125431 0.115525
0 0.584183 0.170018 0.0429711 0.212714 0.0784494
0 0.856819 0.137328 0.0141933 0.114539 0.0731206
0 0.408402 0.14047 0.0182745 0.114758 0.0656154
0 0.184019 0.148887 0.0577366 0.204324 0.0646796
0 0.672472 0.308066 0.101286 0.139501 0.0644308
0 0.194438 0.167963 0.0603367 0.167692 0.0544034
