0 0.122493 0.538839 0.0697823 0.276248 0.89884
0 0.539512 0.535891 0.0780388 0.27595 0.851997
0 0.701591 0.533871 0.0454454 0.267469 0.836886
0 0.366787 0.534944 0.0739644 0.270431 0.803307
0 0.240875 0.523399 0.0638528 0.223692 0.801125
0 0.663264 0.528401 0.0543009 0.270825 0.797169
0 0.626699 0.542105 0.0457035 0.230509 0.779587
0 0.584613 0.536273 0.0337709 0.23765 0.756921
0 0.438892 0.540435 0.0655306 0.246708 0.730926
0 0.778974 0.468429 0.0265192 0.121406 0.635467
0 0.748102 0.473848 0.0245195 0.0965519 0.414518
0 0.934709 0.448097 0.022118 0.0641295 0.237203
0 0.962338 0.453939 0.0216678 0.0653771 0.150782
0 0.963015 0.465001 0.0229776 0.0888307 0.145648
0 0.934439 0.477545 0.0228718 0.12346 0.125579
0 0.978993 0.480304 0.0318418 0.0768242 0.0666144
0 0.19016 0.457968 0.0341038 0.0900168 0.054509
