0 0.945009 0.566226 0.108651 0.641262 0.899497
0 0.849398 0.566164 0.110264 0.635983 0.847626
0 0.448579 0.569105 0.121514 0.675293 0.839749
0 0.74837 0.556816 0.116148 0.656543 0.796436
0 0.314651 0.49603 0.10647 0.618334 0.796296
0 0.552444 0.547487 0.112524 0.649001 0.783387
0 0.645347 0.563173 0.116303 0.643919 0.782038
0 0.262009 0.481143 0.0836214 0.596431 0.742803
0 0.379798 0.510859 0.114429 0.637824 0.721735
0 0.0618449 0.472169 0.091047 0.527056 0.69857
0 0.191955 0.482571 0.0866927 0.564482 0.688179
0 0.12994 0.482174 0.0835944 0.531779 0.667726
0 0.28311 0.486912 0.0858529 0.61117 0.195396
