0 0.338034 0.69952 0.235661 0.586096 0.899243
0 0.777951 0.598667 0.153834 0.684909 0.85868
0 0.592774 0.562106 0.136193 0.463697 0.750158
0 0.445633 0.694835 0.116868 0.602646 0.739431
0 0.0192563 0.544789 0.0381375 0.508015 0.710785
0 0.917596 0.607458 0.0996992 0.484279 0.697322
0 0.132772 0.453385 0.0472011 0.213143 0.396408
0 0.69253 0.517553 0.09461 0.411127 0.378828
0 0.982052 0.642832 0.0350107 0.525629 0.336979
0 0.0842458 0.441732 0.0392025 0.181641 0.285963
0 0.231056 0.446808 0.0432972 0.210989 0.249199
0 0.191298 0.451919 0.0323451 0.212265 0.239134
0 0.95652 0.400715 0.0560518 0.171088 0.128298
0 0.167346 0.446761 0.0307238 0.190747 0.122588
0 0.857726 0.544025 0.0487911 0.425552 0.10575
0 0.433135 0.416026 0.0454032 0.111984 0.0969016
0 0.552045 0.506627 0.0529856 0.24324 0.0779799
0 0.208189 0.454172 0.0313581 0.208485 0.0755615
0 0.0474125 0.433208 0.038428 0.195468 0.07514
0 0.658185 0.50438 0.0398405 0.332552 0.063652
0 0.976596 0.611475 0.0450752 0.473145 0.0635021
0 0.657658 0.388724 0.0340382 0.0998621 0.0586167
0 0.724372 0.402843 0.049226 0.14653 0.0561286
0 0.888374 0.404635 0.0349876 0.108891 0.0557897
0 0.25645 0.454016 0.0305216 0.187346 0.0540083
