0 0.310798 0.664128 0.115781 0.546789 0.832613
0 0.797027 0.666251 0.105671 0.559444 0.695314
0 0.895575 0.71101 0.108988 0.46542 0.682768
0 0.2044 0.662888 0.114033 0.558479 0.651501
0 0.715021 0.600351 0.0949993 0.552039 0.650633
0 0.45977 0.710262 0.0992308 0.469703 0.643027
0 0.117854 0.647193 0.108362 0.587982 0.625868
0 0.0610355 0.569511 0.0874246 0.487089 0.49144
0 0.399412 0.607727 0.108846 0.529299 0.444487
0 0.556552 0.684203 0.103039 0.518753 0.387762
0 0.626273 0.590163 0.107959 0.568759 0.251362
0 0.908821 0.462043 0.0924531 0.280426 0.22483
0 0.843674 0.452053 0.0815773 0.226017 0.174334
0 0.410065 0.340545 0.118411 0.193602 0.170147
0 0.504861 0.439505 0.109388 0.298801 0.16858
0 0.235271 0.348002 0.0503704 0.125583 0.133188
0 0.320519 0.384837 0.0607677 0.206389 0.130498
0 0.263861 0.410958 0.0692312 0.193361 0.113833
0 0.626277 0.455959 0.109202 0.299624 0.102393
0 0.762357 0.354092 0.058194 0.129475 0.0997765
0 0.138777 0.325676 0.0732783 0.154231 0.0959605
0 0.859122 0.34419 0.0528488 0.175616 0.0919428
0 0.59204 0.347484 0.0725675 0.149604 0.0683086
0 0.791498 0.282008 0.0776323 0.141122 0.0641446
0 0.627947 0.693268 0.0736068 0.36299 0.0607848
0 0.139247 0.356112 0.0805779 0.221929 0.0604877
0 0.689315 0.335161 0.0650442 0.140205 0.0536627
0 0.18881 0.393125 0.0704966 0.171356 0.0526268
