0 0.410361 0.596489 0.1699 0.731393 0.890847
0 0.166117 0.530383 0.106627 0.537111 0.838451
0 0.64424 0.454531 0.0993258 0.458787 0.793745
0 0.948874 0.479256 0.101048 0.571359 0.773668
0 0.517596 0.487194 0.10041 0.490572 0.754222
0 0.774752 0.595186 0.220358 0.740747 0.747176
0 0.23064 0.497909 0.0911458 0.463162 0.720077
0 0.101983 0.471057 0.065341 0.372115 0.630595
0 0.864474 0.515378 0.141027 0.682536 0.617809
0 0.0201504 0.676236 0.0399888 0.427764 0.580796
0 0.0474392 0.414153 0.0567094 0.278495 0.470197
0 0.570257 0.435553 0.0970289 0.398893 0.455207
0 0.722466 0.423341 0.0887476 0.428912 0.39499
0 0.275651 0.371539 0.0498524 0.214756 0.238729
0 0.687588 0.314044 0.0382437 0.21925 0.207403
0 0.9787 0.480272 0.0415649 0.56182 0.157006
0 0.0121486 0.638435 0.0240832 0.512441 0.151518
0 0.880528 0.293612 0.0424961 0.161042 0.140235
0 0.928501 0.310376 0.0802285 0.272932 0.136963
0 0.882041 0.320701 0.0479 0.21377 0.126079
0 0.337542 0.360559 0.042132 0.202669 0.125607
0 0.740762 0.417995 0.115021 0.441841 0.075342
0 0.983835 0.506445 0.0313834 0.495066 0.0690069
0 0.237473 0.331788 0.0428266 0.131631 0.0613539
0 0.00804259 0.69975 0.0159215 0.402881 0.0519456
