0 0.259646 0.683734 0.19539 0.62472 0.824465
0 0.615578 0.71154 0.119804 0.574191 0.744612
0 0.736373 0.542288 0.0384668 0.186243 0.678568
0 0.840535 0.546901 0.0413017 0.200692 0.635292
0 0.958295 0.548928 0.0340034 0.185373 0.562362
0 0.352716 0.651495 0.0606797 0.422043 0.544328
0 0.778279 0.538822 0.0371126 0.187275 0.541538
0 0.0373698 0.726843 0.0746168 0.525217 0.535947
0 0.983939 0.540126 0.030691 0.190692 0.384647
0 0.491243 0.543431 0.033334 0.199002 0.377012
0 0.89325 0.536339 0.0437941 0.186999 0.320185
0 0.693576 0.543106 0.0314796 0.180855 0.307362
0 0.551164 0.542103 0.0270773 0.183788 0.246733
0 0.0603674 0.724142 0.120052 0.530122 0.22332
0 0.577792 0.541488 0.0385592 0.176773 0.189159
0 0.924233 0.543288 0.0399313 0.18673 0.161663
0 0.909994 0.538244 0.0282799 0.189304 0.118209
0 0.084958 0.690739 0.168928 0.605927 0.11608
0 0.930105 0.541865 0.0281097 0.186803 0.112285
0 0.402825 0.533013 0.0284525 0.175639 0.112074
0 0.664605 0.540463 0.0344596 0.177022 0.109315
0 0.457107 0.542685 0.0380889 0.207197 0.0930821
0 0.990273 0.540899 0.0185783 0.188 0.0887912
0 0.916703 0.539884 0.0394508 0.1869 0.0852286
0 0.43654 0.539201 0.0397608 0.204835 0.0839042
0 0.529304 0.512591 0.0357775 0.222252 0.0828359
0 0.870417 0.526066 0.0322527 0.166941 0.0725624
0 0.464588 0.543318 0.0329979 0.205607 0.0713645
0 0.427699 0.539865 0.034075 0.203354 0.0606366
0 0.372177 0.550549 0.0435136 0.207778 0.0535684
