0 0.818064 0.631228 0.0979837 0.422292 0.903963
0 0.6478 0.604736 0.112211 0.415121 0.871769
0 0.47265 0.589884 0.136943 0.482453 0.839195
0 0.312199 0.614903 0.103354 0.476437 0.830384
0 0.075279 0.473722 0.0628266 0.270684 0.731461
0 0.0202364 0.435234 0.0403569 0.384386 0.711124
0 0.129437 0.490978 0.0580391 0.256757 0.694262
0 0.259601 0.590297 0.0695084 0.406833 0.664058
0 0.178575 0.515074 0.0471207 0.237821 0.50051
0 0.258467 0.370005 0.085722 0.152281 0.460635
0 0.209551 0.515696 0.0479855 0.244687 0.445602
0 0.58432 0.54057 0.0717099 0.250303 0.37659
0 0.413278 0.503445 0.0456865 0.204574 0.264978
0 0.542648 0.533075 0.0508054 0.254794 0.250396
0 0.367667 0.527579 0.0408136 0.246776 0.182904
0 0.503246 0.452831 0.0435837 0.0975063 0.130685
0 0.595186 0.541416 0.0524369 0.256849 0.128668
0 0.512129 0.528603 0.060949 0.247931 0.127316
0 0.258495 0.408687 0.0849781 0.230072 0.125476
0 0.568311 0.527766 0.0451584 0.262812 0.0999918
0 0.68818 0.507033 0.0371222 0.120575 0.0744308
0 0.544448 0.469051 0.0439606 0.127096 0.0616941
0 0.569484 0.464405 0.0409632 0.139503 0.0519076
