0 0.543323 0.55661 0.195435 0.869683 0.932504
0 0.34659 0.609942 0.130299 0.627798 0.91393
0 0.891747 0.530732 0.1685 0.735541 0.900331
0 0.76731 0.565849 0.153569 0.610754 0.88681
0 0.17459 0.62125 0.137552 0.526145 0.828257
0 0.0514707 0.690857 0.0698474 0.299891 0.760942
0 0.445979 0.646742 0.0735061 0.327586 0.740292
0 0.664007 0.609957 0.0931054 0.425309 0.724289
0 0.256616 0.683243 0.0725261 0.311386 0.69534
0 0.0150239 0.737445 0.0300479 0.205735 0.537201
0 0.487341 0.65406 0.050093 0.304638 0.457899
0 0.114035 0.664355 0.0711061 0.419647 0.287907
0 0.926592 0.60469 0.102153 0.421841 0.279006
0 0.955964 0.560767 0.0469606 0.337083 0.075687
0 0.130107 0.656674 0.0596548 0.41982 0.0661746
0 0.950542 0.600898 0.0641582 0.413195 0.0657333
0 0.992492 0.573315 0.0143428 0.146867 0.0647023
0 0.71326 0.650061 0.043531 0.17613 0.0628744
0 0.561484 0.708397 0.0502996 0.169318 0.0623184
