0 0.489596 0.311906 0.32381 0.502053 0.927061
0 0.957811 0.524446 0.0834207 0.586438 0.831157
0 0.877753 0.510669 0.104311 0.528105 0.712562
0 0.173002 0.517075 0.08355 0.51106 0.669705
0 0.651829 0.568525 0.0454487 0.167907 0.642049
0 0.721959 0.566748 0.0471859 0.155178 0.636465
0 0.830871 0.52472 0.0574501 0.479754 0.521802
0 0.366507 0.567208 0.0457996 0.179597 0.505838
0 0.237878 0.561391 0.0436055 0.21252 0.457355
0 0.51374 0.578013 0.0311241 0.123113 0.447532
0 0.118689 0.548496 0.0616794 0.304714 0.401877
0 0.538314 0.577377 0.0241313 0.122605 0.378711
0 0.329687 0.570035 0.0405415 0.158358 0.37209
0 0.28543 0.564586 0.0486343 0.218979 0.370307
0 0.683422 0.571536 0.0316669 0.10697 0.365248
0 0.0635985 0.538684 0.0606809 0.445273 0.250072
0 0.0415949 0.561107 0.0827319 0.422102 0.248893
0 0.59226 0.573813 0.0246887 0.0966336 0.220013
0 0.0796545 0.532266 0.0943866 0.428091 0.202746
0 0.059579 0.440457 0.0546651 0.189775 0.142684
0 0.0254332 0.562811 0.0506377 0.423272 0.129375
0 0.0271357 0.45069 0.0542714 0.198077 0.11581
0 0.933208 0.540757 0.0558558 0.387272 0.0914465
0 0.477757 0.591265 0.0236723 0.0910006 0.0858555
0 0.765812 0.57825 0.0184589 0.0914319 0.0827981
0 0.805168 0.572683 0.0227428 0.110256 0.0822574
0 0.814735 0.487219 0.0358736 0.34084 0.0773735
0 0.63076 0.564354 0.0254422 0.159299 0.0765133
0 0.0536158 0.554395 0.0625962 0.412147 0.0710284
0 0.0611668 0.4501 0.0549093 0.2681 0.0635944
0 0.0122147 0.711807 0.0242791 0.148499 0.0604686
0 0.0184703 0.71356 0.0367646 0.151708 0.0559093
0 0.301997 0.557595 0.0274164 0.194768 0.0522684
