0 0.0319975 0.55781 0.0637915 0.239187 0.877667
0 0.243327 0.594163 0.04645 0.23765 0.686921
0 0.571685 0.634329 0.0839669 0.27613 0.668097
0 0.30493 0.587844 0.0532915 0.227107 0.650365
0 0.340342 0.60265 0.0599516 0.270236 0.629183
0 0.819777 0.663965 0.0980312 0.301076 0.623098
0 0.118678 0.578065 0.0538703 0.235664 0.622038
0 0.45628 0.624476 0.0490487 0.263841 0.619184
0 0.210071 0.576333 0.0462629 0.222641 0.618858
0 0.708248 0.655598 0.051158 0.280759 0.613501
0 0.511439 0.621896 0.0575359 0.259059 0.594348
0 0.645157 0.643585 0.0564653 0.257948 0.577695
0 0.173893 0.578643 0.0512821 0.207148 0.547555
0 0.74905 0.653623 0.0497733 0.26523 0.483793
0 0.986632 0.662377 0.0257838 0.241824 0.456599
0 0.39732 0.602831 0.0528849 0.240951 0.423036
0 0.273404 0.5779 0.0410408 0.194867 0.384746
0 0.884104 0.656296 0.0423815 0.235584 0.266526
0 0.780815 0.637881 0.0491147 0.236451 0.231598
0 0.427592 0.591534 0.0296171 0.164014 0.19067
0 0.481872 0.623629 0.0296728 0.245731 0.185618
0 0.928903 0.628587 0.0296519 0.187682 0.171855
0 0.678379 0.628121 0.0319095 0.230476 0.154219
0 0.612166 0.587555 0.0266744 0.138227 0.140871
0 0.907474 0.639906 0.0318683 0.202128 0.132142
0 0.100335 0.57321 0.0297592 0.198467 0.130295
0 0.94084 0.622629 0.0301069 0.17189 0.122563
0 0.675099 0.640656 0.0414368 0.2464 0.118648
0 0.961621 0.623542 0.0389138 0.158646 0.116109
0 0.552513 0.614047 0.0408642 0.208123 0.109865
0 0.372837 0.588982 0.0371669 0.211651 0.108012
0 0.967097 0.6155 0.0309753 0.130791 0.0824856
0 0.278927 0.577609 0.0327726 0.181427 0.0749671
0 0.934549 0.626053 0.0339405 0.181734 0.0582042
