0 0.595656 0.639973 0.315504 0.719505 0.872576
0 0.0540759 0.324149 0.10795 0.336344 0.776605
0 0.367003 0.414489 0.140903 0.31172 0.713808
0 0.957199 0.320022 0.0846992 0.35991 0.705915
0 0.486041 0.377385 0.108485 0.220763 0.573413
0 0.172344 0.190368 0.138586 0.342285 0.550688
0 0.58307 0.160361 0.0945362 0.285703 0.488715
0 0.0924326 0.114791 0.0778134 0.229582 0.440532
0 0.491158 0.187944 0.13584 0.350073 0.415229
0 0.88544 0.199051 0.0954947 0.339174 0.398769
0 0.771854 0.214507 0.0873181 0.319253 0.384059
0 0.67248 0.156236 0.111325 0.279858 0.277775
0 0.681691 0.188402 0.130902 0.340911 0.0936224
0 0.628851 0.368839 0.14708 0.178576 0.0534929
