0 0.19678 0.603212 0.0633964 0.314476 0.885005
0 0.401254 0.612304 0.0595347 0.293762 0.871926
0 0.329746 0.610733 0.0632816 0.300152 0.86155
0 0.762675 0.586671 0.0685211 0.34073 0.859983
0 0.906044 0.586797 0.0675068 0.323719 0.850379
0 0.834626 0.604637 0.0697563 0.29412 0.84567
0 0.612335 0.598283 0.0709396 0.322164 0.843952
0 0.68921 0.601254 0.0661184 0.316443 0.838448
0 0.501112 0.631142 0.083496 0.405696 0.752187
0 0.548105 0.606178 0.0479611 0.306096 0.624082
0 0.132595 0.610889 0.0507287 0.297266 0.574608
0 0.464718 0.602185 0.0402073 0.305958 0.408046
0 0.0955756 0.631778 0.0893506 0.331027 0.299981
0 0.133228 0.557237 0.0518371 0.190297 0.189373
0 0.0915579 0.518958 0.0711223 0.104672 0.162942
0 0.072951 0.632429 0.136198 0.334029 0.159927
0 0.463251 0.547986 0.0412268 0.195172 0.0639394
0 0.457472 0.605241 0.0279076 0.295328 0.0547482
