0 0.0354118 0.590875 0.0707204 0.327517 0.913977
0 0.409399 0.570782 0.0822431 0.214325 0.851711
0 0.581732 0.560414 0.0685384 0.224989 0.832216
0 0.807753 0.546711 0.0691279 0.21971 0.824992
0 0.170117 0.494577 0.0372399 0.153584 0.800783
0 0.286851 0.494579 0.0244491 0.142186 0.699776
0 0.122476 0.498869 0.0483012 0.187094 0.693535
0 0.471151 0.498074 0.024243 0.100054 0.496662
0 0.955742 0.493972 0.0264511 0.115785 0.495676
0 0.518264 0.485382 0.0261582 0.107392 0.397967
0 0.551558 0.485046 0.0257236 0.108479 0.397457
0 0.108382 0.515393 0.0277906 0.142619 0.373717
0 0.858987 0.492384 0.0204395 0.0908837 0.341008
0 0.632316 0.485817 0.0231226 0.0811224 0.329842
0 0.673138 0.494359 0.0179005 0.0804062 0.323962
0 0.493454 0.487979 0.0205179 0.0893057 0.284977
0 0.910531 0.496007 0.0214592 0.0854789 0.270321
0 0.655925 0.49416 0.017837 0.0803314 0.251591
0 0.990175 0.496616 0.0183104 0.0812631 0.238615
0 0.929725 0.496304 0.0233563 0.0890696 0.203296
0 0.890282 0.493684 0.0201625 0.0908894 0.193468
0 0.435294 0.484168 0.033888 0.128226 0.174886
0 0.413235 0.460561 0.0223917 0.0646922 0.169717
0 0.874658 0.498513 0.0167912 0.0822109 0.151048
0 0.613074 0.493568 0.0284468 0.0981718 0.140302
0 0.762455 0.496981 0.0154123 0.07937 0.119345
0 0.729339 0.500444 0.0174608 0.0781384 0.117813
0 0.4337 0.465861 0.0308626 0.0862779 0.102024
0 0.339586 0.490631 0.015449 0.0327801 0.0951564
0 0.940173 0.496879 0.0140348 0.0876553 0.0921786
0 0.838829 0.48935 0.0173939 0.0760113 0.0912573
0 0.74178 0.497359 0.017186 0.0826752 0.0593155
0 0.75054 0.493979 0.0147068 0.0872533 0.0590609
0 0.527789 0.479903 0.0143903 0.0981329 0.0504097
