0 0.108224 0.416986 0.0836414 0.351168 0.707281
0 0.957851 0.38226 0.0833891 0.351541 0.545332
0 0.244152 0.440314 0.0732088 0.363605 0.539571
0 0.18312 0.389489 0.102458 0.366811 0.495653
0 0.471516 0.433073 0.0942215 0.35923 0.478666
0 0.627144 0.436516 0.0806931 0.366351 0.474998
0 0.32526 0.450033 0.0919333 0.35504 0.452865
0 0.899728 0.376817 0.0766986 0.276894 0.430701
0 0.396223 0.425969 0.0803147 0.375083 0.429844
0 0.683945 0.402994 0.0747333 0.316583 0.391642
0 0.553646 0.410319 0.0860492 0.325776 0.366788
0 0.796878 0.376626 0.0936054 0.278156 0.356495
0 0.735544 0.393875 0.0538823 0.301272 0.345376
0 0.197504 0.572804 0.106605 0.222398 0.290244
0 0.717019 0.546003 0.0856445 0.200185 0.263155
0 0.30017 0.578883 0.106447 0.293346 0.238973
0 0.555188 0.554778 0.081704 0.214778 0.216825
0 0.794263 0.540044 0.0857245 0.212741 0.188966
0 0.842724 0.353923 0.0702839 0.284027 0.180327
0 0.912359 0.534655 0.0779655 0.204092 0.170001
0 0.794261 0.594981 0.0861797 0.326695 0.153884
0 0.388716 0.554126 0.0770179 0.210765 0.145874
0 0.853031 0.591557 0.0709604 0.335027 0.136255
0 0.850292 0.532072 0.0649284 0.216274 0.126525
0 0.641097 0.553495 0.0712751 0.216648 0.125381
0 0.459417 0.56207 0.0637257 0.211697 0.122506
0 0.972308 0.878436 0.0544913 0.241765 0.120215
0 0.64463 0.604618 0.0810327 0.317608 0.11398
0 0.973692 0.588801 0.051947 0.128619 0.0955926
0 0.391452 0.610078 0.0842597 0.327806 0.0941559
0 0.459466 0.603623 0.0649599 0.298068 0.089488
0 0.9144 0.593403 0.0813224 0.324913 0.0878504
0 0.560532 0.608672 0.0912814 0.325573 0.0813098
0 0.970623 0.760417 0.0581764 0.469612 0.0721324
0 0.184282 0.562928 0.0768611 0.20401 0.0566758
