0 0.125449 0.609635 0.20112 0.76198 0.930696
0 0.402344 0.627664 0.17816 0.728521 0.915066
0 0.936744 0.524499 0.0846852 0.419827 0.874961
0 0.842491 0.464843 0.0522987 0.235266 0.822446
0 0.284951 0.634182 0.160684 0.713071 0.794028
0 0.764355 0.491515 0.0569389 0.270978 0.754976
0 0.53373 0.609723 0.0987735 0.394742 0.566612
0 0.165692 0.556812 0.085378 0.374176 0.559349
0 0.71793 0.505666 0.0530066 0.262874 0.449173
0 0.624815 0.549349 0.0709996 0.382457 0.441808
0 0.673407 0.51004 0.0499804 0.336725 0.441787
0 0.323235 0.491545 0.0577746 0.252317 0.370953
0 0.636221 0.536033 0.081378 0.362169 0.199728
0 0.484671 0.482535 0.064217 0.326691 0.174958
0 0.481762 0.602012 0.0704781 0.571296 0.172365
0 0.651254 0.5303 0.0537577 0.358673 0.159734
0 0.572451 0.539043 0.0675072 0.400344 0.117256
0 0.574858 0.393561 0.0615921 0.104969 0.0790408
0 0.597317 0.550775 0.107293 0.382957 0.0717009
0 0.558493 0.585203 0.0585897 0.306037 0.0670048
0 0.340322 0.491573 0.0908133 0.254803 0.0654146
0 0.324747 0.565333 0.063057 0.401597 0.0639233
0 0.575381 0.423239 0.0625853 0.168341 0.060534
0 0.160502 0.423876 0.0476557 0.106163 0.0576708
0 0.883816 0.449299 0.0144627 0.0294097 0.0561151
