0 0.327623 0.694 0.13482 0.514588 0.911239
0 0.512115 0.675844 0.18088 0.632177 0.905417
0 0.476468 0.53634 0.21226 0.868252 0.854711
0 0.240342 0.535017 0.100177 0.492875 0.843716
0 0.68283 0.520537 0.0842513 0.369901 0.81065
0 0.0407295 0.535084 0.0809269 0.552424 0.759208
0 0.88235 0.52094 0.0693117 0.284633 0.75559
0 0.977166 0.527292 0.0447807 0.23609 0.729182
0 0.766545 0.563 0.0438839 0.187068 0.719618
0 0.18138 0.553965 0.0591049 0.285386 0.532189
0 0.621639 0.519643 0.0664445 0.271265 0.499485
0 0.844667 0.514555 0.0489523 0.241475 0.420517
0 0.72179 0.507779 0.0445132 0.257831 0.348341
0 0.359428 0.440515 0.0351437 0.1679 0.332084
0 0.0510066 0.790991 0.101515 0.0978375 0.300032
0 0.765878 0.504525 0.0547309 0.234292 0.248221
0 0.827372 0.486983 0.0342596 0.193847 0.208869
0 0.916169 0.510185 0.0296124 0.272454 0.110445
0 0.156887 0.468361 0.0200179 0.0607884 0.0961973
0 0.766413 0.454993 0.0504452 0.131934 0.0911694
