0 0.522201 0.73429 0.0888206 0.426959 0.718751
0 0.651796 0.705365 0.0875658 0.423109 0.714302
0 0.414714 0.717628 0.0870427 0.406207 0.690799
0 0.0826244 0.706603 0.0951756 0.450842 0.680941
0 0.606572 0.711448 0.0903477 0.439308 0.626769
0 0.826107 0.761275 0.0805843 0.333471 0.458042
0 0.466436 0.6721 0.0600494 0.375542 0.453417
0 0.955592 0.74303 0.0710964 0.358103 0.436473
0 0.339076 0.600667 0.0849797 0.165379 0.435677
0 0.138773 0.601808 0.0727699 0.156369 0.317456
0 0.343731 0.736684 0.0987416 0.437318 0.308094
0 0.0154723 0.715798 0.0306609 0.3778 0.305668
0 0.139338 0.732645 0.0883559 0.418477 0.286147
0 0.766485 0.750567 0.0657386 0.309314 0.281841
0 0.712942 0.705735 0.0592269 0.308945 0.247072
0 0.291356 0.706523 0.0822653 0.455421 0.246459
0 0.207652 0.723254 0.0601627 0.396806 0.229638
0 0.910255 0.773317 0.0438246 0.262242 0.126543
0 0.160395 0.735121 0.12214 0.422951 0.119439
0 0.880845 0.771722 0.0337738 0.23524 0.115158
0 0.524798 0.60446 0.0792761 0.167439 0.100214
0 0.219088 0.721568 0.087265 0.401613 0.0907947
0 0.920323 0.762674 0.0652249 0.286888 0.0900991
0 0.383442 0.561394 0.0553249 0.109849 0.082851
0 0.0443074 0.711823 0.0490634 0.382088 0.0729461
0 0.989613 0.727088 0.0195255 0.307557 0.0684636
0 0.0310776 0.549775 0.0340027 0.116308 0.0683315
0 0.3834 0.594836 0.0585807 0.168455 0.060533
0 0.991255 0.778953 0.0167965 0.177688 0.0600668
0 0.242616 0.716014 0.0558039 0.401561 0.0510719
