0 0.333436 0.457204 0.273523 0.537928 0.904818
0 0.0239355 0.148044 0.0477833 0.189558 0.827091
0 0.160856 0.166468 0.0373853 0.178224 0.814529
0 0.340434 0.158697 0.0496328 0.197741 0.789167
0 0.523716 0.487062 0.227059 0.56158 0.7882
0 0.759453 0.292066 0.0520086 0.113217 0.775652
0 0.0937349 0.15766 0.0449017 0.172631 0.748694
0 0.486436 0.149843 0.0385197 0.188057 0.69094
0 0.967955 0.245192 0.0619569 0.390286 0.644432
0 0.976129 0.262435 0.0469879 0.404117 0.626921
0 0.769872 0.157942 0.0618629 0.175135 0.603476
0 0.576705 0.157222 0.0483753 0.175341 0.578597
0 0.91897 0.300859 0.0601448 0.13353 0.414258
0 0.904018 0.290057 0.0501135 0.106103 0.317986
0 0.897341 0.297058 0.0646885 0.121862 0.215652
0 0.983139 0.254713 0.0329994 0.397207 0.169899
0 0.00418702 0.162819 0.00833438 0.133554 0.158802
0 0.773832 0.145571 0.0488625 0.149167 0.127184
0 0.572954 0.1262 0.0381675 0.114907 0.12663
0 0.00542499 0.147284 0.0107224 0.117045 0.111224
0 0.015444 0.351494 0.0307289 0.038129 0.087114
0 0.994644 0.088038 0.00989117 0.0417874 0.0535146
