0 0.608984 0.630412 0.315696 0.682722 0.919529
0 0.578481 0.790498 0.163643 0.419004 0.832613
0 0.340875 0.530092 0.0398125 0.110346 0.804607
0 0.883044 0.526306 0.0346852 0.127752 0.727309
0 0.205165 0.541993 0.0497394 0.126621 0.662076
0 0.978426 0.53048 0.0418015 0.158982 0.643311
0 0.840654 0.523072 0.029816 0.103479 0.580864
0 0.693375 0.532484 0.030904 0.12371 0.561668
0 0.411462 0.537537 0.0847325 0.174816 0.537984
0 0.817643 0.525928 0.0282959 0.096189 0.533263
0 0.160374 0.534694 0.0318127 0.10249 0.530453
0 0.181607 0.534359 0.0272898 0.108541 0.480237
0 0.933466 0.528885 0.0406745 0.127606 0.429637
0 0.992634 0.533418 0.0139481 0.159888 0.416137
0 0.422722 0.541718 0.0568257 0.152208 0.381455
0 0.387354 0.546177 0.0372513 0.157801 0.366884
0 0.451468 0.531679 0.0394379 0.116889 0.3216
0 0.987605 0.530435 0.0239376 0.162589 0.27586
0 0.21325 0.542268 0.0345929 0.124778 0.262806
0 0.729283 0.534168 0.0425064 0.121273 0.202221
0 0.197645 0.54285 0.038527 0.124457 0.195882
0 0.745382 0.551856 0.0290384 0.0795736 0.16561
0 0.377849 0.542081 0.0481625 0.140153 0.14894
0 0.168841 0.537983 0.0341345 0.108878 0.132775
0 0.939907 0.531999 0.0311205 0.119322 0.130124
0 0.446122 0.527899 0.0320755 0.117813 0.128656
0 0.730913 0.50877 0.0314929 0.0654998 0.106548
0 0.760749 0.551232 0.0254169 0.0802733 0.10286
0 0.751014 0.551567 0.0342912 0.0795144 0.0938853
0 0.441039 0.52827 0.0225916 0.116813 0.089157
0 0.734744 0.495525 0.0285338 0.0741598 0.0782554
0 0.172863 0.53516 0.0234108 0.102769 0.0762428
0 0.424578 0.541852 0.0526908 0.113574 0.0689435
0 0.739728 0.488203 0.0188801 0.0604124 0.0645648
0 0.188901 0.540964 0.0237999 0.120452 0.0579924
0 0.726132 0.552746 0.0454458 0.0896943 0.0527943
0 0.972166 0.533701 0.0303669 0.149222 0.0508244
