0 0.167748 0.661745 0.0899066 0.353094 0.836477
0 0.925799 0.674315 0.0766034 0.363489 0.766335
0 0.0699347 0.668723 0.0694545 0.327964 0.741288
0 0.665346 0.66823 0.0650927 0.370248 0.720086
0 0.485295 0.646303 0.067637 0.395552 0.688216
0 0.744878 0.651313 0.0556469 0.333643 0.653081
0 0.593953 0.644629 0.0694899 0.399727 0.625988
0 0.327754 0.653546 0.064625 0.390425 0.597325
0 0.417423 0.67287 0.061055 0.355833 0.579009
0 0.247265 0.665126 0.0630356 0.359326 0.570981
0 0.796519 0.670161 0.063847 0.374671 0.492883
0 0.114642 0.646046 0.0555924 0.31285 0.478621
0 0.892557 0.635428 0.0521463 0.335231 0.411377
0 0.861945 0.629019 0.0400834 0.284025 0.231972
0 0.516172 0.595443 0.0530113 0.327931 0.218288
0 0.56762 0.594732 0.0387409 0.318047 0.21275
0 0.826558 0.665631 0.0421783 0.324308 0.209866
0 0.367362 0.648809 0.0442349 0.357371 0.196421
0 0.638958 0.629484 0.0329504 0.332903 0.173275
0 0.703757 0.603272 0.0378758 0.289937 0.166302
0 0.281191 0.641035 0.0415999 0.325598 0.118829
0 0.215431 0.566733 0.0444505 0.179536 0.0920984
0 0.383305 0.625822 0.0384313 0.307022 0.0786184
0 0.796682 0.529462 0.048963 0.103986 0.0742854
0 0.843476 0.513233 0.0327206 0.108549 0.0590787
0 0.37729 0.622193 0.0276218 0.29974 0.0568429
0 0.81944 0.670768 0.0508058 0.359101 0.0551888
0 0.135751 0.647544 0.0304255 0.319651 0.0514461
