0 0.0402145 0.806734 0.0391904 0.166095 0.714518
0 0.316963 0.802725 0.0377992 0.171061 0.691588
0 0.114024 0.807729 0.0408468 0.170196 0.656278
0 0.191338 0.798125 0.0394453 0.172773 0.648698
0 0.855729 0.812097 0.0396057 0.169292 0.644338
0 0.383781 0.805527 0.038713 0.176447 0.638332
0 0.250856 0.808484 0.0423134 0.171109 0.635671
0 0.455088 0.805081 0.0368797 0.170153 0.632926
0 0.575486 0.805924 0.0360346 0.170296 0.631222
0 0.927598 0.814089 0.0449608 0.179492 0.622421
0 0.51401 0.80567 0.0394621 0.170985 0.622258
0 0.62666 0.805463 0.0366975 0.165517 0.610133
0 0.735046 0.809778 0.0377576 0.160151 0.602335
0 0.742742 0.579387 0.0481232 0.169647 0.602304
0 0.797849 0.807881 0.0378226 0.17213 0.56862
0 0.542212 0.559651 0.0767649 0.185858 0.53302
0 0.682668 0.806243 0.0367149 0.162487 0.483202
0 0.329682 0.575155 0.0354636 0.171498 0.440738
0 0.989487 0.817492 0.0203449 0.165208 0.434868
0 0.126437 0.572441 0.0447462 0.17791 0.278429
0 0.96032 0.582476 0.0399727 0.171811 0.2365
0 0.939172 0.581024 0.0246105 0.169415 0.158784
0 0.989706 0.799229 0.0195694 0.0693463 0.0505436
