0 0.440933 0.786553 0.24815 0.417524 0.896978
0 0.613845 0.818411 0.16044 0.284853 0.858129
0 0.552396 0.269356 0.353619 0.443225 0.824186
0 0.749631 0.793661 0.0861332 0.188909 0.81402
0 0.188386 0.796463 0.0961223 0.175536 0.813033
0 0.341909 0.331233 0.187327 0.326762 0.806567
0 0.0357329 0.802857 0.058078 0.174618 0.668383
0 0.10603 0.804701 0.0569194 0.157023 0.583315
0 0.897846 0.823343 0.190299 0.337141 0.551268
0 0.106571 0.433655 0.198843 0.124933 0.530746
0 0.248927 0.388988 0.0516666 0.213429 0.519679
0 0.803006 0.784851 0.0738303 0.161904 0.513334
0 0.142633 0.795007 0.0441954 0.152693 0.456653
0 0.673242 0.773324 0.0517574 0.146671 0.450912
0 0.0721287 0.805926 0.052912 0.156158 0.259251
0 0.864097 0.712301 0.041991 0.0403621 0.202103
0 0.897388 0.736509 0.187142 0.169027 0.111265
0 0.250466 0.363671 0.0463274 0.168082 0.107792
0 0.0833833 0.804177 0.0715312 0.157782 0.0694494
0 0.802708 0.760054 0.0706558 0.11285 0.0583434
0 0.0550417 0.736158 0.0303609 0.037575 0.0522731
