0 0.0664921 0.535067 0.075724 0.223769 0.877136
0 0.216462 0.508232 0.0518925 0.227134 0.873305
0 0.0201213 0.493221 0.0311123 0.130877 0.792533
0 0.321035 0.503153 0.040144 0.181197 0.746178
0 0.725223 0.526809 0.0557606 0.286949 0.745218
0 0.412641 0.484282 0.0354468 0.14363 0.666514
0 0.555962 0.483645 0.023342 0.13286 0.608538
0 0.579269 0.488692 0.0269207 0.123398 0.593917
0 0.984156 0.520607 0.030835 0.222308 0.504135
0 0.947718 0.50573 0.0365071 0.234428 0.498188
0 0.760705 0.512881 0.0318846 0.179167 0.456963
0 0.295113 0.467808 0.0215767 0.0944589 0.291549
0 0.282105 0.478126 0.0139579 0.0777979 0.280598
0 0.469193 0.465788 0.0191468 0.0778543 0.25183
0 0.832507 0.447211 0.0174114 0.0744079 0.245638
0 0.487519 0.466921 0.0167494 0.0731207 0.245538
0 0.376674 0.478879 0.0207824 0.100542 0.218824
0 0.512556 0.460791 0.0208912 0.0857613 0.215072
0 0.437915 0.462686 0.0180998 0.0709032 0.201479
0 0.889904 0.448585 0.021312 0.0720438 0.165388
0 0.45559 0.46492 0.0163103 0.0776052 0.146163
0 0.285784 0.4733 0.0182713 0.089126 0.142406
0 0.363376 0.477126 0.0186413 0.100931 0.139381
0 0.863568 0.44699 0.018565 0.0754436 0.11251
0 0.868197 0.447062 0.0154045 0.0751279 0.111049
0 0.367571 0.475883 0.0255968 0.103023 0.110916
0 0.625673 0.459618 0.0141073 0.0734212 0.109252
0 0.52094 0.458937 0.0165585 0.0866786 0.109108
0 0.806188 0.449546 0.0177186 0.075439 0.102333
0 0.859772 0.447034 0.0140183 0.0757 0.0872407
0 0.638129 0.459703 0.0171402 0.0734225 0.0651088
0 0.380782 0.478125 0.0250005 0.0989572 0.0615878
0 0.394246 0.46784 0.0135534 0.0754803 0.0572467
