0 0.936154 0.755426 0.126907 0.488599 0.87903
0 0.0986584 0.759414 0.173145 0.480688 0.87103
0 0.462302 0.731858 0.159469 0.536117 0.823221
0 0.740694 0.706804 0.159453 0.58484 0.793465
0 0.235879 0.745351 0.127313 0.508627 0.785884
0 0.571611 0.739195 0.145285 0.520387 0.763317
0 0.312881 0.723375 0.11801 0.515331 0.751878
0 0.0397311 0.7425 0.0773401 0.511317 0.526679
0 0.164783 0.572974 0.0831778 0.204064 0.290661
0 0.875969 0.568548 0.0740511 0.203757 0.272482
0 0.820436 0.732574 0.0988508 0.532554 0.261514
0 0.876732 0.732539 0.0749874 0.528892 0.190835
0 0.394631 0.750996 0.0657584 0.48545 0.190472
0 0.0392387 0.60319 0.0784774 0.23797 0.132134
0 0.0778548 0.518437 0.0534997 0.100723 0.109755
0 0.79971 0.726845 0.0886753 0.543949 0.104978
0 0.114011 0.488038 0.0293934 0.0678762 0.0816721
0 0.668958 0.749663 0.0912446 0.500399 0.0811886
0 0.384339 0.568388 0.0390504 0.108125 0.0776082
0 0.346052 0.581315 0.0634244 0.175043 0.0553619
