0 0.262413 0.730965 0.0534145 0.201026 0.901687
0 0.450164 0.719418 0.0390646 0.179488 0.798165
0 0.541334 0.70554 0.0313471 0.12817 0.737036
0 0.579226 0.701366 0.0261965 0.125059 0.72723
0 0.628351 0.68937 0.0269082 0.096318 0.689816
0 0.5991 0.690439 0.0234588 0.101887 0.59071
0 0.36807 0.679154 0.016389 0.0671608 0.577917
0 0.684959 0.687599 0.0241781 0.0859568 0.551489
0 0.191016 0.691975 0.0279529 0.0894842 0.544779
0 0.311653 0.692761 0.0224057 0.0811613 0.436894
0 0.664659 0.694655 0.0273254 0.0617338 0.315835
0 0.638845 0.68075 0.0183513 0.0976844 0.28322
0 0.513137 0.682614 0.0131977 0.0593387 0.24959
0 0.639295 0.665131 0.0168227 0.0692115 0.207417
0 0.515339 0.681251 0.0145243 0.0620247 0.158375
0 0.636202 0.686403 0.0182832 0.0959158 0.144175
0 0.669028 0.697166 0.0187577 0.0648472 0.143535
0 0.367872 0.683418 0.0209731 0.0760807 0.125589
0 0.510884 0.683957 0.0132891 0.0566041 0.121331
0 0.611402 0.685267 0.0117046 0.0875508 0.0793764
0 0.671545 0.690801 0.0227778 0.0804277 0.0707488
0 0.556628 0.664098 0.0105188 0.0423435 0.0582073
0 0.329135 0.718592 0.0206824 0.103372 0.0522727
0 0.606322 0.689593 0.0196312 0.0982653 0.0512438
