0 0.174557 0.656101 0.161091 0.525218 0.900384
0 0.617791 0.670161 0.160628 0.569999 0.882278
0 0.763998 0.685093 0.147306 0.540507 0.876585
0 0.480028 0.686731 0.156211 0.545515 0.864154
0 0.339028 0.669631 0.149648 0.533354 0.82661
0 0.819584 0.514676 0.092234 0.589455 0.769299
0 0.7384 0.38605 0.0890675 0.354302 0.66125
0 0.573201 0.39494 0.0888535 0.361713 0.623602
0 0.429075 0.428762 0.0751636 0.424335 0.608556
0 0.666075 0.393609 0.0692175 0.374034 0.604226
0 0.497458 0.373702 0.0818634 0.345193 0.584847
0 0.155771 0.387397 0.0963127 0.429438 0.576261
0 0.370514 0.377181 0.0731824 0.331699 0.53629
0 0.0538715 0.362647 0.0357929 0.153216 0.437915
0 0.23364 0.491436 0.0755641 0.577639 0.342488
0 0.293689 0.391381 0.090671 0.357504 0.323031
0 0.293513 0.49962 0.0915689 0.573553 0.309895
0 0.23092 0.38508 0.0718661 0.367457 0.265579
0 0.951915 0.386293 0.0367457 0.172258 0.216016
0 0.0865087 0.368051 0.0195948 0.119099 0.145014
0 0.876959 0.387437 0.0357536 0.154809 0.140883
0 0.0734829 0.370305 0.0205216 0.127224 0.132403
0 0.819235 0.422351 0.0910777 0.406249 0.0962171
0 0.915285 0.396745 0.0307472 0.191656 0.0849748
0 0.0777083 0.369057 0.029435 0.13052 0.081222
0 0.883843 0.287547 0.0249672 0.0822173 0.0804562
0 0.932654 0.291487 0.0305235 0.0774251 0.0604158
0 0.897526 0.386119 0.0206108 0.153733 0.0547552
0 0.973975 0.317486 0.0194559 0.117524 0.0526567
