0 0.665785 0.297806 0.124514 0.250557 0.885468
0 0.341833 0.511447 0.230872 0.635224 0.799829
0 0.0417494 0.330637 0.0828064 0.388057 0.781118
0 0.895916 0.2937 0.116363 0.237854 0.765875
0 0.966935 0.241471 0.0652797 0.217964 0.681183
0 0.443251 0.368755 0.0931492 0.392608 0.677742
0 0.090871 0.235252 0.0732445 0.214945 0.569968
0 0.225335 0.292697 0.150358 0.294798 0.465461
0 0.291331 0.26587 0.0732655 0.22449 0.462729
0 0.485277 0.299251 0.0707443 0.286862 0.429747
0 0.202787 0.292641 0.102496 0.293857 0.370263
0 0.516101 0.265536 0.0450764 0.235256 0.336811
0 0.969845 0.186299 0.0585552 0.105997 0.145413
0 0.508581 0.285173 0.0539238 0.274527 0.08528
0 0.982137 0.290167 0.0348244 0.128656 0.0820443
0 0.478476 0.176092 0.048059 0.0969257 0.0716453
0 0.984295 0.266326 0.0307186 0.0768736 0.0711357
0 0.0281204 0.21574 0.0555213 0.157958 0.0624768
0 0.00978996 0.479719 0.0193322 0.154597 0.0602933
0 0.969314 0.215822 0.0594826 0.162541 0.0563096
0 0.293138 0.235202 0.0706843 0.157669 0.0545566
0 0.363335 0.177277 0.0450343 0.0652281 0.0514577
0 0.962934 0.286829 0.0584655 0.13101 0.0508778
