0 0.658011 0.525757 0.0447188 0.136342 0.84141
0 0.347201 0.511146 0.031162 0.0905687 0.799806
0 0.37821 0.517192 0.0354086 0.093457 0.79875
0 0.700767 0.53104 0.0356544 0.123732 0.797043
0 0.308677 0.514052 0.0361943 0.104909 0.780801
0 0.584527 0.50465 0.018942 0.0559849 0.750293
0 0.419167 0.504448 0.022587 0.0662046 0.729894
0 0.608799 0.505319 0.0195513 0.0575204 0.677084
0 0.466122 0.486417 0.0167143 0.0456393 0.544314
0 0.44888 0.493617 0.0155447 0.0509201 0.527318
0 0.622027 0.484566 0.0186985 0.0498951 0.336659
0 0.633398 0.500719 0.0195684 0.0499934 0.322816
0 0.633957 0.511659 0.0200361 0.0727816 0.283369
0 0.288339 0.523575 0.0172625 0.0617324 0.0849292
0 0.289156 0.513934 0.0208492 0.0895888 0.0612161
