0 0.174171 0.500013 0.170298 0.75808 0.890728
0 0.561466 0.433128 0.13348 0.270012 0.887562
0 0.924795 0.536217 0.115946 0.381266 0.819632
0 0.0578949 0.428039 0.115069 0.834952 0.78107
0 0.421221 0.499589 0.0757917 0.219742 0.682578
0 0.728045 0.493212 0.0483241 0.286049 0.595522
0 0.0851435 0.447363 0.140787 0.720495 0.575258
0 0.284791 0.493338 0.0759344 0.359781 0.460902
0 0.334728 0.482802 0.0437546 0.296465 0.408888
0 0.840767 0.461497 0.0672985 0.445788 0.36389
0 0.789209 0.438652 0.0428576 0.22859 0.359923
0 0.824389 0.493036 0.0505699 0.357511 0.341452
0 0.769716 0.458912 0.0339434 0.221142 0.313733
0 0.871018 0.475128 0.10071 0.431847 0.295941
0 0.846464 0.385562 0.0556229 0.306741 0.257031
0 0.989054 0.417535 0.0211925 0.218384 0.255378
0 0.746443 0.492789 0.0417629 0.284819 0.249862
0 0.588188 0.514702 0.0190325 0.0877485 0.236469
0 0.325671 0.484099 0.0463373 0.300138 0.228462
0 0.763301 0.487764 0.0397075 0.279591 0.224714
0 0.262057 0.475171 0.063044 0.412684 0.201496
0 0.783809 0.58573 0.0714774 0.165112 0.188497
0 0.80703 0.488944 0.0872038 0.359293 0.167063
0 0.443485 0.497807 0.0391215 0.199723 0.16592
0 0.26423 0.353984 0.058448 0.163923 0.163325
0 0.0697294 0.546394 0.107305 0.523005 0.153139
0 0.771017 0.498324 0.0489016 0.305503 0.146691
0 0.230301 0.458496 0.0534992 0.50942 0.127117
0 0.247707 0.462189 0.0641237 0.445412 0.124838
0 0.79778 0.588255 0.0989944 0.174789 0.11519
0 0.814789 0.328844 0.0340015 0.097075 0.111553
0 0.812702 0.45611 0.0585784 0.283296 0.110029
0 0.782194 0.49643 0.0697598 0.32018 0.109012
0 0.721161 0.512463 0.0338871 0.243522 0.106078
0 0.237537 0.275571 0.0306498 0.146535 0.101739
0 0.822219 0.443337 0.0419052 0.25605 0.0990198
0 0.986285 0.43608 0.0266247 0.207903 0.0945071
0 0.815141 0.36422 0.0361374 0.166965 0.0884212
0 0.973816 0.538934 0.0515103 0.380399 0.085968
0 0.398811 0.508612 0.0342437 0.189259 0.0854991
0 0.281324 0.535267 0.0568759 0.237964 0.0841939
0 0.029321 0.513677 0.0580648 0.662378 0.0813772
0 0.273842 0.455481 0.0865982 0.427307 0.0812177
0 0.45441 0.490719 0.0394694 0.189597 0.0790079
0 0.985807 0.517156 0.0274937 0.421634 0.0763804
0 0.847074 0.315876 0.0550716 0.167242 0.0749668
0 0.265516 0.31188 0.054805 0.0882707 0.073295
0 0.890079 0.32328 0.0624127 0.118518 0.0675369
0 0.885543 0.455638 0.0715179 0.38777 0.0659412
0 0.814751 0.423057 0.0365229 0.27989 0.0654414
0 0.347586 0.482856 0.0392409 0.28763 0.0652383
0 0.885377 0.384119 0.0786885 0.238472 0.0609742
0 0.107251 0.517195 0.0703768 0.474875 0.0595297
0 0.975627 0.396314 0.0317198 0.106088 0.0595226
0 0.471209 0.493994 0.0299819 0.156353 0.0568143
0 0.804774 0.442891 0.0607385 0.248738 0.0554195
0 0.98963 0.216372 0.02001 0.0814845 0.0531522
0 0.236573 0.313836 0.0373573 0.2247 0.0523788
0 0.237202 0.245533 0.0306538 0.0873188 0.0519595
0 0.279388 0.449302 0.0761174 0.262045 0.0515068
