0 0.603392 0.701483 0.0897635 0.328235 0.634119
0 0.835022 0.715591 0.0785213 0.301284 0.62436
0 0.889551 0.71505 0.0801296 0.305338 0.619745
0 0.33566 0.693183 0.072215 0.317614 0.611305
0 0.727383 0.709139 0.0822216 0.313476 0.595343
0 0.665592 0.70734 0.0631212 0.312384 0.573129
0 0.392175 0.69675 0.065976 0.319328 0.558993
0 0.549996 0.699487 0.0786715 0.326189 0.546098
0 0.216986 0.688063 0.0751133 0.325599 0.539851
0 0.113425 0.701455 0.0737164 0.307852 0.485646
0 0.276699 0.690509 0.0747659 0.315952 0.474916
0 0.159859 0.692819 0.0580763 0.31642 0.469831
0 0.452164 0.695633 0.0818714 0.325247 0.444096
0 0.494596 0.701282 0.0630356 0.301404 0.364446
0 0.770715 0.702662 0.0559364 0.305795 0.362098
0 0.91772 0.60906 0.0701294 0.205367 0.261849
0 0.816741 0.539484 0.0426434 0.100736 0.122416
0 0.746379 0.558218 0.0392286 0.0911595 0.0995897
0 0.468503 0.410312 0.089595 0.118634 0.0857295
0 0.71977 0.52108 0.0414898 0.0824729 0.0802765
0 0.794504 0.57706 0.0492823 0.110222 0.0767297
0 0.805953 0.467731 0.0948578 0.142567 0.0753564
0 0.659798 0.508791 0.0505923 0.152199 0.0691348
0 0.749412 0.481671 0.0429378 0.0914761 0.0672476
0 0.402301 0.535363 0.0633049 0.096075 0.0616834
0 0.820584 0.471866 0.0657967 0.145786 0.0600943
0 0.540132 0.465771 0.0485648 0.0976581 0.0599865
0 0.194954 0.543444 0.0347027 0.0881063 0.0587264
0 0.438688 0.506729 0.0466754 0.0862463 0.0553183
0 0.489538 0.472761 0.0408022 0.104516 0.0522943
0 0.866333 0.530828 0.0447426 0.0708211 0.0512723
