0 0.872107 0.646526 0.214351 0.642966 0.862853
0 0.766348 0.525933 0.186684 0.788832 0.807587
0 0.281141 0.653983 0.10946 0.588268 0.648931
0 0.345336 0.688103 0.113453 0.564792 0.575677
0 0.415924 0.637625 0.173927 0.685999 0.566556
0 0.559861 0.540325 0.0925645 0.368607 0.474101
0 0.599057 0.297862 0.163737 0.304637 0.46919
0 0.169984 0.56094 0.0768548 0.167201 0.449302
0 0.0281668 0.410134 0.0557831 0.240112 0.351198
0 0.707437 0.534737 0.234155 0.433676 0.349163
0 0.968656 0.530598 0.0615246 0.181792 0.304542
0 0.670112 0.532638 0.158028 0.428526 0.304045
0 0.106968 0.540559 0.0834516 0.223137 0.259486
0 0.168871 0.396785 0.0733225 0.211185 0.221542
0 0.382509 0.690087 0.190301 0.576889 0.202606
0 0.491021 0.563678 0.0748739 0.36855 0.181476
0 0.0825731 0.415358 0.063492 0.254408 0.18056
0 0.233943 0.555047 0.0635946 0.156413 0.176757
0 0.0838926 0.383519 0.0596781 0.188827 0.118007
0 0.0317341 0.555992 0.0632128 0.214267 0.116485
0 0.0227626 0.565681 0.0453642 0.202449 0.115438
0 0.807733 0.235238 0.0504227 0.106834 0.106283
0 0.229348 0.376936 0.04661 0.229891 0.0883158
0 0.583128 0.771302 0.227542 0.169129 0.0775087
0 0.983718 0.367456 0.0317413 0.147853 0.0747885
0 0.720908 0.598411 0.271942 0.60685 0.0712598
0 0.968426 0.381965 0.0617183 0.171026 0.0704955
0 0.543565 0.583002 0.140979 0.560503 0.0582415
0 0.905996 0.351807 0.0463715 0.101866 0.0554716
