0 0.825043 0.579486 0.0755406 0.17253 0.851189
0 0.627766 0.573692 0.0710606 0.176129 0.833627
0 0.21307 0.57012 0.0589881 0.189705 0.781856
0 0.0657058 0.550617 0.0585095 0.131962 0.760793
0 0.424566 0.572659 0.0725266 0.178396 0.723043
0 0.115319 0.540071 0.0387707 0.121128 0.713875
0 0.729208 0.55272 0.0412672 0.137486 0.697203
0 0.314124 0.539795 0.0458809 0.128776 0.689287
0 0.17513 0.549169 0.0438186 0.143554 0.622029
0 0.567248 0.544333 0.0383779 0.136718 0.482176
0 0.767755 0.520298 0.0256836 0.0962114 0.371629
0 0.541338 0.53416 0.0335989 0.111933 0.335945
0 0.446544 0.55503 0.0401224 0.164377 0.17811
0 0.687956 0.544304 0.0337168 0.108192 0.147333
0 0.937738 0.545537 0.0232139 0.0953967 0.138334
0 0.137394 0.531421 0.0277583 0.0933875 0.100306
0 0.794225 0.523112 0.018201 0.065606 0.0882668
0 0.922287 0.553635 0.0204997 0.0813525 0.0759165
0 0.866725 0.54018 0.022044 0.0884376 0.074804
0 0.0113061 0.53656 0.0223663 0.0774596 0.0668168
0 0.0116099 0.519958 0.0231739 0.106594 0.061091
0 0.13983 0.522341 0.0222616 0.0707147 0.0522103
