0 0.339294 0.793281 0.109227 0.410151 0.870256
0 0.770248 0.79635 0.166999 0.398668 0.867028
0 0.422612 0.774442 0.0881016 0.399673 0.821224
0 0.171236 0.79463 0.0684168 0.38051 0.804483
0 0.614011 0.79274 0.126755 0.409169 0.787785
0 0.221485 0.794151 0.083454 0.406733 0.707247
0 0.0414341 0.809478 0.0822526 0.373681 0.697141
0 0.930937 0.787856 0.0733573 0.415236 0.685339
0 0.867064 0.779057 0.10392 0.438245 0.667259
0 0.685568 0.782624 0.0837677 0.407189 0.566881
0 0.475424 0.772871 0.0605068 0.330496 0.466249
0 0.301678 0.606096 0.0629244 0.177357 0.445445
0 0.962305 0.73964 0.0507706 0.32057 0.36585
0 0.565499 0.783289 0.0524677 0.295544 0.276694
0 0.984875 0.755624 0.0292842 0.290451 0.200337
0 0.0172346 0.806648 0.0344249 0.301835 0.138398
0 0.289648 0.811145 0.0464734 0.293081 0.135683
0 0.0170724 0.749826 0.0340171 0.169342 0.0974765
0 0.539174 0.650574 0.0504598 0.108295 0.0837091
0 0.70995 0.639794 0.0403635 0.0847194 0.0771457
0 0.741497 0.647888 0.0390884 0.0693001 0.073502
0 0.0170003 0.724429 0.033834 0.108671 0.0697127
0 0.557356 0.773022 0.0573845 0.278826 0.0655908
0 0.650276 0.628604 0.0347276 0.0831206 0.0561946
0 0.293109 0.786812 0.0657785 0.338524 0.0544091
0 0.538064 0.753121 0.0515482 0.311975 0.0525127
