0 0.602314 0.588371 0.0399045 0.235185 0.873362
0 0.477628 0.552335 0.0412125 0.252242 0.834085
0 0.953731 0.772563 0.0751535 0.443711 0.783377
0 0.658777 0.629248 0.0635023 0.276831 0.77799
0 0.534132 0.461428 0.0179124 0.102312 0.74097
0 0.845739 0.572926 0.0323816 0.111771 0.739361
0 0.580756 0.460742 0.0126329 0.0972311 0.68407
0 0.798867 0.553787 0.0227783 0.0676074 0.659128
0 0.554272 0.467297 0.0154742 0.104271 0.646865
0 0.445322 0.615706 0.027246 0.122941 0.493013
0 0.710901 0.59179 0.0509546 0.199538 0.491274
0 0.988724 0.779859 0.0217239 0.433727 0.341406
0 0.725921 0.494061 0.0240637 0.100583 0.265601
0 0.700428 0.590418 0.0342825 0.201512 0.238861
0 0.773946 0.393996 0.0118348 0.127996 0.215338
0 0.711021 0.486363 0.0179468 0.087296 0.187069
0 0.710199 0.47822 0.0145141 0.0714588 0.144322
0 0.821538 0.428861 0.0130817 0.183894 0.137856
0 0.443299 0.595752 0.0230652 0.0840319 0.133354
0 0.726361 0.436245 0.02319 0.219597 0.11675
0 0.70237 0.531973 0.0278284 0.0842294 0.0967711
0 0.717576 0.588645 0.0386651 0.186139 0.0927656
0 0.773462 0.423493 0.0121295 0.188556 0.0780586
0 0.236995 0.552861 0.0153372 0.0823507 0.0733499
0 0.236782 0.567527 0.0166968 0.111204 0.0584597
0 0.988602 0.694373 0.0221712 0.258845 0.0551514
0 0.822074 0.400547 0.0118526 0.12542 0.0538722
0 0.669943 0.424832 0.0135761 0.20415 0.0537564
0 0.701511 0.55279 0.0282817 0.126379 0.0525037
