0 0.967706 0.752041 0.0634407 0.358318 0.887129
0 0.902027 0.759465 0.0536087 0.343105 0.870053
0 0.479818 0.609218 0.160572 0.779229 0.856878
0 0.634622 0.687721 0.11116 0.622795 0.842986
0 0.865488 0.729511 0.0436106 0.349205 0.769106
0 0.294897 0.740794 0.143031 0.518412 0.730098
0 0.183098 0.74675 0.0346402 0.216655 0.692982
0 0.148885 0.745264 0.0377925 0.223892 0.687788
0 0.114075 0.74499 0.0346355 0.221238 0.633229
0 0.730861 0.727375 0.118408 0.54525 0.58866
0 0.803031 0.743692 0.044198 0.330274 0.573183
0 0.711194 0.72268 0.0762211 0.55327 0.572159
0 0.335265 0.707409 0.122083 0.579637 0.566739
0 0.75997 0.753895 0.0608694 0.492209 0.530085
0 0.244193 0.761066 0.0539054 0.470224 0.465306
0 0.40229 0.756841 0.0557609 0.483544 0.33325
0 0.14875 0.69204 0.0370017 0.115615 0.196566
0 0.338734 0.626005 0.116064 0.415416 0.17633
0 0.264729 0.15176 0.0329656 0.14187 0.161804
0 0.350547 0.55622 0.0888222 0.269667 0.160238
0 0.213258 0.769356 0.0243867 0.169773 0.15411
0 0.969722 0.584147 0.057369 0.0957249 0.153128
0 0.0836797 0.668637 0.0163844 0.106546 0.141493
0 0.105415 0.677668 0.0195519 0.0754414 0.13972
0 0.98216 0.751532 0.0349041 0.349886 0.134357
0 0.990742 0.751041 0.0179077 0.344512 0.13185
0 0.120166 0.705082 0.0227794 0.134427 0.12305
0 0.993203 0.75142 0.0129756 0.324608 0.110882
0 0.214874 0.784437 0.0219881 0.125447 0.0925014
0 0.165731 0.691215 0.0154483 0.0971901 0.091725
0 0.166651 0.661513 0.013915 0.0389424 0.0755213
0 0.702862 0.537868 0.0596497 0.181029 0.0752185
0 0.283211 0.734107 0.0649598 0.514112 0.0616331
0 0.759619 0.653188 0.0608929 0.290426 0.0613399
0 0.283312 0.604456 0.06405 0.25555 0.059504
0 0.206722 0.720222 0.0173819 0.0821567 0.0528565
