0 0.783926 0.572123 0.0571829 0.241228 0.767771
0 0.607123 0.577803 0.0473578 0.226509 0.747551
0 0.53437 0.579864 0.0468011 0.223333 0.719189
0 0.411097 0.573675 0.0436201 0.229689 0.707582
0 0.300445 0.563855 0.0521775 0.24247 0.706783
0 0.246677 0.56949 0.0516504 0.229898 0.702876
0 0.849674 0.577429 0.0516933 0.227326 0.697087
0 0.725266 0.580153 0.0498239 0.221994 0.667338
0 0.671907 0.583953 0.0433973 0.213168 0.665589
0 0.466258 0.569736 0.0542028 0.239415 0.664868
0 0.355388 0.579191 0.0400623 0.21261 0.650239
0 0.380217 0.575914 0.0299829 0.220287 0.0853768
