0 0.936352 0.475448 0.126681 0.515604 0.875315
0 0.828124 0.678679 0.151833 0.642407 0.856621
0 0.330779 0.550714 0.111875 0.413815 0.851427
0 0.575089 0.614718 0.117535 0.544099 0.838422
0 0.69052 0.658992 0.132792 0.596694 0.835602
0 0.410587 0.57441 0.0808821 0.478356 0.83316
0 0.192184 0.506656 0.0855858 0.35661 0.815312
0 0.267577 0.529426 0.0848895 0.385606 0.803751
0 0.489801 0.592741 0.083424 0.496249 0.79471
0 0.100769 0.479861 0.0591173 0.281128 0.737551
0 0.771754 0.3914 0.0943238 0.316449 0.707375
0 0.137118 0.490018 0.063872 0.319687 0.68082
0 0.914667 0.492208 0.14726 0.323628 0.523318
0 0.615242 0.420046 0.0655657 0.166994 0.395288
0 0.739064 0.447482 0.129224 0.208861 0.331037
0 0.615063 0.52958 0.0654211 0.388324 0.22865
0 0.519867 0.356135 0.0432877 0.0818324 0.151477
0 0.988799 0.416273 0.0217174 0.315104 0.106588
0 0.84854 0.32939 0.0522354 0.0695952 0.103508
0 0.857554 0.317855 0.0335613 0.0461734 0.0983988
0 0.52004 0.390571 0.044397 0.150566 0.0661638
0 0.991132 0.394112 0.0171367 0.286746 0.0623918
0 0.989207 0.29334 0.0209102 0.0711673 0.0512294
0 0.739244 0.529553 0.128136 0.37685 0.0505655
