0 0.383173 0.898307 0.0435966 0.152192 0.775687
0 0.780522 0.925973 0.0544311 0.147117 0.763967
0 0.253628 0.888384 0.0296861 0.113381 0.763417
0 0.731504 0.923505 0.0492849 0.151676 0.742386
0 0.584378 0.91826 0.0396504 0.163236 0.731615
0 0.949191 0.914289 0.0566979 0.170604 0.728136
0 0.534 0.914745 0.0428315 0.164333 0.679087
0 0.426147 0.924609 0.0429003 0.136735 0.671941
0 0.0240412 0.811511 0.0249024 0.0959406 0.614606
0 0.151059 0.821428 0.0205233 0.0803391 0.530143
0 0.88665 0.890252 0.0209215 0.0744263 0.429151
0 0.511886 0.904241 0.0284773 0.144368 0.351078
0 0.560701 0.891211 0.0246872 0.117339 0.297436
0 0.427786 0.864496 0.0343271 0.0755511 0.221109
0 0.753268 0.887945 0.0242055 0.0904182 0.194184
0 0.428316 0.888401 0.0358564 0.124356 0.107914
0 0.429514 0.907922 0.0414817 0.163543 0.10683
0 0.983077 0.864922 0.0172756 0.0552068 0.0630597
0 0.439236 0.912386 0.0261195 0.15932 0.0534937
