0 0.21518 0.628792 0.118629 0.518402 0.655505
0 0.928683 0.657942 0.138088 0.564753 0.620755
0 0.309556 0.650357 0.112202 0.521623 0.615666
0 0.786976 0.656009 0.18883 0.592579 0.596647
0 0.0730489 0.64206 0.0858041 0.468585 0.57383
0 0.463382 0.643025 0.120298 0.518063 0.554625
0 0.395491 0.63149 0.091421 0.530873 0.545959
0 0.58561 0.625598 0.137155 0.568666 0.512868
0 0.135839 0.640695 0.168666 0.517601 0.373923
0 0.886347 0.483705 0.104478 0.290465 0.293029
0 0.68694 0.599578 0.0780068 0.541661 0.228773
0 0.729027 0.637914 0.0792155 0.571969 0.212413
0 0.548354 0.443063 0.054621 0.147815 0.209272
0 0.272012 0.452981 0.038009 0.131952 0.20677
0 0.986682 0.400227 0.0259304 0.189247 0.167935
0 0.68727 0.473969 0.0749225 0.295058 0.162121
0 0.887571 0.424741 0.101659 0.174442 0.160514
0 0.992096 0.478268 0.01516 0.201547 0.148781
0 0.136542 0.614318 0.0925156 0.471638 0.147999
0 0.112668 0.633472 0.105463 0.503302 0.145289
0 0.433277 0.413264 0.0338907 0.108832 0.134793
0 0.688926 0.422677 0.0708045 0.193409 0.106696
0 0.153103 0.603371 0.0657667 0.445185 0.106347
0 0.986907 0.617631 0.0250939 0.47126 0.105112
0 0.612443 0.607237 0.0914102 0.53946 0.104981
0 0.72898 0.462858 0.0756472 0.223602 0.0996785
0 0.730751 0.433438 0.0713148 0.166439 0.0996761
0 0.99095 0.604125 0.017418 0.453237 0.0990773
0 0.993317 0.443718 0.0127011 0.123752 0.09168
0 0.986116 0.354721 0.0267685 0.10017 0.0853531
0 0.989715 0.410189 0.0199264 0.17889 0.0803562
0 0.958399 0.59892 0.080649 0.447252 0.0683977
0 0.161251 0.6013 0.0972655 0.446114 0.0641548
0 0.503311 0.435803 0.0361404 0.087352 0.0610362
0 0.551425 0.425671 0.0468056 0.10908 0.0602531
0 0.989738 0.490573 0.0197125 0.230203 0.0549915
0 0.398107 0.476433 0.0856565 0.221396 0.0525386
0 0.957691 0.50875 0.0776638 0.271035 0.0519249
0 0.507109 0.622534 0.0886454 0.50914 0.0508885
