0 0.807779 0.684322 0.135445 0.407527 0.921169
0 0.914968 0.645806 0.098167 0.309892 0.851739
0 0.580011 0.631711 0.0714397 0.3392 0.845989
0 0.734907 0.628001 0.0554756 0.253894 0.817927
0 0.675339 0.596893 0.0484269 0.198498 0.770819
0 0.465555 0.614577 0.0528355 0.271719 0.767184
0 0.962954 0.630851 0.0613652 0.265102 0.728373
0 0.236685 0.582057 0.0347123 0.170345 0.684783
0 0.30821 0.586341 0.0513685 0.206606 0.659918
0 0.0273851 0.576474 0.040555 0.197447 0.657461
0 0.152792 0.561923 0.0292975 0.152325 0.623677
0 0.374436 0.603804 0.048795 0.227584 0.6204
0 0.1171 0.554261 0.0293549 0.138788 0.589309
0 0.189827 0.575018 0.0339948 0.155158 0.585278
0 0.00732079 0.540078 0.0146416 0.103457 0.569487
0 0.866795 0.615573 0.0495646 0.173079 0.516345
0 0.988008 0.618447 0.0231082 0.225505 0.50173
0 0.646809 0.572168 0.0286606 0.137847 0.470367
0 0.495915 0.589178 0.034451 0.21118 0.469237
0 0.52292 0.572672 0.0342703 0.169769 0.441123
0 0.219636 0.552337 0.0240441 0.118128 0.420291
0 0.351982 0.57759 0.029575 0.145533 0.394166
0 0.0955698 0.554898 0.0230302 0.118823 0.381625
0 0.993358 0.6163 0.0127771 0.224564 0.312383
0 0.417296 0.556675 0.0263244 0.117106 0.279306
0 0.0605597 0.54807 0.0258962 0.120955 0.206416
0 0.629537 0.565703 0.0211739 0.11167 0.205499
0 0.765979 0.611062 0.0285191 0.100704 0.17656
0 0.254946 0.556426 0.0206324 0.143759 0.155484
0 0.39373 0.58442 0.0246579 0.184909 0.137622
0 0.692517 0.567663 0.0216022 0.142744 0.136949
0 0.443817 0.592085 0.0187315 0.136669 0.128643
0 0.335154 0.559346 0.0265041 0.122216 0.105807
0 0.719967 0.57782 0.0226064 0.145979 0.0912156
0 0.443777 0.569027 0.0279144 0.179612 0.0880031
0 0.988079 0.561913 0.023193 0.111877 0.0804036
0 0.845809 0.618544 0.0161709 0.0667634 0.074204
0 0.803358 0.536057 0.0444166 0.0646767 0.064366
0 0.487574 0.590435 0.025196 0.223082 0.0641751
0 0.283351 0.545084 0.0241333 0.0899557 0.0542326
0 0.995094 0.611735 0.00919148 0.231939 0.0514699
0 0.178832 0.544697 0.0204912 0.109773 0.050923
