0 0.628525 0.630351 0.421358 0.721593 0.954886
0 0.30955 0.542811 0.156903 0.443 0.884109
0 0.108283 0.440574 0.0583052 0.199083 0.867075
0 0.832234 0.482071 0.0904885 0.246978 0.861948
0 0.169355 0.46342 0.0661185 0.282764 0.83903
0 0.39507 0.465417 0.0730848 0.215841 0.800798
0 0.569985 0.444043 0.0671681 0.174085 0.751802
0 0.708455 0.408823 0.0224678 0.0917429 0.695585
0 0.455301 0.436096 0.0383463 0.143314 0.679205
0 0.213031 0.421476 0.0322169 0.115999 0.499694
0 0.510032 0.41146 0.0236533 0.0994054 0.448243
0 0.526408 0.415534 0.0175587 0.0934313 0.333518
0 0.604035 0.393484 0.0254476 0.0671823 0.109849
0 0.046488 0.406272 0.0438296 0.0723021 0.0995717
0 0.214285 0.398852 0.0315088 0.0699675 0.0928794
0 0.979632 0.633199 0.0400478 0.185553 0.0922417
0 0.0442981 0.393469 0.0395646 0.042589 0.054828
0 0.468977 0.383761 0.015329 0.0448327 0.0529045
0 0.257973 0.424121 0.0167059 0.0542167 0.0513874
