0 0.417244 0.601411 0.154215 0.594205 0.887625
0 0.565626 0.595452 0.149704 0.636526 0.882983
0 0.109805 0.616561 0.136973 0.525074 0.862366
0 0.258155 0.610063 0.125198 0.520026 0.842286
0 0.794869 0.606638 0.16084 0.564474 0.807895
0 0.175002 0.593295 0.100075 0.502646 0.729872
0 0.891944 0.580144 0.116624 0.523544 0.728441
0 0.0222736 0.631375 0.0442173 0.500637 0.708066
0 0.688842 0.603913 0.112403 0.561398 0.685438
0 0.336172 0.612534 0.0800633 0.440605 0.58077
0 0.955396 0.568088 0.0652838 0.358171 0.510536
0 0.985449 0.386323 0.0277388 0.0757643 0.171513
0 0.213572 0.373959 0.0530116 0.118458 0.170456
0 0.659562 0.37132 0.0544096 0.130602 0.161042
0 0.990781 0.534983 0.0178475 0.228526 0.159475
0 0.0270982 0.394384 0.05403 0.185474 0.133341
0 0.93465 0.362276 0.0405041 0.0803845 0.0770777
0 0.984959 0.506283 0.0292927 0.301227 0.068472
0 0.0742374 0.405707 0.0513351 0.13482 0.0623937
0 0.986513 0.53621 0.0263283 0.228827 0.0606935
0 0.331999 0.401245 0.0527205 0.108152 0.0600905
0 0.296308 0.396154 0.0335343 0.088034 0.0593093
0 0.95772 0.356113 0.0423618 0.127174 0.0586553
