0 0.390801 0.838166 0.179545 0.313869 0.85305
0 0.621456 0.810264 0.216323 0.300925 0.816445
0 0.707009 0.855338 0.145212 0.280101 0.776929
0 0.848821 0.809044 0.255417 0.264784 0.772247
0 0.232312 0.801381 0.196073 0.309701 0.727233
0 0.080724 0.728871 0.147179 0.196041 0.660114
0 0.324042 0.740214 0.0892342 0.199653 0.511141
0 0.527715 0.719841 0.0722954 0.16679 0.498219
0 0.373509 0.670091 0.0582359 0.0613918 0.19977
0 0.90759 0.768287 0.0979272 0.201272 0.0675559
0 0.665673 0.683299 0.0856861 0.0601057 0.0621879
0 0.439167 0.650283 0.0324184 0.0553888 0.0549486
0 0.660964 0.721134 0.0760549 0.136873 0.0543911
0 0.372608 0.692095 0.0606198 0.104237 0.0539215
