0 0.897794 0.664152 0.113141 0.385006 0.858357
0 0.565562 0.604509 0.0627492 0.218986 0.818122
0 0.672451 0.568294 0.0389277 0.179446 0.713987
0 0.771338 0.541456 0.0383709 0.119787 0.709784
0 0.323573 0.572893 0.0394847 0.192012 0.543097
0 0.954976 0.386836 0.0279573 0.107011 0.427166
0 0.802679 0.530341 0.0255768 0.0971715 0.419514
0 0.0161947 0.578196 0.0319814 0.085332 0.37598
0 0.529064 0.560327 0.0258816 0.134216 0.342706
0 0.179313 0.533554 0.0299796 0.102717 0.285294
0 0.357272 0.560893 0.0264474 0.137818 0.284023
0 0.698018 0.538032 0.0335745 0.100939 0.259428
0 0.59138 0.550251 0.0262218 0.100834 0.23139
0 0.0464635 0.570374 0.0254058 0.0803855 0.198418
0 0.101338 0.541533 0.0262221 0.114677 0.170958
0 0.589865 0.565289 0.0263049 0.136093 0.14975
0 0.203087 0.511842 0.0162665 0.0505283 0.136378
0 0.528174 0.543465 0.0234945 0.100462 0.125467
0 0.118078 0.522738 0.0181519 0.0775568 0.112914
0 0.31788 0.562089 0.0302139 0.163374 0.106788
0 0.632798 0.546049 0.0442735 0.0833031 0.0964404
0 0.10101 0.526193 0.0230979 0.081335 0.0894546
0 0.316642 0.542358 0.0261807 0.121901 0.0840505
0 0.955857 0.40234 0.0310221 0.138463 0.0815436
0 0.471485 0.521848 0.0217693 0.0727368 0.0786959
0 0.117514 0.539974 0.0195174 0.111712 0.0783044
0 0.00675857 0.524552 0.0135171 0.0651866 0.0754939
0 0.0135992 0.558511 0.0271984 0.123678 0.0747811
0 0.0683882 0.532217 0.0302578 0.0450434 0.0741066
0 0.196174 0.513653 0.0245802 0.0575158 0.0724838
0 0.0676766 0.541258 0.0305144 0.0650003 0.0720765
0 0.341149 0.561518 0.0270319 0.133889 0.062023
0 0.0359894 0.567672 0.0318805 0.0882852 0.0610334
0 0.333422 0.574437 0.0279587 0.160372 0.0603978
0 0.222399 0.509353 0.0217594 0.0475138 0.0603479
