0 0.0483924 0.798206 0.0966672 0.398638 0.914442
0 0.155 0.811704 0.110674 0.369386 0.861547
0 0.92081 0.831317 0.0840652 0.333403 0.844836
0 0.975866 0.810962 0.0477428 0.37327 0.794987
0 0.271179 0.7084 0.0427624 0.19226 0.782821
0 0.35238 0.721793 0.0462978 0.226827 0.780689
0 0.81785 0.741133 0.032011 0.229229 0.737511
0 0.787145 0.734033 0.0428674 0.227342 0.73224
0 0.235605 0.710198 0.0361192 0.192659 0.656481
0 0.592029 0.697924 0.0284128 0.155269 0.625798
0 0.114985 0.917031 0.0612146 0.161806 0.581408
0 0.701949 0.666964 0.0189663 0.0923738 0.469572
0 0.717885 0.661912 0.0179281 0.098913 0.407782
0 0.537643 0.667938 0.0236868 0.105478 0.3223
0 0.746415 0.653899 0.0177241 0.0870475 0.293914
0 0.565292 0.660645 0.0147469 0.074388 0.291649
0 0.887422 0.669122 0.0293417 0.0975648 0.256298
0 0.103521 0.683725 0.0322016 0.132041 0.238386
0 0.187551 0.788818 0.0528367 0.223546 0.201617
0 0.613287 0.662406 0.014172 0.0758344 0.120398
0 0.646351 0.665448 0.0153062 0.0717616 0.10604
0 0.632201 0.660792 0.0151659 0.0850638 0.105214
0 0.730103 0.655553 0.0119917 0.0789029 0.0944743
0 0.87802 0.670191 0.0125786 0.0913392 0.0897952
0 0.643491 0.666209 0.016394 0.0713263 0.0881163
0 0.63918 0.663354 0.0134691 0.0775877 0.0661879
0 0.193766 0.736187 0.0408219 0.105658 0.0522528
