0 0.607895 0.649322 0.0866903 0.395126
0 0.536071 0.627285 0.0714124 0.31403
0 0.34072 0.634487 0.100286 0.41816
0 0.224684 0.645115 0.0767646 0.406441
0 0.123351 0.653645 0.0818563 0.427769
0 0.0362225 0.660796 0.072295 0.433205
0 0.428247 0.653575 0.108336 0.419498
0 0.857233 0.620665 0.0661376 0.319794
0 0.707457 0.626246 0.0766456 0.393155
0 0.166465 0.650504 0.0565046 0.408935
0 0.942244 0.582456 0.0719194 0.328161
0 0.780607 0.611666 0.0637205 0.317027
0 0.769593 0.620506 0.0888405 0.332898
0 0.655562 0.610365 0.0488822 0.303741
0 0.28538 0.666226 0.0615798 0.370233
