0 0.400269 0.79248 0.069088 0.277283 0.698975
0 0.272543 0.688328 0.136299 0.313858 0.657048
0 0.147896 0.706498 0.146453 0.33699 0.6289
0 0.968158 0.451356 0.0620833 0.205455 0.384425
0 0.0103025 0.642279 0.0205579 0.224005 0.370333
0 0.531847 0.712639 0.116945 0.425221 0.335206
0 0.193452 0.548966 0.0505502 0.236525 0.329358
0 0.616121 0.754166 0.0931297 0.463655 0.31669
0 0.880154 0.701662 0.0745175 0.180281 0.298721
0 0.877497 0.271695 0.0376115 0.163072 0.283781
0 0.666159 0.461126 0.0686501 0.152064 0.261748
0 0.891668 0.488932 0.0681717 0.130505 0.239633
0 0.52609 0.215155 0.0357109 0.0977128 0.226642
0 0.745016 0.738673 0.0555591 0.17312 0.20965
0 0.100538 0.588685 0.0829901 0.204657 0.201687
