0 0.167252 0.682356 0.0643032 0.314742
0 0.293662 0.591826 0.0847019 0.313202
0 0.556336 0.540195 0.0886354 0.259678
0 0.353061 0.539585 0.0516796 0.262104
0 0.86922 0.678101 0.0910347 0.287772
0 0.664778 0.74993 0.115175 0.341168
0 0.935283 0.631608 0.0664822 0.277022
0 0.816374 0.60882 0.063647 0.27009
0 0.970966 0.58316 0.0573828 0.280392
0 0.756693 0.56906 0.0794817 0.270225
0 0.460971 0.555593 0.0796799 0.261165
0 0.232417 0.556412 0.0557394 0.214536
0 0.445283 0.727626 0.0861992 0.287089
0 0.908172 0.484214 0.0410362 0.146881
0 0.0334926 0.936858 0.0668815 0.119246
0 0.66962 0.566803 0.0694531 0.185656
0 0.644416 0.459769 0.0868155 0.172536
0 0.0233663 0.944329 0.0467327 0.108204
0 0.962853 0.8841 0.073415 0.219504
0 0.654289 0.954563 0.053 0.08797
