0 0.685669 0.687766 0.13211 0.576462 0.720246
0 0.374178 0.678313 0.109497 0.554622 0.70524
0 0.579951 0.706331 0.133622 0.520764 0.679186
0 0.777408 0.689507 0.129224 0.597313 0.67102
0 0.477613 0.666731 0.111958 0.570754 0.660625
0 0.906667 0.652768 0.124191 0.525478 0.659603
0 0.188378 0.673037 0.104691 0.512623 0.634411
0 0.280751 0.67309 0.102711 0.52842 0.602199
0 0.07077 0.671239 0.13934 0.510868 0.494108
0 0.096772 0.669645 0.118685 0.517584 0.44542
0 0.876799 0.390354 0.0610044 0.18512 0.372127
0 0.712987 0.389223 0.0839976 0.258686 0.343577
0 0.347207 0.413934 0.0625057 0.18026 0.32285
0 0.185127 0.403192 0.0925313 0.181421 0.310808
0 0.804117 0.399006 0.102744 0.197736 0.301138
0 0.923509 0.311829 0.087146 0.237322 0.273262
0 0.302713 0.665309 0.0878751 0.538785 0.25618
0 0.804224 0.496105 0.0999895 0.387543 0.235494
0 0.0965457 0.389319 0.104676 0.225342 0.229151
0 0.62166 0.411137 0.0725009 0.191961 0.222824
0 0.848816 0.327542 0.0615337 0.149411 0.211486
0 0.651073 0.332199 0.0610164 0.162637 0.207872
0 0.423248 0.412629 0.0612984 0.167081 0.205406
