0 0.170783 0.844495 0.0706831 0.233255 0.788998
0 0.554281 0.900922 0.075775 0.196675 0.771778
0 0.60488 0.788267 0.0481367 0.175993 0.601411
0 0.346488 0.836218 0.0517405 0.210018 0.597221
0 0.117555 0.654056 0.0336739 0.116866 0.49176
0 0.121561 0.792334 0.0407805 0.173104 0.49152
0 0.0962387 0.789383 0.035395 0.181223 0.415647
0 0.279122 0.831806 0.0512674 0.126276 0.363959
0 0.783486 0.705065 0.0275864 0.106917 0.361604
0 0.990329 0.675858 0.0186401 0.121684 0.318254
0 0.187672 0.640615 0.0218948 0.0837618 0.31247
0 0.391893 0.552874 0.0208293 0.084935 0.297142
0 0.469697 0.666036 0.0305979 0.106084 0.235641
0 0.913601 0.691513 0.0239061 0.0954666 0.225134
0 0.81269 0.70485 0.020142 0.100945 0.216449
0 0.443691 0.779492 0.0453842 0.133302 0.212391
0 0.222588 0.652646 0.0246294 0.0629438 0.203778
