0 0.046953 0.315236 0.0669187 0.244052 0.810037
0 0.303567 0.283464 0.269466 0.409883 0.805627
0 0.642202 0.245284 0.0449591 0.187518 0.774846
0 0.785595 0.204033 0.06704 0.171284 0.740503
0 0.79102 0.665572 0.0317419 0.119788 0.735148
0 0.221343 0.72556 0.0417233 0.129784 0.728643
0 0.737809 0.668443 0.0300564 0.113059 0.725521
0 0.8636 0.674576 0.0314064 0.14594 0.723854
0 0.832921 0.67031 0.0346293 0.126952 0.708041
0 0.76386 0.675225 0.0306465 0.118649 0.68725
0 0.170914 0.724421 0.0335758 0.151515 0.66132
0 0.289779 0.727579 0.0395919 0.136922 0.660383
0 0.912606 0.681315 0.0392086 0.183185 0.657256
0 0.0943404 0.718854 0.0354195 0.123894 0.645242
0 0.5358 0.225878 0.0292999 0.119138 0.644732
0 0.960321 0.23128 0.0319446 0.13909 0.643324
0 0.608487 0.230524 0.029355 0.121876 0.631391
0 0.446966 0.724437 0.0341692 0.125363 0.610201
0 0.692181 0.210056 0.0243551 0.0851588 0.589245
0 0.638241 0.672621 0.0316981 0.102993 0.585204
0 0.0440162 0.704807 0.0259042 0.103238 0.56459
0 0.233408 0.268847 0.130978 0.290413 0.531025
0 0.965333 0.736831 0.0417042 0.308696 0.517128
0 0.882787 0.215495 0.0220646 0.0732935 0.510612
0 0.559564 0.229022 0.0248939 0.111393 0.505004
0 0.90522 0.210587 0.0203125 0.0746629 0.499755
0 0.577648 0.684047 0.0330021 0.112999 0.485417
0 0.530516 0.709595 0.0462034 0.229986 0.480456
0 0.583848 0.226492 0.0255614 0.108381 0.475547
0 0.552567 0.692614 0.0397732 0.144877 0.398229
0 0.400667 0.713966 0.028711 0.10887 0.339224
0 0.820338 0.20204 0.0296791 0.0781509 0.331657
0 0.980003 0.218206 0.0174424 0.124341 0.3232
0 0.341774 0.709118 0.0226996 0.0932045 0.31901
0 0.691585 0.672177 0.0808121 0.172526 0.31292
0 0.887547 0.673991 0.0233301 0.142218 0.307821
0 0.514581 0.228001 0.0182102 0.10549 0.304954
0 0.937129 0.216122 0.0278828 0.0928393 0.301252
0 0.672966 0.692451 0.0442873 0.128601 0.296758
0 0.742424 0.19948 0.0296171 0.0778287 0.286401
0 0.0431307 0.385773 0.0594236 0.106361 0.22251
0 0.361451 0.707165 0.0269247 0.0872303 0.218537
0 0.264963 0.698045 0.0217199 0.0676082 0.200871
