0 0.436135 0.421322 0.0345342 0.138848 0.760095
0 0.119398 0.653917 0.170713 0.321678 0.740953
0 0.80205 0.38466 0.026469 0.112044 0.610883
0 0.320141 0.673889 0.558286 0.335393 0.567245
0 0.108129 0.397331 0.0684136 0.23248 0.534472
0 0.239371 0.43376 0.0379215 0.149726 0.531892
0 0.505572 0.415538 0.0299463 0.136023 0.45169
0 0.908141 0.375723 0.0229618 0.105132 0.44624
0 0.834131 0.381459 0.0237877 0.100623 0.446222
0 0.0970482 0.39547 0.0450721 0.22901 0.445871
0 0.864283 0.379197 0.0323792 0.10606 0.427393
0 0.028373 0.44332 0.0288315 0.138078 0.425909
0 0.546514 0.404577 0.0280542 0.109649 0.410533
0 0.766046 0.384481 0.0263153 0.112344 0.368495
0 0.215786 0.427379 0.0283312 0.144308 0.350912
0 0.569168 0.38354 0.0201809 0.0921367 0.344011
0 0.0663428 0.446078 0.0523422 0.148408 0.343448
0 0.258983 0.430599 0.025316 0.142027 0.248937
0 0.215989 0.431375 0.0385178 0.148524 0.224834
0 0.215001 0.407373 0.0243512 0.100662 0.222875
