0 0.191783 0.683053 0.11022 0.328682 0.782059
0 0.273148 0.634163 0.0886132 0.306721 0.773959
0 0.0605568 0.651167 0.0739621 0.247525 0.766445
0 0.469456 0.627512 0.0356896 0.159908 0.732081
0 0.723268 0.60567 0.0878523 0.314288 0.711352
0 0.101528 0.629338 0.060421 0.199986 0.580624
0 0.376864 0.666493 0.114387 0.302167 0.48291
0 0.555338 0.603244 0.0258362 0.133351 0.462864
0 0.427155 0.635374 0.0754537 0.243537 0.461503
0 0.515692 0.618818 0.0210133 0.0910842 0.445005
0 0.357924 0.672247 0.0811538 0.294233 0.379203
0 0.666666 0.60845 0.0487362 0.235032 0.365646
0 0.782546 0.519507 0.0329183 0.0936687 0.359257
0 0.1691 0.677355 0.0667549 0.333645 0.358439
0 0.0946972 0.63268 0.0433618 0.195102 0.34383
0 0.534845 0.606226 0.0251871 0.121396 0.329996
0 0.493915 0.604122 0.0193674 0.0971204 0.317917
0 0.173955 0.617979 0.0460103 0.225899 0.277279
0 0.584955 0.590632 0.0200378 0.107978 0.218419
0 0.419592 0.675014 0.0561337 0.157538 0.202999
