0 0.712097 0.665893 0.108923 0.555808 0.811032
0 0.539257 0.641002 0.128617 0.453179 0.697547
0 0.197047 0.499671 0.0338877 0.15553 0.64759
0 0.649101 0.633307 0.0699716 0.434412 0.634548
0 0.364894 0.579094 0.0796948 0.339011 0.522393
0 0.264706 0.528328 0.0382916 0.27969 0.505658
0 0.321455 0.547632 0.0682937 0.319778 0.456461
0 0.435045 0.608669 0.0508136 0.386631 0.430984
0 0.409627 0.593965 0.069415 0.366217 0.338547
0 0.251392 0.524008 0.0499668 0.283546 0.242449
0 0.469581 0.61839 0.0552333 0.405574 0.239613
0 0.605352 0.627815 0.0457295 0.393551 0.226723
0 0.458951 0.619096 0.0667921 0.389853 0.213854
0 0.218457 0.503021 0.0234541 0.15435 0.208854
