0 0.578254 0.752861 0.066357 0.179702 0.616454
0 0.440394 0.736244 0.0452752 0.146196 0.580135
0 0.309261 0.763178 0.0563086 0.182754 0.563086
0 0.176921 0.727938 0.0440003 0.179179 0.544184
0 0.214788 0.553275 0.0456477 0.136921 0.488678
0 0.133877 0.676199 0.0513691 0.153486 0.479903
0 0.797787 0.696393 0.0523737 0.174181 0.466034
0 0.846206 0.641946 0.0547225 0.145859 0.456746
0 0.681101 0.736438 0.0446879 0.183392 0.45113
0 0.630837 0.469741 0.0365587 0.139988 0.420471
0 0.283062 0.554187 0.0557326 0.0860896 0.417281
0 0.817263 0.458794 0.0326469 0.103087 0.347888
0 0.283397 0.423707 0.0260696 0.0831862 0.295441
0 0.85102 0.483996 0.0466114 0.103617 0.292982
0 0.0888868 0.616487 0.062577 0.143509 0.286918
0 0.230627 0.438717 0.0260158 0.0981824 0.27372
0 0.588083 0.388968 0.0291444 0.0981607 0.248954
0 0.385191 0.561006 0.0538792 0.116652 0.239532
0 0.884949 0.525586 0.0391414 0.11966 0.235006
0 0.781773 0.510931 0.0377912 0.101513 0.223491
0 0.0975311 0.617102 0.0438679 0.137381 0.216073
0 0.701806 0.569035 0.0969471 0.168811 0.210555
