0 0.803818 0.655938 0.338697 0.674221 0.904121
0 0.26636 0.673856 0.122283 0.497145 0.855986
0 0.425125 0.664669 0.115996 0.491912 0.836446
0 0.56003 0.664691 0.12292 0.527256 0.801945
0 0.362479 0.598155 0.0671629 0.338953 0.79126
0 0.65172 0.622087 0.0756469 0.435937 0.599167
0 0.852991 0.521586 0.0453829 0.138024 0.545086
0 0.916116 0.634205 0.104272 0.393385 0.430342
0 0.984359 0.569363 0.0308566 0.187872 0.375906
0 0.651231 0.559274 0.0739012 0.311686 0.358301
0 0.957935 0.59859 0.0654478 0.271426 0.304422
0 0.487396 0.480563 0.0399214 0.0754575 0.280508
0 0.511883 0.535953 0.0517451 0.185177 0.269222
0 0.488147 0.5407 0.0375378 0.193684 0.254177
0 0.968509 0.574826 0.0590134 0.205069 0.232169
0 0.920077 0.564599 0.0718014 0.263762 0.223185
0 0.511736 0.598671 0.052771 0.308834 0.222254
