0 0.489011 0.530328 0.200285 0.88014 0.880997
0 0.920946 0.493731 0.057423 0.242925 0.871511
0 0.71968 0.527686 0.0791107 0.31568 0.799654
0 0.15095 0.422363 0.106918 0.19304 0.736856
0 0.818111 0.510972 0.0320602 0.135918 0.731493
0 0.634738 0.541001 0.0873614 0.307523 0.715427
0 0.86001 0.507572 0.0242842 0.113791 0.709461
0 0.06399 0.427385 0.0496696 0.166284 0.625542
0 0.359653 0.430104 0.0986462 0.168762 0.61436
0 0.185774 0.431013 0.067111 0.167168 0.48705
0 0.0235276 0.417458 0.0469713 0.186695 0.466897
0 0.782723 0.513557 0.0206726 0.0731099 0.293714
