0 0.354925 0.235025 0.142854 0.469075
0 0.213628 0.366975 0.293302 0.521392
0 0.733218 0.569099 0.531777 0.841211
0 0.455886 0.48704 0.246323 0.460289
0 0.0694273 0.224955 0.138714 0.449909
0 0.6433 0.201955 0.0334278 0.163643
0 0.950099 0.185438 0.0340466 0.115725
0 0.589323 0.197848 0.0353372 0.151948
0 0.921563 0.164428 0.0391998 0.103444
0 0.799016 0.138246 0.0659418 0.0940317
0 0.509395 0.197686 0.0977633 0.249987
0 0.97596 0.188006 0.0327496 0.120336
0 0.194397 0.111589 0.178454 0.223178
0 0.67609 0.189796 0.0261652 0.0910479
0 0.803286 0.128463 0.059449 0.0747664
0 0.548465 0.196407 0.0566488 0.22599
0 0.100982 0.225279 0.201803 0.450557
