0 0.234514 0.820752 0.214746 0.357736
0 0.220451 0.293622 0.239005 0.586126
0 0.811802 0.768731 0.210819 0.457201
0 0.778148 0.256075 0.18635 0.477923
0 0.0270522 0.253311 0.044661 0.102335
0 0.411742 0.259006 0.0536556 0.120139
0 0.377944 0.254831 0.0417871 0.119324
0 0.395205 0.902429 0.0614315 0.125821
0 0.929092 0.843414 0.047131 0.0903298
0 0.670555 0.308965 0.115282 0.194624
0 0.961988 0.847913 0.0326677 0.0975783
0 0.607155 0.311322 0.0446243 0.143503
0 0.0689699 0.246984 0.0387747 0.0918679
0 0.117716 0.247413 0.0296898 0.0755833
0 0.63631 0.296932 0.0387406 0.118761
0 0.476279 0.816625 0.0656559 0.0993122
0 0.344889 0.245094 0.0364535 0.0807014
0 0.0956344 0.24914 0.0261019 0.084517
0 0.674138 0.261658 0.0611057 0.112542
0 0.989764 0.847275 0.0160621 0.0867743
0 0.962395 0.835029 0.0288322 0.0727579
