0 0.169489 0.645199 0.116272 0.304295
0 0.719106 0.614565 0.0643553 0.252158
0 0.817389 0.577218 0.0445498 0.184992
0 0.57718 0.65095 0.108007 0.353608
0 0.769155 0.593588 0.0538062 0.210301
0 0.441767 0.703135 0.093104 0.416183
0 0.971744 0.528623 0.0205392 0.0709219
0 0.88979 0.556752 0.0341171 0.127836
0 0.464004 0.71786 0.148769 0.431073
0 0.851343 0.56538 0.0429211 0.161253
0 0.223101 0.492753 0.0275206 0.0797474
0 0.631733 0.508653 0.0251242 0.0361572
0 0.290126 0.472938 0.0267235 0.0302007
0 0.491212 0.523792 0.0325985 0.0547804
0 0.676216 0.511836 0.0214443 0.0377227
