0 0.402561 0.539933 0.210153 0.88571 0.823516
0 0.507001 0.567189 0.240198 0.834089 0.784775
0 0.794856 0.345079 0.0732193 0.307508 0.750576
0 0.85848 0.350378 0.0806162 0.298187 0.632378
0 0.146355 0.332867 0.0526161 0.307479 0.495006
0 0.197903 0.336134 0.0486914 0.282201 0.393446
0 0.754718 0.311355 0.0372236 0.207113 0.365344
0 0.937419 0.286235 0.0464748 0.186982 0.35141
0 0.0882259 0.33074 0.0514575 0.325964 0.33651
0 0.976823 0.285455 0.0385831 0.17746 0.322362
0 0.240468 0.318058 0.0527164 0.294355 0.31954
0 0.0241191 0.352128 0.0482383 0.325381 0.306799
0 0.699643 0.297544 0.0331284 0.202078 0.241472
0 0.653975 0.297556 0.0409552 0.18458 0.209145
0 0.0352819 0.347098 0.0666606 0.327485 0.20879
