0 0.936179 0.548441 0.0933392 0.399531 0.619328
0 0.840809 0.547947 0.0585297 0.302741 0.556662
0 0.982055 0.543327 0.0352867 0.342325 0.433454
0 0.561387 0.50065 0.0604532 0.273476 0.407832
0 0.356865 0.484715 0.0395007 0.206363 0.402676
0 0.599281 0.484037 0.0420292 0.280201 0.385649
0 0.31079 0.483549 0.0480359 0.216952 0.326177
0 0.129527 0.47246 0.0356516 0.192514 0.317027
0 0.750982 0.534992 0.0645964 0.310255 0.311654
0 0.412207 0.488458 0.038963 0.226086 0.304164
0 0.657644 0.508337 0.053774 0.29103 0.271164
0 0.0152255 0.485926 0.0304511 0.180269 0.226794
0 0.797312 0.512417 0.0571891 0.27867 0.221046
0 0.52928 0.493477 0.0390379 0.251686 0.207878
0 0.386386 0.475974 0.0296107 0.193132 0.200351
