0 0.949043 0.579089 0.101326 0.567479
0 0.81917 0.594918 0.146472 0.475537
0 0.705704 0.676664 0.169197 0.637697
0 0.412928 0.690971 0.101584 0.542581
0 0.541555 0.5969 0.0979673 0.38046
0 0.465955 0.570895 0.0606593 0.339054
0 0.194654 0.688315 0.0937976 0.429911
0 0.340263 0.602548 0.0642745 0.314736
0 0.854898 0.57094 0.072179 0.4603
0 0.57838 0.574449 0.0851273 0.376489
0 0.27694 0.658557 0.0769704 0.397477
0 0.12728 0.66633 0.0793762 0.375391
0 0.0350734 0.655133 0.0641166 0.292637
0 0.0849256 0.656907 0.0558297 0.348093
0 0.641833 0.581131 0.0495129 0.413464
0 0.292119 0.658647 0.0583053 0.401903
0 0.231227 0.602506 0.0499748 0.241772
0 0.689983 0.426535 0.031719 0.10735
