0 0.755882 0.670238 0.104962 0.534449
0 0.924679 0.546752 0.0635536 0.314024
0 0.685193 0.587459 0.0911613 0.398718
0 0.0458263 0.53643 0.0584796 0.312461
0 0.436441 0.586041 0.06584 0.396753
0 0.232716 0.537857 0.0681184 0.31505
0 0.119993 0.585968 0.072235 0.398164
0 0.621088 0.539233 0.063036 0.327824
0 0.380952 0.657024 0.108681 0.530426
0 0.842699 0.523676 0.073287 0.271524
0 0.48499 0.514759 0.0608952 0.271914
0 0.162866 0.493901 0.042083 0.230417
0 0.53654 0.442126 0.0312957 0.150314
0 0.28562 0.514817 0.0503073 0.269165
0 0.862291 0.525522 0.0449137 0.265832
0 0.982416 0.583203 0.0347143 0.360259
