0 0.405621 0.511757 0.147349 0.367906 0.884013
0 0.733666 0.447809 0.08881 0.375886 0.844689
0 0.368916 0.239433 0.0485537 0.239972 0.801867
0 0.527654 0.222569 0.0610313 0.235428 0.759095
0 0.416822 0.239348 0.0472058 0.224362 0.734461
0 0.561067 0.534761 0.0693183 0.311621 0.729186
0 0.271196 0.248652 0.0670731 0.10228 0.7184
0 0.843263 0.368135 0.0660042 0.201834 0.575755
0 0.676156 0.226255 0.0517883 0.221273 0.549237
0 0.181286 0.258158 0.0587786 0.0943139 0.514628
0 0.620269 0.247831 0.0526461 0.26692 0.490389
0 0.571608 0.503929 0.0848005 0.375037 0.438241
0 0.0934894 0.265306 0.0659133 0.0920515 0.397437
0 0.106766 0.15488 0.0577413 0.103549 0.282351
0 0.0180671 0.176708 0.0359991 0.0791876 0.271794
0 0.668813 0.381596 0.0528666 0.210702 0.250151
0 0.666034 0.355109 0.0494457 0.151283 0.218841
