0 0.292154 0.582166 0.0559536 0.281608
0 0.198923 0.600859 0.059218 0.289892
0 0.0507723 0.627869 0.101177 0.372072
0 0.344139 0.571897 0.0571719 0.266972
0 0.251284 0.571806 0.05636 0.267053
0 0.592493 0.528675 0.0299927 0.178415
0 0.393604 0.562144 0.0634878 0.270618
0 0.979387 0.484292 0.0255318 0.0989761
0 0.47286 0.552325 0.0408851 0.225467
0 0.43999 0.556461 0.0452347 0.231284
0 0.54284 0.536394 0.0320875 0.202458
0 0.904462 0.473667 0.0164223 0.0742906
0 0.0388389 0.622283 0.0725858 0.363396
0 0.620083 0.524257 0.0355969 0.168552
0 0.122133 0.607542 0.0736513 0.32096
0 0.658951 0.518122 0.0367754 0.165763
0 0.793617 0.4951 0.0234591 0.113549
0 0.928335 0.473507 0.020148 0.0780302
0 0.856406 0.48659 0.0202009 0.0919098
0 0.760918 0.500393 0.0292955 0.128392
0 0.504629 0.543286 0.0382704 0.211781
0 0.566353 0.529081 0.0325631 0.18701
0 0.512221 0.540813 0.0448473 0.207382
0 0.822797 0.488693 0.0265768 0.109294
0 0.731233 0.499412 0.0287584 0.151987
0 0.137977 0.613856 0.0480346 0.323035
0 0.846566 0.486252 0.0210846 0.0959526
0 0.161231 0.601314 0.0441983 0.290901
0 0.0142338 0.629905 0.0279218 0.347762
0 0.671412 0.516501 0.0281393 0.160356
0 0.765595 0.501282 0.0259005 0.125235
