0 0.465015 0.748372 0.183919 0.492302
0 0.311263 0.659954 0.149273 0.665841
0 0.601368 0.567037 0.12817 0.641378
0 0.749753 0.679315 0.100474 0.576121
0 0.816044 0.527986 0.0699667 0.525591
0 0.891157 0.475666 0.0796908 0.362036
0 0.113683 0.588845 0.157116 0.424731
0 0.174966 0.551503 0.117248 0.399718
0 0.653485 0.536627 0.0704111 0.422944
0 0.247242 0.382043 0.0590044 0.241046
0 0.416181 0.448849 0.0733251 0.187772
0 0.219708 0.575275 0.0743992 0.331338
0 0.204928 0.353526 0.0482214 0.189893
0 0.0263276 0.597692 0.052587 0.37563
0 0.494894 0.467673 0.0497273 0.175071
0 0.0432293 0.59697 0.0864519 0.379438
0 0.437164 0.393801 0.0412337 0.113592
0 0.0254536 0.395717 0.0439365 0.109491
0 0.85955 0.349093 0.0305561 0.0990628
0 0.114434 0.401092 0.0505034 0.124172
