0 0.0772525 0.704684 0.153917 0.531109
0 0.774537 0.657177 0.0844806 0.33002
0 0.504745 0.632346 0.07132 0.373518
0 0.430967 0.722724 0.0652474 0.253934
0 0.368604 0.637525 0.0910892 0.468607
0 0.859303 0.749072 0.060811 0.259436
0 0.894795 0.665116 0.0555081 0.352581
0 0.594094 0.648791 0.073469 0.318662
0 0.311597 0.648067 0.0695307 0.432419
0 0.934761 0.50621 0.0466373 0.139669
0 0.884818 0.500079 0.0739832 0.16506
0 0.423178 0.550902 0.0470205 0.158336
0 0.553177 0.650322 0.0518997 0.276744
0 0.767318 0.494177 0.0389671 0.0953133
0 0.593717 0.662374 0.0523844 0.309301
0 0.719655 0.493656 0.0657218 0.153402
0 0.329062 0.64403 0.103304 0.453039
0 0.816757 0.514011 0.036739 0.1325
