0 0.949979 0.275049 0.0995646 0.501339 0.817682
0 0.892521 0.275701 0.0993904 0.45173 0.634568
0 0.614749 0.374911 0.0805961 0.168218 0.59735
0 0.0579387 0.265404 0.0620247 0.357568 0.58551
0 0.719812 0.281882 0.0993741 0.420513 0.572254
0 0.025237 0.263074 0.050474 0.362678 0.528982
0 0.679506 0.290961 0.0490892 0.316679 0.502295
0 0.594467 0.284407 0.0839487 0.294837 0.414857
0 0.517573 0.281329 0.0698629 0.329387 0.334203
0 0.102436 0.300988 0.0491818 0.244241 0.308864
0 0.291354 0.298878 0.0302469 0.140494 0.305194
0 0.465426 0.296285 0.0564803 0.217914 0.302165
0 0.351478 0.30672 0.0340581 0.14068 0.250299
0 0.989075 0.310138 0.0215029 0.376154 0.212483
