0 0.0645806 0.622994 0.129161 0.737415
0 0.420691 0.627966 0.160056 0.724792
0 0.226632 0.665362 0.136186 0.646332
0 0.620607 0.656155 0.177316 0.676286
0 0.773855 0.618154 0.144036 0.606981
0 0.32464 0.569512 0.0982274 0.494821
0 0.952556 0.633472 0.0944685 0.600941
0 0.514243 0.57423 0.0819345 0.516088
0 0.888777 0.578167 0.105341 0.520083
0 0.159643 0.532311 0.0759839 0.427375
0 0.682447 0.594101 0.102479 0.577904
0 0.56693 0.377279 0.0441649 0.136533
0 0.714466 0.361699 0.0392866 0.075127
0 0.720275 0.363576 0.0519811 0.0819171
0 0.823592 0.38288 0.0320084 0.0480739
