0 0.462967 0.791435 0.242212 0.415803 0.87663
0 0.224164 0.790583 0.10158 0.418253 0.873979
0 0.0436171 0.775897 0.0872343 0.448205 0.870189
0 0.638175 0.738233 0.104205 0.430615 0.837829
0 0.55915 0.724109 0.112986 0.416431 0.610528
0 0.301717 0.610406 0.0311543 0.139648 0.519401
0 0.353321 0.606464 0.0314754 0.157574 0.488636
0 0.0657543 0.610667 0.034183 0.168326 0.421346
0 0.413165 0.601309 0.0350068 0.12712 0.402629
0 0.0995434 0.743292 0.104506 0.350281 0.356811
0 0.407422 0.656535 0.0605095 0.0926834 0.249197
0 0.453395 0.592575 0.0271144 0.106049 0.23116
0 0.37905 0.611469 0.0275294 0.136433 0.227432
0 0.414105 0.576069 0.0327974 0.0758433 0.217192
0 0.585996 0.602233 0.0334524 0.0671405 0.213147
0 0.295527 0.611498 0.0434507 0.14336 0.211443
0 0.0966144 0.787255 0.109063 0.253886 0.205955
