0 0.851118 0.638182 0.0998165 0.383669
0 0.330398 0.417402 0.0883953 0.1811
0 0.463921 0.417578 0.0797516 0.195267
0 0.538518 0.402192 0.0758883 0.202213
0 0.597602 0.420741 0.0647829 0.184793
0 0.715201 0.44399 0.0723367 0.183589
0 0.651729 0.436039 0.0625017 0.189794
0 0.398538 0.432136 0.0595858 0.15514
0 0.576365 0.345246 0.0403401 0.098399
0 0.775648 0.464234 0.0788397 0.143829
0 0.819502 0.551477 0.0648989 0.344716
0 0.717384 0.369868 0.0830022 0.122822
0 0.82342 0.461616 0.0587246 0.168148
