0 0.588733 0.632919 0.306809 0.734162
0 0.815813 0.528921 0.242137 0.88414
0 0.251047 0.47241 0.206988 0.840609
0 0.422545 0.509946 0.199127 0.745886
0 0.0631674 0.316207 0.11242 0.259579
0 0.660787 0.273827 0.0801895 0.288131
0 0.889586 0.195481 0.0509406 0.129015
0 0.565246 0.269929 0.120111 0.291704
0 0.124163 0.291282 0.0554514 0.222105
0 0.703362 0.27358 0.0435348 0.204623
0 0.310332 0.190573 0.0337432 0.0529102
0 0.341982 0.195157 0.035083 0.0590011
0 0.94783 0.250208 0.0540649 0.103677
0 0.134807 0.294801 0.0601276 0.228922
0 0.75319 0.200021 0.0292007 0.074669
