0 0.41175 0.594508 0.163115 0.731286
0 0.166461 0.529613 0.110157 0.538011
0 0.645174 0.455415 0.0990349 0.459365
0 0.949802 0.470429 0.100152 0.57781
0 0.233517 0.495223 0.083207 0.466075
0 0.511463 0.488177 0.0918783 0.483491
0 0.106026 0.459162 0.0681154 0.387012
0 0.563646 0.434972 0.083735 0.393029
0 0.801539 0.573875 0.265958 0.783672
0 0.0482966 0.407563 0.0531256 0.265116
0 0.273576 0.36938 0.0500561 0.210764
0 0.864153 0.563392 0.142038 0.767187
0 0.718357 0.427486 0.0871003 0.429125
0 0.338421 0.360627 0.0425725 0.198598
0 0.762905 0.579801 0.191493 0.763603
0 0.0192036 0.634607 0.0384071 0.502353
