0 0.710635 0.762314 0.0647364 0.299459 0.850904
0 0.631075 0.76434 0.0656853 0.344855 0.803008
0 0.449539 0.761667 0.0691306 0.29468 0.759312
0 0.759498 0.831833 0.0608587 0.331739 0.691901
0 0.175687 0.658594 0.0592449 0.261537 0.600561
0 0.58753 0.661065 0.0534384 0.246355 0.522861
0 0.261326 0.657878 0.0622594 0.258894 0.510831
0 0.527562 0.664907 0.0430286 0.244669 0.476691
0 0.333349 0.665292 0.0482374 0.244239 0.45224
0 0.132201 0.641065 0.0479453 0.255445 0.374914
0 0.758584 0.76478 0.0607965 0.462749 0.357994
0 0.244372 0.655893 0.0435633 0.257888 0.346679
0 0.321861 0.662467 0.0582048 0.2461 0.344778
0 0.215305 0.646859 0.0403233 0.251248 0.278751
0 0.0561591 0.601285 0.0450266 0.285833 0.260431
0 0.380149 0.651357 0.0413962 0.256465 0.243706
0 0.990763 0.355821 0.017947 0.0929177 0.226139
0 0.503923 0.661982 0.0390596 0.243065 0.222282
0 0.306533 0.66318 0.0424434 0.247081 0.210584
