0 0.579877 0.528162 0.0563146 0.285315
0 0.474401 0.696784 0.114758 0.176936
0 0.285478 0.592434 0.0691235 0.313833
0 0.477593 0.512396 0.0685432 0.276822
0 0.39259 0.519652 0.0619112 0.280861
0 0.686364 0.559977 0.0766019 0.325643
0 0.790977 0.570461 0.0852141 0.238559
0 0.629567 0.6745 0.0718919 0.189892
0 0.760936 0.672751 0.0811174 0.221794
0 0.349524 0.658621 0.0566415 0.176503
0 0.11933 0.445442 0.0330373 0.146301
0 0.0597455 0.460998 0.0680232 0.174232
0 0.228815 0.538788 0.0902859 0.257936
0 0.644157 0.676914 0.101989 0.199611
0 0.857859 0.451551 0.0369824 0.135369
