0 0.230098 0.365427 0.0848952 0.283061 0.815483
0 0.045404 0.363924 0.0903619 0.285981 0.786693
0 0.490561 0.480307 0.309493 0.932572 0.738343
0 0.734909 0.409931 0.119182 0.202862 0.730807
0 0.128109 0.3668 0.0840963 0.278743 0.721791
0 0.950636 0.352416 0.0921722 0.293313 0.663147
0 0.807644 0.354959 0.0748056 0.291404 0.635635
0 0.613079 0.416399 0.0841328 0.203461 0.618605
0 0.874572 0.356179 0.0806732 0.27565 0.600976
0 0.308525 0.327395 0.0671306 0.170662 0.521816
0 0.72859 0.292806 0.0692048 0.161027 0.374283
0 0.335983 0.413615 0.118572 0.19979 0.334506
