0 0.0345647 0.592107 0.0691294 0.327041 0.866847
0 0.409126 0.571298 0.082561 0.212835 0.846194
0 0.813902 0.546946 0.0549355 0.215398 0.747699
0 0.582807 0.556069 0.0619265 0.229665 0.726805
0 0.471271 0.498582 0.02433 0.0998401 0.717
0 0.286769 0.495432 0.0273965 0.141824 0.708118
0 0.171016 0.494498 0.0343175 0.152503 0.691581
0 0.127611 0.499504 0.0413799 0.18519 0.644041
0 0.108205 0.511065 0.0296478 0.15492 0.591543
0 0.957322 0.494164 0.0266495 0.116613 0.533009
0 0.51765 0.488239 0.0238369 0.101474 0.486284
0 0.655313 0.494651 0.0203247 0.0820807 0.453285
0 0.673316 0.494343 0.0195033 0.0792974 0.425782
0 0.551845 0.490743 0.0270607 0.110172 0.423018
0 0.730338 0.499504 0.0208377 0.0758244 0.380403
0 0.631707 0.49081 0.0219219 0.0882917 0.38033
0 0.494607 0.487764 0.0233841 0.0958113 0.374344
0 0.85797 0.49032 0.0235195 0.0908661 0.350204
0 0.991096 0.495651 0.0169985 0.0789431 0.341419
0 0.432837 0.491266 0.0358702 0.123911 0.293839
0 0.747238 0.492964 0.0219355 0.0885819 0.244311
0 0.92985 0.495868 0.0249819 0.0894092 0.214977
0 0.760365 0.49164 0.0212853 0.0896887 0.207254
