0 0.121786 0.607435 0.194176 0.762285 0.913651
0 0.40237 0.627333 0.180042 0.728177 0.864673
0 0.285245 0.634496 0.164276 0.715106 0.839474
0 0.842868 0.465148 0.0503704 0.233637 0.823787
0 0.936622 0.522487 0.0849941 0.417209 0.804152
0 0.763367 0.487595 0.0560548 0.270736 0.686333
0 0.16535 0.553598 0.0923003 0.375685 0.621433
0 0.329129 0.489433 0.068725 0.253182 0.565167
0 0.672626 0.512649 0.0431187 0.339922 0.448347
0 0.491131 0.571895 0.080387 0.495818 0.431423
0 0.621962 0.542174 0.0784054 0.378505 0.416967
0 0.692634 0.502979 0.0498608 0.324875 0.340692
0 0.538588 0.603541 0.0963383 0.397889 0.3314
0 0.712772 0.498914 0.0429019 0.275431 0.300654
0 0.726006 0.506275 0.060587 0.253531 0.264301
0 0.585625 0.558602 0.163418 0.368175 0.245665
0 0.661721 0.522343 0.0490269 0.350546 0.232554
0 0.556901 0.570943 0.0569834 0.334162 0.228986
0 0.511269 0.59031 0.101977 0.436564 0.220683
0 0.649666 0.526001 0.056801 0.362177 0.208284
