0 0.832977 0.646322 0.0937027 0.362791
0 0.925994 0.698311 0.0895477 0.277885
0 0.0784861 0.621206 0.0848297 0.32124
0 0.734345 0.689927 0.0554424 0.242584
0 0.491586 0.688754 0.0596881 0.246369
0 0.420803 0.67996 0.0707121 0.241446
0 0.1323 0.671841 0.0427973 0.211006
0 0.298713 0.63237 0.0740609 0.334619
0 0.633318 0.714973 0.040652 0.195246
0 0.670794 0.730412 0.0578948 0.185483
0 0.0335783 0.693369 0.0606364 0.155648
0 0.682625 0.72672 0.0821609 0.19259
0 0.574578 0.642952 0.0699 0.345776
0 0.123945 0.673052 0.049173 0.217036
0 0.246675 0.706263 0.0607061 0.177258
