0 0.923785 0.633929 0.147087 0.582867 0.834062
0 0.616385 0.578229 0.115305 0.492445 0.816573
0 0.426297 0.614545 0.13195 0.494555 0.810944
0 0.075507 0.638002 0.151014 0.65576 0.806713
0 0.339098 0.620519 0.0845508 0.537015 0.715404
0 0.250318 0.636804 0.129775 0.577356 0.614927
0 0.511689 0.598601 0.100193 0.462333 0.479429
0 0.843911 0.481681 0.0994286 0.300777 0.405156
0 0.681465 0.586015 0.0803425 0.483458 0.401511
0 0.544424 0.583888 0.0644562 0.434893 0.386112
0 0.691698 0.420475 0.0598764 0.145971 0.291421
0 0.533014 0.592332 0.0807959 0.456866 0.271657
0 0.771549 0.401145 0.0840055 0.127051 0.259905
0 0.762102 0.592772 0.103771 0.506379 0.250045
0 0.383619 0.409873 0.0544353 0.111402 0.226758
0 0.696459 0.593925 0.0808634 0.506488 0.202652
