0 0.248694 0.703008 0.161829 0.58307 0.803356
0 0.709829 0.671959 0.0920574 0.64614 0.644477
0 0.851177 0.682262 0.124553 0.617568 0.640532
0 0.409375 0.664071 0.133067 0.643995 0.635769
0 0.56734 0.687234 0.119409 0.59782 0.54496
0 0.124099 0.682399 0.107271 0.611669 0.498602
0 0.644496 0.48591 0.0481079 0.23354 0.411484
0 0.601208 0.654949 0.0624252 0.531505 0.338629
0 0.754658 0.485 0.0563759 0.198589 0.300894
0 0.0674453 0.594671 0.0701547 0.517749 0.227905
0 0.920651 0.504385 0.0850914 0.345695 0.224297
0 0.220385 0.457846 0.0560435 0.23195 0.220526
0 0.171345 0.495682 0.0573741 0.348443 0.205683
