0 0.302193 0.664352 0.208168 0.671297
0 0.500077 0.57446 0.167486 0.474255
0 0.079907 0.826155 0.159516 0.347518
0 0.724294 0.514818 0.0894142 0.369097
0 0.627849 0.563213 0.120418 0.418047
0 0.0706066 0.55062 0.140415 0.352244
0 0.886255 0.523916 0.102277 0.362754
0 0.155324 0.526972 0.0688271 0.386288
0 0.941225 0.515709 0.0660307 0.275517
0 0.788175 0.50189 0.0752296 0.218988
0 0.412739 0.457341 0.0459379 0.187156
0 0.978688 0.53494 0.04212 0.382512
0 0.0196042 0.373616 0.0392084 0.114927
0 0.5749 0.547255 0.0598633 0.295326
