0 0.262185 0.624097 0.0756202 0.340092 0.856583
0 0.770845 0.589156 0.0635017 0.292081 0.85201
0 0.206381 0.653537 0.0720815 0.341237 0.838787
0 0.604965 0.606694 0.0694605 0.315305 0.831821
0 0.541705 0.607342 0.0772691 0.333353 0.830865
0 0.334529 0.652275 0.080603 0.346539 0.808647
0 0.392522 0.623567 0.0693019 0.355896 0.794664
0 0.942717 0.579426 0.0655577 0.249611 0.744174
0 0.445632 0.607105 0.0566601 0.349995 0.732706
0 0.829971 0.57604 0.0550442 0.259901 0.721571
0 0.877704 0.594401 0.0523594 0.243563 0.690264
0 0.483311 0.607565 0.0485108 0.305018 0.679925
0 0.655533 0.600653 0.0465525 0.288054 0.677271
0 0.682482 0.597293 0.07537 0.294735 0.673845
0 0.917397 0.575188 0.0381819 0.255654 0.245636
