0 0.105923 0.826869 0.0534264 0.172318 0.727788
0 0.270499 0.83144 0.0594878 0.198447 0.709992
0 0.173608 0.832604 0.058209 0.174419 0.669975
0 0.681395 0.82878 0.060009 0.216434 0.625026
0 0.587492 0.82776 0.0425762 0.184698 0.435927
0 0.452924 0.830658 0.0484468 0.180342 0.419078
0 0.743842 0.827628 0.0436691 0.183694 0.358846
0 0.217496 0.820926 0.0494349 0.145118 0.33319
0 0.799663 0.80881 0.0319027 0.167302 0.284162
0 0.363732 0.824624 0.0497486 0.177785 0.278503
0 0.392188 0.843221 0.0431946 0.200029 0.269602
0 0.527542 0.841283 0.0490076 0.200558 0.246994
0 0.560104 0.818709 0.0382437 0.181079 0.224907
0 0.26937 0.716021 0.0560148 0.0761391 0.215847
0 0.638028 0.818478 0.0415291 0.169393 0.214165
