0 0.26171 0.729478 0.0559517 0.199989 0.85294
0 0.453066 0.718108 0.0434034 0.165992 0.714782
0 0.628189 0.687778 0.0269562 0.0977284 0.67612
0 0.541585 0.709582 0.0305798 0.123867 0.646676
0 0.578308 0.70209 0.0264244 0.131006 0.64039
0 0.598603 0.690051 0.0201525 0.0995712 0.614202
0 0.685358 0.690011 0.023511 0.0891669 0.527319
0 0.190897 0.692576 0.0277734 0.0965365 0.42691
0 0.367126 0.675615 0.0188542 0.0751114 0.389686
0 0.311234 0.692439 0.0206345 0.0862125 0.221635
0 0.665964 0.69555 0.0221123 0.0611909 0.21811
