0 0.16255 0.505062 0.246849 0.691788 0.911075
0 0.944834 0.439628 0.109805 0.432871 0.874746
0 0.552831 0.614156 0.252642 0.754049 0.842053
0 0.393663 0.471238 0.123823 0.433525 0.828118
0 0.0636399 0.433746 0.0689755 0.249718 0.678912
0 0.213058 0.3318 0.0417771 0.122627 0.486058
0 0.260705 0.424833 0.0619706 0.142425 0.450734
0 0.759696 0.364793 0.0540587 0.179492 0.40401
0 0.333264 0.382328 0.0449685 0.217835 0.344758
0 0.306724 0.435895 0.0443849 0.0996723 0.339228
0 0.465361 0.33219 0.0348853 0.128852 0.316583
0 0.650506 0.388138 0.0974089 0.335153 0.310269
0 0.27965 0.344711 0.0412262 0.151699 0.303961
0 0.493426 0.317879 0.0376967 0.114501 0.288905
0 0.786993 0.314204 0.0343199 0.0869628 0.246649
0 0.336554 0.306543 0.0730808 0.363639 0.238856
