0 0.860179 0.353934 0.275603 0.707869 0.927428
0 0.617324 0.36156 0.210613 0.723119 0.922031
0 0.324995 0.412326 0.245674 0.658307 0.888482
0 0.0654917 0.455097 0.105222 0.608077 0.870821
0 0.50489 0.628288 0.16761 0.717181 0.848969
0 0.26101 0.443338 0.0849348 0.407325 0.804795
0 0.771 0.399866 0.0333481 0.198655 0.769864
0 0.181193 0.478035 0.0352666 0.166142 0.580231
0 0.133703 0.481373 0.0319535 0.185964 0.557985
0 0.710234 0.409 0.0367843 0.198654 0.550855
0 0.561905 0.410965 0.0360571 0.217084 0.507293
0 0.980058 0.365349 0.0294388 0.167459 0.488778
0 0.737144 0.405877 0.034173 0.198274 0.453486
0 0.157004 0.478121 0.0257145 0.173734 0.404528
0 0.204544 0.466639 0.0174093 0.0879581 0.340182
0 0.105355 0.478461 0.035168 0.192911 0.335587
0 0.743656 0.403702 0.0368582 0.187092 0.214618
