0 0.707262 0.475791 0.116358 0.251566
0 0.192469 0.47841 0.0806733 0.209099
0 0.875001 0.478184 0.0842541 0.272951
0 0.936147 0.425873 0.062743 0.288172
0 0.432528 0.489898 0.0966099 0.204082
0 0.550628 0.502526 0.0734276 0.188873
0 0.291642 0.489379 0.0819113 0.189922
0 0.631533 0.453337 0.0272194 0.150579
0 0.0726906 0.484753 0.103911 0.18732
0 0.824242 0.446193 0.0292073 0.134857
0 0.579954 0.472441 0.029651 0.183012
0 0.90859 0.422435 0.0379399 0.186174
0 0.0904098 0.371431 0.0418947 0.0528854
0 0.577229 0.441491 0.0251836 0.118639
