0 0.735841 0.737548 0.0788918 0.262918 0.813797
0 0.0904986 0.809754 0.0675504 0.345447 0.798732
0 0.466667 0.73831 0.0681428 0.226505 0.732113
0 0.591863 0.702298 0.0520294 0.205177 0.709871
0 0.022747 0.771131 0.0453574 0.334461 0.631
0 0.311483 0.701788 0.0378282 0.193864 0.57443
0 0.380697 0.704349 0.0457848 0.191971 0.544813
0 0.346107 0.70621 0.039314 0.189943 0.522371
0 0.539513 0.691675 0.0279686 0.150526 0.487251
0 0.582019 0.709548 0.0353115 0.188172 0.375345
0 0.416575 0.687061 0.0321966 0.144282 0.332711
0 0.284148 0.655991 0.0208989 0.101157 0.300221
0 0.350847 0.700586 0.0303929 0.169729 0.249648
0 0.341526 0.711403 0.0315702 0.164532 0.244123
0 0.558774 0.687941 0.0192221 0.107659 0.210964
