0 0.258534 0.540703 0.111532 0.464874
0 0.907434 0.482862 0.0916923 0.393915
0 0.794554 0.524796 0.0937525 0.424748
0 0.659718 0.543488 0.117411 0.513638
0 0.979516 0.482449 0.0404674 0.350323
0 0.107479 0.539229 0.122747 0.376091
0 0.0253223 0.475599 0.0506038 0.280159
0 0.487897 0.592236 0.197582 0.566289
0 0.347805 0.490305 0.10029 0.347592
0 0.716814 0.482409 0.0524344 0.298108
0 0.853791 0.482024 0.0558941 0.280546
0 0.176605 0.452621 0.0638809 0.261837
0 0.41613 0.441329 0.050572 0.228038
0 0.617837 0.495857 0.0734746 0.3968
0 0.331272 0.492982 0.0692592 0.354899
0 0.371435 0.491289 0.0555388 0.335456
0 0.0627512 0.424404 0.0565729 0.168119
0 0.45263 0.399076 0.0665076 0.192196
0 0.577507 0.456272 0.0479894 0.289172
0 0.565576 0.454575 0.0535507 0.27783
