0 0.0465614 0.499903 0.0929432 0.353544
0 0.948324 0.490251 0.0773548 0.29704
0 0.176815 0.508995 0.0884314 0.340749
0 0.866881 0.486742 0.0595379 0.286544
0 0.735788 0.485156 0.0789896 0.307389
0 0.797624 0.496452 0.079436 0.274833
0 0.272869 0.51003 0.0871918 0.333397
0 0.324981 0.498134 0.0788609 0.33415
0 0.536516 0.493476 0.0474102 0.302899
0 0.476491 0.501389 0.0624927 0.290381
0 0.587894 0.487136 0.0828694 0.320864
0 0.423089 0.502683 0.0924188 0.294205
0 0.224168 0.492667 0.0585797 0.34089
0 0.394124 0.494134 0.0504969 0.286646
0 0.607421 0.484659 0.052803 0.306875
0 0.221874 0.457823 0.0502937 0.282066
