0 0.0748738 0.750557 0.149701 0.488453 0.900056
0 0.263966 0.749573 0.0956703 0.483735 0.723604
0 0.78897 0.585301 0.0422181 0.102805 0.649184
0 0.611296 0.582732 0.0438713 0.0778574 0.632136
0 0.364197 0.635555 0.0426758 0.219187 0.597533
0 0.31369 0.697906 0.0686112 0.36082 0.538171
0 0.153704 0.669842 0.0484026 0.341998 0.477556
0 0.191404 0.698225 0.0693982 0.301167 0.418384
0 0.103872 0.610515 0.052743 0.207301 0.381087
0 0.391173 0.603963 0.0272359 0.141411 0.245187
0 0.685314 0.609809 0.0331581 0.0363172 0.219116
0 0.201688 0.690222 0.0570221 0.282015 0.205858
