0 0.0692868 0.636895 0.138574 0.66521
0 0.938757 0.562858 0.120304 0.594156
0 0.71589 0.53744 0.085818 0.626925
0 0.641384 0.521316 0.0818483 0.634283
0 0.571123 0.50672 0.0793737 0.609885
0 0.24933 0.572603 0.119199 0.645927
0 0.407457 0.561271 0.0745593 0.561554
0 0.340072 0.552609 0.0795966 0.595481
0 0.506515 0.555679 0.0602132 0.560313
0 0.525554 0.572915 0.0711908 0.595901
0 0.569673 0.293067 0.0774975 0.18888
0 0.356282 0.555628 0.0553877 0.592867
0 0.29878 0.54759 0.0839785 0.629169
0 0.320144 0.548569 0.0900887 0.601203
0 0.541452 0.294768 0.0331717 0.149038
0 0.475498 0.3098 0.0552674 0.181751
0 0.465943 0.520478 0.0613871 0.593325
0 0.490919 0.545897 0.0589833 0.568218
0 0.541116 0.270051 0.0314957 0.096355
0 0.294042 0.325015 0.0734615 0.196818
0 0.354499 0.336252 0.0615189 0.157689
0 0.230405 0.338441 0.0794288 0.18255
0 0.288896 0.287391 0.0554251 0.12217
0 0.642776 0.287259 0.0723494 0.164741
