0 0.315438 0.261684 0.128394 0.342369
0 0.207042 0.239673 0.0628019 0.237127
0 0.61701 0.258578 0.110406 0.268517
0 0.305195 0.904847 0.091789 0.161328
0 0.744592 0.900775 0.0949036 0.172594
0 0.382493 0.870934 0.103105 0.22963
0 0.927272 0.236806 0.112059 0.194447
0 0.456224 0.242168 0.0505131 0.205181
0 0.798795 0.239987 0.0872532 0.233778
0 0.945115 0.884281 0.0677134 0.208037
0 0.53912 0.852363 0.106611 0.220992
0 0.1559 0.234167 0.0482138 0.180724
0 0.121012 0.879984 0.0824068 0.215838
0 0.862263 0.23747 0.0304127 0.132055
0 0.689351 0.791927 0.0360527 0.12266
0 0.632101 0.830915 0.0699211 0.182296
0 0.408657 0.232926 0.0439062 0.131141
0 0.494205 0.238514 0.0495939 0.154764
0 0.113879 0.228902 0.0334021 0.149543
0 0.529339 0.2366 0.0298084 0.111553
0 0.244549 0.833138 0.045433 0.156471
0 0.913112 0.793396 0.0392387 0.108766
0 0.33026 0.781267 0.0370929 0.121985
0 0.8089 0.793379 0.0321827 0.128319
0 0.56076 0.233096 0.034816 0.100048
0 0.258312 0.240099 0.0379157 0.119443
0 0.129868 0.772602 0.0363944 0.100383
0 0.836671 0.792118 0.0311632 0.123479
0 0.0267203 0.76829 0.0280412 0.102669
0 0.865759 0.777285 0.0265751 0.1015
0 0.973481 0.818227 0.0274853 0.177054
0 0.748834 0.23112 0.0541992 0.15067
0 0.236108 0.229905 0.0254507 0.125241
0 0.529584 0.223717 0.0222378 0.0839992
0 0.246396 0.232499 0.0493881 0.131057
