0 0.58999 0.68454 0.255794 0.614376
0 0.802266 0.691033 0.211818 0.600312
0 0.37878 0.806441 0.204022 0.371242
0 0.317268 0.69748 0.160377 0.277631
0 0.481175 0.615149 0.0882174 0.192047
0 0.442823 0.516213 0.0433537 0.20354
0 0.918489 0.508883 0.115318 0.209493
0 0.154342 0.561133 0.0909926 0.166346
0 0.335572 0.505425 0.0592306 0.182777
0 0.0357709 0.522908 0.0715418 0.230173
0 0.153986 0.533495 0.088806 0.111025
0 0.923258 0.4855 0.10327 0.160878
0 0.985232 0.520727 0.0291294 0.235238
0 0.948268 0.650878 0.102788 0.231248
0 0.941636 0.579713 0.0696921 0.0873029
0 0.415509 0.486828 0.0369003 0.162981
