0 0.125566 0.406242 0.0846963 0.253041
0 0.389246 0.404289 0.0722368 0.250258
0 0.508371 0.379695 0.0364201 0.140731
0 0.677154 0.405339 0.0731736 0.251043
0 0.332819 0.383321 0.0270538 0.112283
0 0.478432 0.384748 0.0277893 0.12303
0 0.87824 0.400191 0.088472 0.230064
0 0.337453 0.381815 0.0377581 0.119181
0 0.548342 0.378396 0.0283765 0.142585
0 0.385094 0.37242 0.0670277 0.18074
0 0.792042 0.43075 0.0560016 0.100367
0 0.566956 0.379693 0.0194704 0.122715
0 0.618736 0.382977 0.0337531 0.157766
0 0.976322 0.425403 0.0464057 0.111149
0 0.759758 0.377644 0.0482641 0.157607
0 0.819107 0.397269 0.0323696 0.0979077
0 0.616102 0.387746 0.0457711 0.163618
0 0.409395 0.392948 0.0351269 0.247843
