0 0.116707 0.653048 0.0761703 0.312336
0 0.172329 0.656241 0.0636161 0.299617
0 0.543078 0.650566 0.0812424 0.371564
0 0.602572 0.569843 0.0700647 0.135656
0 0.210888 0.663979 0.0675147 0.279114
0 0.783668 0.677637 0.0991315 0.434735
0 0.337187 0.662865 0.0637737 0.337225
0 0.473923 0.584758 0.0687541 0.116849
0 0.38197 0.665289 0.0703262 0.33888
0 0.709069 0.683889 0.0731549 0.387066
0 0.433867 0.57551 0.0642714 0.140338
0 0.296696 0.582667 0.0513706 0.107866
0 0.544754 0.557351 0.0775093 0.170126
0 0.263616 0.659131 0.053987 0.301018
0 0.656351 0.573545 0.0510306 0.123422
0 0.291597 0.66575 0.0606142 0.293799
0 0.360429 0.66539 0.0536628 0.33765
0 0.389564 0.567981 0.0429412 0.149097
0 0.472444 0.687072 0.0718548 0.324333
0 0.731328 0.530372 0.0357351 0.112042
0 0.28521 0.577329 0.0741035 0.124688
0 0.708654 0.564871 0.0642296 0.150901
0 0.362644 0.575046 0.0414238 0.133818
0 0.209378 0.583905 0.0610744 0.116046
0 0.674473 0.539463 0.0359903 0.0939358
0 0.334409 0.561975 0.0586654 0.14895
0 0.265873 0.5713 0.0500012 0.135376
0 0.65623 0.695628 0.0519762 0.374894
0 0.509628 0.545699 0.0312012 0.0931142
