0 0.579968 0.656867 0.0624555 0.289402 0.784254
0 0.808527 0.691406 0.123586 0.393792 0.74972
0 0.240327 0.579843 0.0404343 0.169704 0.665025
0 0.910513 0.655646 0.06819 0.272941 0.657735
0 0.678236 0.595757 0.0500449 0.197168 0.635716
0 0.465298 0.629027 0.0515841 0.235557 0.633477
0 0.737629 0.629422 0.0624117 0.244415 0.625038
0 0.960212 0.630466 0.0586176 0.261106 0.597136
0 0.154246 0.568604 0.0286012 0.13649 0.559429
0 0.190201 0.575079 0.0391023 0.150744 0.52527
0 0.117742 0.557865 0.0280393 0.129502 0.469656
0 0.36863 0.614914 0.0424692 0.204242 0.449736
0 0.495985 0.600728 0.0317951 0.184568 0.441095
0 0.306492 0.589212 0.0401878 0.197935 0.396823
0 0.648021 0.573819 0.0250177 0.133544 0.274319
0 0.869324 0.593856 0.0433201 0.210191 0.232991
0 0.0274773 0.581689 0.0404896 0.18839 0.224742
0 0.215962 0.556194 0.02767 0.108243 0.203995
