0 0.177633 0.558487 0.102878 0.506472 0.920289
0 0.62666 0.588557 0.093869 0.54872 0.899752
0 0.0715999 0.579236 0.116325 0.521134 0.893999
0 0.542391 0.582543 0.0904701 0.556458 0.864701
0 0.383999 0.565816 0.0817246 0.521126 0.823425
0 0.914358 0.591082 0.0931931 0.578045 0.821692
0 0.762664 0.571089 0.0982955 0.577545 0.809365
0 0.457751 0.582777 0.0872063 0.522014 0.804853
0 0.254568 0.564534 0.0874853 0.484823 0.801858
0 0.691999 0.57466 0.0983519 0.554715 0.75335
0 0.849602 0.590617 0.11155 0.574137 0.752078
0 0.328225 0.561348 0.0755839 0.50736 0.739973
0 0.676928 0.568294 0.0628658 0.552329 0.426359
