0 0.658902 0.5047 0.0754867 0.190818 0.758466
0 0.497838 0.526569 0.0685011 0.262356 0.748991
0 0.333576 0.757623 0.154226 0.373186 0.746151
0 0.380053 0.494433 0.0705616 0.165057 0.724553
0 0.744965 0.475122 0.0513937 0.159031 0.684569
0 0.474461 0.878274 0.107404 0.243451 0.670217
0 0.134317 0.44951 0.0618094 0.140472 0.666661
0 0.587445 0.880567 0.18292 0.236224 0.664786
0 0.710493 0.862536 0.128582 0.272426 0.626092
0 0.946633 0.880277 0.106248 0.235656 0.614262
0 0.322164 0.456358 0.0485901 0.136616 0.606256
