0 0.868353 0.7122 0.118843 0.534482 0.865681
0 0.779487 0.714398 0.101706 0.492241 0.8466
0 0.426554 0.687543 0.0830585 0.398653 0.812786
0 0.292204 0.721641 0.092264 0.443089 0.789975
0 0.689126 0.722867 0.110033 0.45278 0.777582
0 0.16806 0.70461 0.0911497 0.466118 0.76941
0 0.623392 0.685892 0.0838756 0.46887 0.74029
0 0.349528 0.693601 0.0795903 0.430384 0.718802
0 0.229263 0.74924 0.0808106 0.44085 0.710395
0 0.551988 0.693067 0.0878536 0.44867 0.599496
0 0.473528 0.666224 0.0676094 0.42862 0.507274
