0 0.643532 0.626323 0.120913 0.369814 0.876874
0 0.491306 0.438608 0.0977377 0.354408 0.874085
0 0.269246 0.507983 0.0996945 0.354598 0.865055
0 0.426957 0.174408 0.105047 0.260544 0.834154
0 0.0541037 0.362365 0.0763516 0.317572 0.826582
0 0.179259 0.530331 0.0833632 0.342923 0.800198
0 0.355818 0.478251 0.0783165 0.330292 0.796841
0 0.120453 0.424825 0.0699012 0.284729 0.796619
0 0.284601 0.179231 0.0628897 0.273786 0.624256
0 0.336713 0.219989 0.0608816 0.250864 0.618275
0 0.201465 0.368678 0.0597114 0.309674 0.601228
0 0.118826 0.239772 0.0665438 0.187239 0.586571
0 0.250634 0.27056 0.059341 0.246423 0.572529
