0 0.908515 0.522527 0.0532434 0.246895 0.830151
0 0.861749 0.52278 0.0587871 0.210283 0.821594
0 0.0551454 0.711162 0.110291 0.562818 0.722271
0 0.108351 0.638909 0.111491 0.432616 0.685035
0 0.253488 0.60157 0.0991547 0.289579 0.680427
0 0.666663 0.514897 0.0544662 0.200905 0.676074
0 0.543171 0.509878 0.0473301 0.190242 0.658271
0 0.190125 0.603765 0.101746 0.323534 0.656322
0 0.822985 0.472825 0.0351017 0.122474 0.646542
0 0.422936 0.527682 0.0341558 0.173527 0.621019
0 0.700909 0.522147 0.0559149 0.189101 0.548626
