0 0.0757456 0.649433 0.0669207 0.195742 0.665267
0 0.906503 0.571729 0.0640354 0.282116 0.661829
0 0.0977554 0.492131 0.0755649 0.235371 0.64076
0 0.929296 0.689283 0.0924454 0.172822 0.6096
0 0.768804 0.527745 0.068327 0.18399 0.599526
0 0.144507 0.582186 0.0691755 0.104027 0.59897
0 0.528228 0.605088 0.0636688 0.0870609 0.589923
0 0.372216 0.591187 0.0530506 0.0977908 0.566602
0 0.680305 0.608427 0.057526 0.108443 0.519363
0 0.311534 0.586903 0.0598295 0.0871558 0.51924
0 0.422114 0.599622 0.050682 0.0850028 0.514352
