0 0.21501 0.779135 0.098373 0.422071 0.916475
0 0.101749 0.789635 0.120587 0.42073 0.899041
0 0.507575 0.734273 0.0875935 0.375306 0.898581
0 0.311068 0.765929 0.0986829 0.400454 0.87919
0 0.432377 0.748552 0.0957245 0.388647 0.862982
0 0.6567 0.719015 0.100277 0.353244 0.808029
0 0.725384 0.698509 0.0964375 0.367482 0.788043
0 0.91026 0.669371 0.0992026 0.336598 0.771097
0 0.582749 0.722705 0.0944082 0.367487 0.7682
0 0.960855 0.669843 0.0774651 0.30286 0.764901
0 0.803981 0.695537 0.102851 0.335557 0.709276
0 0.842611 0.67884 0.0991207 0.361125 0.678685
