0 0.283196 0.850328 0.0801297 0.295927 0.787926
0 0.0392741 0.867441 0.0783793 0.254097 0.728652
0 0.445512 0.874482 0.108171 0.251035 0.72768
0 0.367243 0.850078 0.0679891 0.296634 0.716502
0 0.656623 0.860484 0.0646017 0.277601 0.695534
0 0.546026 0.88127 0.159866 0.233378 0.687689
0 0.218234 0.860406 0.0916851 0.276126 0.638589
0 0.902977 0.50373 0.0398136 0.130012 0.602132
0 0.436883 0.474566 0.0437424 0.156212 0.578294
0 0.760929 0.48346 0.0394337 0.156959 0.540442
0 0.123759 0.879626 0.0856682 0.240747 0.527881
