0 0.679434 0.868232 0.0563816 0.213925 0.836813
0 0.891448 0.868517 0.0415531 0.152995 0.762191
0 0.160418 0.83127 0.0301748 0.11899 0.745493
0 0.857337 0.863432 0.0350262 0.159735 0.744421
0 0.407134 0.867737 0.0505272 0.179281 0.674473
0 0.722463 0.845534 0.0354352 0.158573 0.670278
0 0.136429 0.835869 0.0246823 0.102863 0.637198
0 0.635331 0.869388 0.0394547 0.201573 0.633294
0 0.193506 0.834858 0.0187894 0.0736605 0.623416
0 0.223245 0.813853 0.0232321 0.114653 0.620656
0 0.800439 0.852845 0.0419865 0.161068 0.589058
0 0.957365 0.882986 0.0809955 0.228307 0.561368
