0 0.156553 0.64494 0.110343 0.610807 0.886633
0 0.84453 0.690967 0.160904 0.599833 0.871027
0 0.0629847 0.682579 0.125634 0.618218 0.866605
0 0.649731 0.679009 0.108882 0.545056 0.850557
0 0.531972 0.599721 0.108471 0.45964 0.843709
0 0.324499 0.479795 0.110113 0.184037 0.838363
0 0.0987189 0.476563 0.0590663 0.175432 0.801222
0 0.700946 0.621744 0.0558002 0.434782 0.751925
0 0.948555 0.699642 0.102357 0.586972 0.689031
0 0.45359 0.69798 0.167861 0.581892 0.640527
0 0.472474 0.504056 0.036447 0.167515 0.633985
0 0.253312 0.489679 0.0479432 0.164589 0.608508
