0 0.314107 0.593942 0.106353 0.336771 0.862359
0 0.770971 0.593854 0.0935681 0.297655 0.850655
0 0.214306 0.595258 0.0654166 0.302771 0.844808
0 0.668731 0.598481 0.0817482 0.317433 0.837365
0 0.149632 0.592194 0.0774218 0.299263 0.80927
0 0.618961 0.575805 0.0414208 0.204003 0.757618
0 0.521527 0.601833 0.0781121 0.317517 0.731675
0 0.846899 0.592485 0.102032 0.265047 0.730957
0 0.544973 0.573061 0.0468022 0.186358 0.71472
0 0.072639 0.580756 0.104724 0.279112 0.65966
0 0.462798 0.574611 0.0463391 0.18701 0.62631
0 0.373822 0.578028 0.0362196 0.178201 0.619497
