0 0.765472 0.686379 0.152702 0.538333 0.844877
0 0.340454 0.672288 0.150877 0.531762 0.826764
0 0.173736 0.657946 0.158616 0.522999 0.818235
0 0.623073 0.673508 0.178056 0.559969 0.792574
0 0.47944 0.685685 0.153982 0.544326 0.766396
0 0.744968 0.388932 0.106384 0.357337 0.617481
0 0.431001 0.548032 0.0773104 0.66467 0.609946
0 0.159472 0.373987 0.102712 0.403672 0.566279
0 0.372782 0.376526 0.0744394 0.333143 0.565396
0 0.573268 0.394545 0.083143 0.365101 0.530679
0 0.825118 0.42698 0.0816551 0.422918 0.529961
0 0.498013 0.377966 0.0892244 0.350449 0.520599
0 0.0533471 0.361876 0.0370454 0.155073 0.518428
