0 0.970136 0.56114 0.0588358 0.35116 0.836399
0 0.174741 0.758528 0.10988 0.31862 0.762085
0 0.249833 0.749952 0.128612 0.302785 0.739337
0 0.782163 0.690457 0.087009 0.335808 0.688896
0 0.230084 0.541767 0.0807575 0.335222 0.657763
0 0.705689 0.702702 0.0917409 0.306252 0.647662
0 0.667211 0.509981 0.0751501 0.282559 0.643163
0 0.853727 0.700293 0.0965046 0.313215 0.633887
0 0.348267 0.748419 0.094307 0.312244 0.590612
0 0.806272 0.474708 0.134142 0.262277 0.588191
0 0.621297 0.713482 0.0864283 0.306398 0.540246
0 0.420586 0.744091 0.0872474 0.301192 0.522434
