0 0.862582 0.749369 0.0550188 0.203313 0.831454
0 0.0759076 0.767767 0.0447948 0.151971 0.799485
0 0.70803 0.758857 0.0525388 0.208547 0.794932
0 0.542554 0.760529 0.0520309 0.182238 0.769441
0 0.408147 0.754853 0.0374637 0.151955 0.72635
0 0.6267 0.767956 0.094984 0.248089 0.718498
0 0.194897 0.733392 0.0297902 0.10787 0.672411
0 0.443655 0.743244 0.0325489 0.12973 0.66586
0 0.166312 0.749904 0.0307235 0.11445 0.648977
0 0.470757 0.753475 0.0338161 0.136369 0.618107
0 0.741413 0.745107 0.03466 0.13564 0.570221
0 0.383525 0.734936 0.0213716 0.0818903 0.532167
0 0.801325 0.728664 0.0170487 0.0647853 0.524998
0 0.286331 0.750564 0.0312039 0.106362 0.519759
