0 0.627896 0.615145 0.253581 0.744388 0.884907
0 0.84515 0.546833 0.137544 0.600945 0.87501
0 0.398042 0.590874 0.198612 0.75583 0.832678
0 0.913545 0.476962 0.0895681 0.416326 0.818486
0 0.23247 0.480495 0.0954718 0.442708 0.726964
0 0.778113 0.437801 0.0663994 0.27333 0.715314
0 0.539901 0.430804 0.0612856 0.30023 0.715154
0 0.100614 0.402936 0.0572214 0.19572 0.662605
0 0.474567 0.465948 0.059983 0.371152 0.655771
0 0.316466 0.521239 0.0945633 0.575415 0.600249
0 0.976829 0.452873 0.0452898 0.250019 0.526922
