0 0.209037 0.547861 0.105108 0.540866 0.834903
0 0.379131 0.540713 0.108125 0.524262 0.831634
0 0.291969 0.550946 0.100483 0.518641 0.825456
0 0.759956 0.531703 0.0997074 0.43406 0.811357
0 0.112852 0.555077 0.105285 0.546627 0.802991
0 0.0261415 0.552109 0.052283 0.580332 0.76394
0 0.517693 0.545004 0.0901107 0.485574 0.742415
0 0.667017 0.547793 0.112463 0.44911 0.705357
0 0.58608 0.553292 0.0726171 0.455679 0.624351
0 0.906147 0.535435 0.0782879 0.385104 0.610982
0 0.461146 0.543034 0.0959658 0.503171 0.59747
