0 0.0579157 0.660842 0.103265 0.430745 0.875252
0 0.360353 0.657579 0.0696815 0.432341 0.868325
0 0.507903 0.668281 0.0921118 0.452423 0.865986
0 0.428333 0.652091 0.0854212 0.447811 0.856837
0 0.933991 0.725354 0.100511 0.486115 0.851935
0 0.682562 0.675827 0.107522 0.495842 0.85171
0 0.591274 0.663696 0.0981407 0.477404 0.841655
0 0.288106 0.657072 0.0845029 0.441528 0.834794
0 0.167858 0.621528 0.135286 0.507779 0.760198
0 0.855034 0.710618 0.0849022 0.46838 0.754255
0 0.203965 0.657655 0.0975359 0.439509 0.737676
0 0.771813 0.711 0.096209 0.481925 0.724645
0 0.133519 0.645887 0.072371 0.455057 0.594565
