0 0.693265 0.624824 0.183719 0.734408
0 0.209937 0.641574 0.17578 0.703197
0 0.387283 0.706617 0.189708 0.574966
0 0.536866 0.727945 0.209532 0.533073
0 0.82117 0.485185 0.0561075 0.269227
0 0.968844 0.520145 0.0614381 0.311795
0 0.0466084 0.613095 0.0930262 0.295422
0 0.017049 0.45137 0.0340697 0.246222
0 0.918885 0.477865 0.0485859 0.25727
0 0.789746 0.477245 0.0391091 0.204258
0 0.0943047 0.436308 0.0507284 0.245578
0 0.582218 0.65195 0.140991 0.678055
0 0.434951 0.411773 0.138116 0.318191
0 0.163213 0.375405 0.0494412 0.177375
0 0.576632 0.527963 0.127189 0.431788
0 0.506705 0.391262 0.0422489 0.151646
0 0.751139 0.419246 0.0220535 0.0906303
0 0.601211 0.44449 0.0455921 0.153313
0 0.177369 0.396751 0.0351735 0.104716
0 0.440808 0.307507 0.0494955 0.105067
0 0.573546 0.470458 0.122027 0.313611
0 0.434399 0.452432 0.13683 0.22197
0 0.986415 0.514816 0.0265205 0.241132
0 0.607042 0.490128 0.0579117 0.236565
