0 0.465505 0.731973 0.11625 0.530197 0.86023
0 0.394043 0.715716 0.124448 0.536856 0.857888
0 0.550361 0.736603 0.0893892 0.506134 0.847191
0 0.890949 0.717218 0.146361 0.556902 0.835186
0 0.609676 0.701114 0.0963201 0.439764 0.802122
0 0.706646 0.631025 0.0717913 0.305456 0.790363
0 0.160718 0.460249 0.0424598 0.0636159 0.741066
0 0.654613 0.645946 0.0622068 0.313918 0.700091
0 0.0235962 0.443626 0.0470043 0.0822557 0.699376
0 0.0987762 0.453749 0.0521466 0.0783326 0.647159
0 0.511325 0.528675 0.0386238 0.0940457 0.538227
0 0.975329 0.721683 0.0485066 0.447781 0.508232
0 0.846621 0.734761 0.0719101 0.515444 0.438931
0 0.199586 0.461367 0.0337593 0.0647446 0.368363
0 0.267468 0.471989 0.0343612 0.0523107 0.280427
0 0.342674 0.464598 0.0319064 0.0800065 0.229516
0 0.814118 0.605819 0.0623063 0.224996 0.199203
0 0.211018 0.462764 0.0552343 0.0657802 0.155405
0 0.222232 0.470894 0.0339036 0.0492681 0.137388
0 0.298887 0.468296 0.0270693 0.0646507 0.134266
0 0.845194 0.594863 0.0594231 0.242513 0.115222
