0 0.482258 0.584755 0.143697 0.378813 0.848289
0 0.748398 0.503289 0.0665296 0.219802 0.787817
0 0.938249 0.495503 0.0725308 0.243701 0.771219
0 0.075972 0.457829 0.0529239 0.1416 0.716221
0 0.236145 0.432867 0.0279617 0.113475 0.703284
0 0.442067 0.458917 0.0428488 0.133107 0.583921
0 0.328482 0.439968 0.0353032 0.0997849 0.575238
0 0.169921 0.431112 0.0244187 0.125571 0.575198
0 0.29311 0.433092 0.0255163 0.0990404 0.477799
0 0.275261 0.439546 0.026332 0.0963902 0.466364
0 0.869582 0.428776 0.0304438 0.0819633 0.432637
0 0.158692 0.41543 0.0162081 0.0983099 0.186369
0 0.993181 0.387362 0.0128549 0.0327748 0.185363
0 0.109457 0.409626 0.0237491 0.0706681 0.183984
0 0.898408 0.403567 0.01319 0.0388097 0.179979
0 0.135931 0.40356 0.0134858 0.0711716 0.16711
0 0.108384 0.400572 0.021145 0.0539528 0.160038
0 0.0106391 0.467565 0.0211491 0.0885925 0.132283
0 0.10957 0.424312 0.0277885 0.0988767 0.117552
0 0.162099 0.419375 0.020582 0.104977 0.116538
0 0.132058 0.402256 0.0175253 0.0712891 0.112959
0 0.421931 0.424355 0.0207231 0.0673952 0.111942
