0 0.670944 0.680798 0.0494663 0.130631
0 0.958471 0.689328 0.0349726 0.141647
0 0.339135 0.63214 0.0276611 0.127249
0 0.457935 0.634425 0.0334711 0.129879
0 0.373638 0.629702 0.0258224 0.112246
0 0.21979 0.646748 0.0346156 0.127334
0 0.546258 0.916383 0.157964 0.164062
0 0.491863 0.631235 0.0331245 0.119116
0 0.524463 0.812884 0.0427568 0.178814
0 0.816705 0.931288 0.118374 0.133849
0 0.405801 0.633403 0.0330765 0.122686
0 0.594647 0.612935 0.0218099 0.0922047
0 0.807114 0.765032 0.0411907 0.0779402
0 0.568078 0.786638 0.0387234 0.131956
0 0.43319 0.628751 0.0225088 0.1329
0 0.0552646 0.922661 0.110285 0.150098
0 0.325286 0.938835 0.105085 0.120467
0 0.191052 0.628911 0.0233942 0.107997
0 0.877823 0.491295 0.0165715 0.0743648
0 0.261309 0.635164 0.0241824 0.10855
0 0.575922 0.623607 0.0219647 0.0969006
0 0.149006 0.864321 0.0436268 0.0932584
0 0.709295 0.855826 0.0553568 0.0878744
0 0.00965809 0.825337 0.0192031 0.159936
