0 0.191801 0.650078 0.084646 0.339429 0.547392
0 0.0367197 0.674611 0.073394 0.28043 0.522339
0 0.385604 0.763207 0.0711804 0.12992 0.507671
0 0.319362 0.759998 0.0667722 0.133792 0.470367
0 0.601261 0.829158 0.0759451 0.286761 0.461884
0 0.103898 0.670894 0.0865709 0.305419 0.455054
0 0.517709 0.834214 0.0681034 0.287253 0.446392
0 0.895725 0.677759 0.0688145 0.293946 0.430518
0 0.547372 0.701716 0.0606363 0.386436 0.402976
0 0.773924 0.690603 0.0662985 0.273181 0.392617
0 0.656637 0.639928 0.061072 0.222971 0.390415
0 0.442502 0.62117 0.0697227 0.29802 0.358496
0 0.710319 0.660558 0.0642313 0.237636 0.331217
0 0.278585 0.664269 0.0568901 0.205463 0.301251
0 0.601692 0.630919 0.0603863 0.229016 0.271063
0 0.850749 0.68347 0.0678665 0.238882 0.264783
0 0.494558 0.635382 0.0495216 0.279747 0.259881
0 0.829732 0.745592 0.0690796 0.131273 0.247805
0 0.739836 0.763343 0.0726248 0.135133 0.244321
0 0.333413 0.631966 0.0627912 0.238988 0.232296
0 0.377495 0.650647 0.0678761 0.235358 0.23075
0 0.66794 0.762747 0.0717609 0.144329 0.222793
0 0.251437 0.754692 0.0704662 0.14075 0.213961
0 0.667854 0.844802 0.073191 0.306772 0.207757
0 0.451294 0.768628 0.0657827 0.122062 0.165366
0 0.923868 0.655002 0.0542042 0.32232 0.142515
0 0.816283 0.607955 0.0438501 0.158871 0.115115
0 0.0678004 0.558409 0.0414647 0.0984289 0.10024
