0 0.721413 0.697002 0.137745 0.304076
0 0.418717 0.691959 0.111379 0.253243
0 0.161941 0.679838 0.128077 0.323784
0 0.312399 0.687232 0.0941502 0.236462
0 0.961978 0.640963 0.0529692 0.134763
0 0.47153 0.663494 0.0846978 0.206296
0 0.518305 0.650674 0.064661 0.199439
0 0.590483 0.644898 0.0524882 0.176305
0 0.557659 0.652647 0.0589596 0.187546
0 0.0819973 0.680184 0.0638072 0.22614
0 0.231893 0.670055 0.0786018 0.221046
0 0.635863 0.634986 0.0569506 0.151357
0 0.820175 0.604365 0.030816 0.0733947
0 0.364446 0.670055 0.0695875 0.209329
0 0.267785 0.673031 0.0513452 0.212578
