0 0.0812681 0.608049 0.162184 0.511813
0 0.55171 0.647259 0.167236 0.606868
0 0.810599 0.62692 0.144102 0.522834
0 0.221109 0.656492 0.142867 0.532661
0 0.432528 0.587943 0.0955828 0.398951
0 0.972183 0.676353 0.0546827 0.484953
0 0.661496 0.579492 0.0870539 0.356584
0 0.723613 0.574018 0.0740114 0.277093
0 0.327416 0.596361 0.0768216 0.361151
0 0.947465 0.607576 0.0703274 0.361441
0 0.907751 0.578127 0.0667309 0.284374
0 0.273371 0.614433 0.0535641 0.390022
0 0.0143113 0.570948 0.0284398 0.2683
0 0.369135 0.561977 0.0578199 0.277128
0 0.169595 0.577962 0.062811 0.3323
