0 0.97419 0.821461 0.0507477 0.347572
0 0.0445116 0.689757 0.0376219 0.159471
0 0.908096 0.862053 0.0873924 0.273136
0 0.365869 0.703167 0.0323552 0.142598
0 0.188823 0.706667 0.0335996 0.159608
0 0.276684 0.701447 0.0318045 0.153086
0 0.239163 0.692491 0.0299664 0.130639
0 0.546803 0.714678 0.0281307 0.145949
0 0.517569 0.697252 0.0270418 0.11694
0 0.423273 0.706067 0.0307566 0.147853
0 0.319871 0.71332 0.0316909 0.169098
0 0.167938 0.699134 0.0315369 0.155068
0 0.953515 0.78494 0.0591808 0.28091
0 0.388965 0.685465 0.021806 0.10812
0 0.40481 0.705223 0.0192569 0.124702
0 0.305737 0.703295 0.0304565 0.148012
0 0.484068 0.681904 0.0204396 0.0933611
0 0.786223 0.686584 0.0161559 0.0727528
0 0.447858 0.697556 0.0203607 0.0995184
0 0.825812 0.68649 0.0127086 0.0585714
0 0.890618 0.688006 0.0147095 0.0623374
0 0.466233 0.696707 0.0174312 0.0932331
0 0.901401 0.690262 0.0123758 0.0631329
0 0.728137 0.696999 0.020747 0.0756023
0 0.323861 0.702502 0.0376461 0.192388
0 0.734548 0.697994 0.0200239 0.0799439
0 0.153874 0.644953 0.0319772 0.127805
0 0.847646 0.688175 0.0113024 0.0578918
0 0.880365 0.683729 0.0105164 0.0505587
0 0.58494 0.767243 0.047258 0.0797251
0 0.423606 0.498279 0.0426073 0.0553637
0 0.702466 0.692487 0.0160416 0.0557717
