0 0.0818661 0.69237 0.109921 0.351602 0.788275
0 0.215854 0.674546 0.155622 0.33015 0.765568
0 0.755726 0.599046 0.0608226 0.263722 0.440181
0 0.894426 0.648153 0.0481754 0.208254 0.36158
0 0.976589 0.667881 0.0459053 0.212295 0.321203
0 0.303659 0.654695 0.0668772 0.296722 0.320424
0 0.849659 0.639878 0.0591511 0.197019 0.314792
0 0.93369 0.660582 0.0535111 0.2033 0.305521
0 0.671337 0.518447 0.0647577 0.0963491 0.21362
0 0.805726 0.642267 0.0463231 0.183242 0.21315
0 0.362863 0.637308 0.0879393 0.275648 0.141305
0 0.552223 0.654061 0.116164 0.249265 0.132765
0 0.162088 0.607382 0.0673551 0.241887 0.120061
