0 0.979084 0.637643 0.0406956 0.20606
0 0.840365 0.630298 0.035709 0.168369
0 0.950232 0.634791 0.0398769 0.196481
0 0.812437 0.62808 0.0313892 0.164345
0 0.0763324 0.59098 0.0381711 0.174743
0 0.915913 0.637258 0.041119 0.181135
0 0.784365 0.627548 0.028227 0.151989
0 0.752218 0.622084 0.0331222 0.151124
0 0.245395 0.624606 0.0361814 0.0936277
0 0.103868 0.592012 0.0327813 0.165569
0 0.214789 0.62837 0.0333854 0.09161
0 0.17487 0.561941 0.0351239 0.0934579
0 0.154479 0.622495 0.040332 0.109147
0 0.179793 0.630254 0.0433731 0.0910991
0 0.312438 0.625794 0.0297182 0.0804709
0 0.716538 0.646817 0.0439959 0.086926
0 0.896938 0.637441 0.0239335 0.16876
0 0.455946 0.624933 0.0227048 0.0698082
0 0.427368 0.622013 0.0280454 0.0746006
0 0.496195 0.6265 0.0256448 0.0672325
0 0.732349 0.588985 0.0215141 0.0743509
0 0.711223 0.585348 0.0232748 0.0750128
0 0.269381 0.625214 0.0265621 0.0889072
0 0.29095 0.629471 0.0281797 0.0825212
0 0.13307 0.597447 0.0384007 0.153892
0 0.198086 0.570131 0.0222459 0.0910873
0 0.224468 0.568894 0.0306795 0.0698863
0 0.693734 0.584662 0.0192473 0.0595575
0 0.515433 0.6216 0.0218552 0.0739463
0 0.478623 0.624459 0.0199621 0.0697035
