0 0.590087 0.588508 0.196312 0.801574
0 0.792866 0.43734 0.130046 0.38795
0 0.255679 0.457136 0.140157 0.409329
0 0.153188 0.40138 0.115706 0.295553
0 0.874586 0.34854 0.070784 0.216925
0 0.387916 0.351165 0.0508666 0.21189
0 0.679309 0.327067 0.0442513 0.170183
0 0.724371 0.313691 0.0428417 0.138825
0 0.0829332 0.369935 0.0685496 0.236627
0 0.3154 0.332847 0.0401001 0.174084
0 0.45945 0.307595 0.0362627 0.135577
0 0.531455 0.316904 0.0477101 0.14012
0 0.368795 0.301475 0.0217321 0.1173
0 0.418544 0.283755 0.0217417 0.0889026
0 0.988797 0.311891 0.021796 0.0948664
0 0.0112907 0.306422 0.0225409 0.103957
0 0.048569 0.327819 0.0337744 0.147134
0 0.222819 0.303926 0.0264959 0.101826
0 0.631256 0.301716 0.0216858 0.122173
0 0.0685798 0.369575 0.101947 0.238602
0 0.47558 0.29172 0.0172257 0.0825846
