0 0.0371163 0.765502 0.0399749 0.28281
0 0.624271 0.756304 0.048451 0.351623
0 0.932792 0.784293 0.0294106 0.198682
0 0.820608 0.778779 0.0343285 0.214797
0 0.0756608 0.765315 0.036448 0.295646
0 0.906227 0.78502 0.0310981 0.199225
0 0.785684 0.788663 0.0329869 0.188558
0 0.414042 0.794851 0.0343418 0.193522
0 0.312226 0.792828 0.0329538 0.206933
0 0.874517 0.783872 0.0323597 0.196421
0 0.162998 0.800393 0.0287707 0.182233
0 0.111828 0.760137 0.0346958 0.272313
0 0.371497 0.798971 0.0384118 0.190325
0 0.286378 0.795332 0.0294582 0.187098
0 0.338509 0.801208 0.0318078 0.186865
0 0.201078 0.789764 0.0314935 0.197807
0 0.261777 0.792408 0.0331984 0.196387
0 0.139061 0.802971 0.0292805 0.177573
0 0.847934 0.778305 0.028587 0.210626
0 0.539121 0.797565 0.0276802 0.183888
0 0.446929 0.790228 0.0320488 0.201383
0 0.669658 0.792913 0.0294867 0.194165
0 0.758797 0.782739 0.031024 0.200978
0 0.568774 0.786403 0.0357685 0.201687
0 0.477539 0.790028 0.0343489 0.196773
