0 0.0731623 0.54185 0.145817 0.684064
0 0.619552 0.682403 0.336897 0.633372
0 0.331063 0.617377 0.289624 0.763938
0 0.592191 0.244407 0.154337 0.310243
0 0.794432 0.40274 0.111255 0.628965
0 0.966082 0.304569 0.0672264 0.325207
0 0.332331 0.215505 0.154524 0.262093
0 0.893937 0.281289 0.0614559 0.308812
0 0.668227 0.350532 0.0809048 0.315853
0 0.385695 0.217881 0.0858709 0.255004
0 0.106514 0.266752 0.0466031 0.106569
0 0.736026 0.540965 0.0985572 0.46554
0 0.734543 0.223424 0.0564003 0.188557
0 0.497402 0.435553 0.0491213 0.223343
0 0.14738 0.421945 0.0592352 0.336459
0 0.0555111 0.28787 0.0889176 0.269268
0 0.684181 0.225973 0.056321 0.140313
0 0.146688 0.338343 0.0590882 0.16752
0 0.0627435 0.415691 0.104198 0.529323
0 0.452291 0.338614 0.0497953 0.27168
0 0.86098 0.379091 0.0461624 0.347708
0 0.498858 0.253883 0.0374414 0.146108
0 0.0566155 0.344379 0.0900681 0.381233
0 0.460772 0.335813 0.0435486 0.265472
0 0.705874 0.203764 0.0298196 0.0935516
