0 0.0878518 0.657891 0.175704 0.641552 0.892883
0 0.917342 0.62842 0.165088 0.732787 0.865387
0 0.323937 0.650816 0.164634 0.696635 0.787205
0 0.7633 0.612798 0.281682 0.665989 0.778336
0 0.838931 0.541095 0.135415 0.611667 0.693349
0 0.207759 0.574119 0.170837 0.4325 0.67852
0 0.565277 0.522379 0.139202 0.347395 0.60612
0 0.509592 0.63328 0.140858 0.390999 0.495393
0 0.137863 0.426441 0.0764363 0.170637 0.319519
0 0.97278 0.258451 0.0542843 0.124258 0.296291
0 0.416131 0.575549 0.0818817 0.302848 0.28871
0 0.647317 0.507718 0.0941384 0.490764 0.258743
0 0.690292 0.564504 0.117561 0.543296 0.214574
0 0.133902 0.602565 0.0841725 0.528111 0.195409
0 0.0119326 0.736528 0.0238651 0.524352 0.183955
0 0.0223965 0.736371 0.044793 0.517048 0.149064
0 0.0972943 0.395004 0.0617809 0.169042 0.135081
0 0.137646 0.529314 0.0779337 0.378295 0.134124
