0 0.848803 0.776528 0.0927635 0.31933 0.763284
0 0.424611 0.755185 0.115956 0.340006 0.744358
0 0.0328399 0.814594 0.0649893 0.282238 0.737302
0 0.333227 0.802702 0.0704498 0.269876 0.702731
0 0.573953 0.775642 0.0770385 0.326417 0.670453
0 0.749653 0.754328 0.102383 0.207538 0.562279
0 0.192769 0.79475 0.0599349 0.307463 0.483815
0 0.69059 0.736124 0.0515267 0.233634 0.450576
0 0.478042 0.766766 0.0479337 0.262091 0.432358
0 0.244623 0.761265 0.0417058 0.217215 0.413138
0 0.277827 0.769129 0.0404633 0.214629 0.309508
0 0.163927 0.795971 0.0552761 0.289716 0.299109
0 0.0976574 0.737774 0.0512247 0.181306 0.242019
0 0.610899 0.736187 0.0559608 0.265472 0.211769
0 0.514203 0.725717 0.036933 0.18105 0.176221
0 0.799814 0.736446 0.0585274 0.224606 0.143852
0 0.378255 0.759391 0.0435239 0.212591 0.115239
0 0.518028 0.738795 0.0442419 0.215671 0.113881
