0 0.850621 0.662405 0.177459 0.663632
0 0.698638 0.651348 0.137434 0.583932
0 0.370946 0.624397 0.115903 0.445314
0 0.583625 0.624278 0.114819 0.49432
0 0.100164 0.62628 0.091585 0.390099
0 0.478992 0.575948 0.0864961 0.359479
0 0.230944 0.58947 0.069325 0.319353
0 0.299792 0.574264 0.0568703 0.268124
0 0.422205 0.540828 0.0412626 0.215381
0 0.764837 0.434328 0.0394633 0.0673602
0 0.743625 0.426737 0.0274179 0.0522891
0 0.763638 0.55678 0.0460653 0.311955
0 0.661904 0.432907 0.0216537 0.0322144
0 0.640111 0.446656 0.0253153 0.0573154
