0 0.532366 0.721963 0.177898 0.542431 0.876862
0 0.330822 0.73182 0.388382 0.517861 0.867905
0 0.0408166 0.697959 0.080942 0.584549 0.855516
0 0.124462 0.718838 0.120478 0.554723 0.663901
0 0.806725 0.75391 0.261236 0.475752 0.577007
0 0.236199 0.414765 0.0734206 0.144983 0.564524
0 0.48112 0.464382 0.0788786 0.135236 0.478217
0 0.404176 0.474284 0.0579097 0.0936388 0.378321
0 0.311904 0.568722 0.0951296 0.314758 0.282768
0 0.311628 0.65791 0.0971245 0.493737 0.273586
0 0.69275 0.539329 0.109132 0.300354 0.26761
0 0.022263 0.383086 0.0444293 0.150552 0.255459
0 0.432677 0.431811 0.0455293 0.11065 0.243737
0 0.67718 0.686344 0.140597 0.595738 0.198721
0 0.785712 0.41607 0.071257 0.209063 0.189417
0 0.305767 0.369083 0.0505437 0.107349 0.181811
0 0.0632222 0.462565 0.0493887 0.120875 0.154907
0 0.144324 0.427201 0.036673 0.098504 0.136783
0 0.534802 0.433924 0.0427739 0.0956534 0.13566
0 0.570504 0.366633 0.0438387 0.131649 0.111288
0 0.952073 0.379582 0.0951631 0.220094 0.10923
0 0.686854 0.606767 0.121851 0.436051 0.105308
