0 0.157587 0.789659 0.314683 0.41935
0 0.940201 0.555579 0.0710648 0.296149
0 0.832264 0.574011 0.0786868 0.384659
0 0.87924 0.574457 0.0625629 0.300181
0 0.719556 0.551929 0.078895 0.214613
0 0.345888 0.713051 0.16337 0.36233
0 0.115065 0.563083 0.0897147 0.196127
0 0.568731 0.523667 0.0324959 0.146796
0 0.412783 0.56584 0.063138 0.233086
0 0.223716 0.529467 0.145536 0.156508
0 0.2207 0.68285 0.168949 0.277744
0 0.779813 0.531138 0.0437162 0.181195
0 0.0382811 0.536364 0.076234 0.206018
0 0.324097 0.473103 0.043877 0.131484
0 0.670363 0.567425 0.0612028 0.16555
0 0.751943 0.527388 0.0398829 0.114242
0 0.206875 0.497447 0.0664214 0.0998735
0 0.887628 0.443901 0.0356794 0.0667923
0 0.28685 0.476735 0.0397805 0.170972
0 0.659822 0.565646 0.040782 0.159708
0 0.794584 0.529373 0.0387459 0.192795
0 0.220399 0.768 0.177213 0.451603
0 0.224147 0.565756 0.14857 0.227431
0 0.132457 0.493261 0.0417315 0.114846
0 0.801645 0.510471 0.0331862 0.157551
0 0.784296 0.540537 0.0323853 0.168157
0 0.25215 0.442751 0.0314044 0.0666972
