0 0.342709 0.651583 0.08527 0.452435 0.899433
0 0.428004 0.664326 0.119525 0.431425 0.897412
0 0.688502 0.56812 0.0859682 0.371102 0.856339
0 0.75747 0.578431 0.0946124 0.3996 0.835958
0 0.59672 0.586529 0.0616722 0.31915 0.739846
0 0.519723 0.586991 0.0569831 0.32421 0.733727
0 0.891324 0.696254 0.129534 0.591345 0.654173
0 0.974607 0.536549 0.050277 0.227893 0.611065
0 0.889958 0.570277 0.125215 0.335251 0.173387
0 0.810022 0.500676 0.0481255 0.176357 0.170822
0 0.471526 0.498735 0.0386931 0.144139 0.165609
0 0.837692 0.485162 0.032447 0.134046 0.113659
