0 0.952634 0.45529 0.0861698 0.285421
0 0.73186 0.452666 0.0853413 0.291664
0 0.508288 0.453099 0.0935169 0.235172
0 0.622659 0.459719 0.0792525 0.254021
0 0.410647 0.448057 0.0945626 0.241006
0 0.0209641 0.437666 0.0418693 0.232797
0 0.214937 0.449508 0.0828547 0.212638
0 0.134579 0.409967 0.040771 0.213359
0 0.0522015 0.246258 0.03651 0.137635
0 0.167245 0.413721 0.0344419 0.203531
0 0.281688 0.438455 0.0717307 0.199607
0 0.0798244 0.448397 0.0426859 0.204426
0 0.108689 0.291049 0.0498661 0.122021
0 0.771338 0.439626 0.0337022 0.143543
0 0.827043 0.441497 0.0277632 0.130842
0 0.806394 0.430061 0.0244249 0.126335
0 0.444439 0.457718 0.0411033 0.221973
0 0.398779 0.443166 0.0656978 0.226819
0 0.270646 0.43721 0.0488759 0.197691
0 0.347162 0.423534 0.0249402 0.106642
0 0.984727 0.431522 0.0292709 0.159362
