0 0.491785 0.721429 0.169451 0.407265 0.876041
0 0.259615 0.676101 0.121175 0.368195 0.833874
0 0.355224 0.707749 0.0996648 0.403572 0.832343
0 0.585572 0.708868 0.0803303 0.349293 0.81406
0 0.804887 0.651233 0.029741 0.126886 0.568822
0 0.742273 0.654375 0.0466902 0.158847 0.519599
0 0.777407 0.651043 0.0299398 0.119688 0.478452
0 0.655812 0.670004 0.0463427 0.262901 0.4742
0 0.414415 0.675574 0.070992 0.317176 0.464445
0 0.625463 0.681804 0.0489988 0.290627 0.457941
0 0.640776 0.681857 0.0740101 0.292809 0.415103
0 0.732259 0.654754 0.0290702 0.159862 0.235462
0 0.68628 0.667598 0.0508244 0.200909 0.212431
0 0.8568 0.653933 0.0182911 0.0911425 0.202164
0 0.694894 0.667814 0.0334865 0.199908 0.165429
0 0.827577 0.637482 0.0213127 0.093096 0.134553
0 0.845999 0.645816 0.0179989 0.10262 0.116334
