0 0.825237 0.494117 0.0888893 0.148412 0.84041
0 0.941036 0.586628 0.117049 0.260522 0.836666
0 0.600377 0.517004 0.0450881 0.122535 0.787245
0 0.347514 0.534192 0.0613865 0.17398 0.766897
0 0.972053 0.403035 0.0264839 0.101166 0.747834
0 0.953015 0.407501 0.0197563 0.0872426 0.634658
0 0.717339 0.898237 0.148278 0.200473 0.631781
0 0.413484 0.43361 0.0441681 0.129962 0.617484
0 0.377948 0.429331 0.0412865 0.137334 0.583234
0 0.516002 0.433351 0.0384437 0.121083 0.450263
0 0.491477 0.491948 0.0473137 0.121472 0.413547
0 0.558483 0.438296 0.0556782 0.109487 0.40719
0 0.18303 0.423659 0.0238161 0.0904386 0.401852
0 0.584979 0.40821 0.0388991 0.116131 0.376271
0 0.221494 0.412188 0.0267295 0.108454 0.334532
0 0.326443 0.430194 0.049512 0.12187 0.298513
0 0.245336 0.420424 0.0250246 0.0962749 0.251947
0 0.271306 0.415749 0.0206073 0.105571 0.205413
0 0.316547 0.431533 0.0300627 0.115217 0.199757
0 0.445601 0.465778 0.0415098 0.0668753 0.162505
0 0.166962 0.417422 0.0205187 0.0920765 0.154346
0 0.61029 0.414403 0.0216175 0.110346 0.150424
0 0.335286 0.42936 0.0331762 0.123594 0.148102
0 0.964945 0.405549 0.0191561 0.0930635 0.145754
0 0.542683 0.387573 0.0197767 0.0570425 0.142447
0 0.444798 0.496593 0.0442335 0.130431 0.142074
0 0.351429 0.439376 0.02025 0.104835 0.124505
0 0.970774 0.614211 0.0574223 0.122656 0.107931
