0 0.154862 0.712656 0.109745 0.568442 0.876974
0 0.34061 0.723013 0.102551 0.539443 0.836393
0 0.255182 0.710507 0.0887766 0.576254 0.819118
0 0.0542243 0.683641 0.105674 0.434047 0.813173
0 0.644805 0.70246 0.0806519 0.495024 0.782323
0 0.960979 0.616096 0.0772369 0.385336 0.780174
0 0.504897 0.690672 0.0883192 0.553566 0.7614
0 0.905364 0.667717 0.0883114 0.295291 0.743783
0 0.424924 0.703869 0.0837222 0.549768 0.72382
0 0.71451 0.711023 0.0842411 0.446822 0.706843
0 0.577149 0.711614 0.0714495 0.488031 0.644828
0 0.7763 0.658507 0.0667187 0.331955 0.618393
0 0.827299 0.632214 0.0762207 0.382503 0.604686
0 0.723998 0.472643 0.0648849 0.205493 0.352056
0 0.312186 0.448933 0.0709155 0.230144 0.301223
0 0.871049 0.543681 0.0436115 0.160227 0.258809
0 0.101331 0.463349 0.0770758 0.225575 0.23246
0 0.644486 0.466029 0.0591139 0.159035 0.215573
0 0.17883 0.421876 0.0791719 0.236613 0.215149
0 0.378671 0.45736 0.0680046 0.217066 0.198836
0 0.588414 0.453606 0.0601891 0.218475 0.178072
0 0.458448 0.434377 0.0606194 0.200621 0.174785
0 0.673288 0.464763 0.0430256 0.2206 0.125854
0 0.228882 0.576538 0.0581048 0.424443 0.117803
0 0.538629 0.461288 0.0486794 0.198049 0.116901
0 0.870631 0.63516 0.0456366 0.347318 0.109233
