0 0.500019 0.470601 0.0543619 0.106326 0.669189
0 0.623109 0.477715 0.0505361 0.0892647 0.641142
0 0.670354 0.466507 0.0519053 0.115158 0.572932
0 0.144367 0.473077 0.04832 0.110886 0.568513
0 0.570686 0.472315 0.0558285 0.103137 0.551687
0 0.919088 0.471284 0.048851 0.104958 0.522762
0 0.954505 0.473806 0.045735 0.106639 0.501776
0 0.249815 0.476951 0.043238 0.0999739 0.491836
0 0.981653 0.476502 0.0361551 0.0977 0.479502
0 0.452081 0.461576 0.0496593 0.122365 0.472058
0 0.800755 0.473929 0.0501901 0.0994913 0.388078
0 0.289352 0.476875 0.0364853 0.0941795 0.383983
0 0.707106 0.485461 0.0412506 0.0778795 0.367326
0 0.846745 0.477844 0.0473404 0.0925907 0.329731
0 0.0727024 0.478791 0.0381283 0.0986068 0.31847
0 0.108355 0.483411 0.0395974 0.0911105 0.301391
0 0.878913 0.480094 0.0379818 0.0863949 0.274278
0 0.184498 0.48527 0.0410096 0.0856445 0.249205
0 0.0367033 0.485908 0.0408683 0.0872167 0.242989
0 0.320821 0.48247 0.0427486 0.0817759 0.221205
0 0.748531 0.473282 0.0569624 0.0996948 0.179005
0 0.220255 0.47956 0.0312049 0.0938697 0.178121
0 0.0178541 0.48104 0.0351461 0.0957242 0.161364
0 0.311671 0.482635 0.0535969 0.0818456 0.140492
0 0.396702 0.477941 0.0365986 0.0944202 0.137185
