0 0.856833 0.653892 0.0516243 0.222198
0 0.64109 0.675638 0.0540842 0.186822
0 0.534048 0.671963 0.0474535 0.181236
0 0.119821 0.686072 0.0446526 0.195253
0 0.723569 0.671203 0.0434433 0.194343
0 0.822001 0.61739 0.0305427 0.129491
0 0.401603 0.674801 0.0335777 0.189989
0 0.309412 0.670816 0.0447145 0.189374
0 0.376676 0.684706 0.0408851 0.159851
0 0.218116 0.663645 0.0452197 0.117421
0 0.76708 0.615491 0.0215376 0.105752
0 0.283942 0.634089 0.0183644 0.101913
0 0.995511 0.622829 0.00843695 0.083164
0 0.204122 0.657094 0.0186413 0.10441
0 0.744329 0.601872 0.0168232 0.0785067
0 0.310427 0.659027 0.034694 0.16738
0 0.287629 0.655357 0.0262003 0.150887
0 0.809372 0.607325 0.0142538 0.103222
0 0.570276 0.725772 0.0204544 0.0779605
0 0.809204 0.589004 0.0135231 0.0636851
