0 0.234861 0.820708 0.213089 0.357254
0 0.802817 0.769477 0.227024 0.460839
0 0.221646 0.293783 0.241325 0.586733
0 0.788363 0.255868 0.166252 0.477863
0 0.66904 0.306949 0.110646 0.200745
0 0.406996 0.25868 0.0632528 0.117474
0 0.02624 0.252097 0.0426526 0.098337
0 0.395511 0.90555 0.0563806 0.131163
0 0.37823 0.255894 0.0434467 0.122556
0 0.523195 0.333333 0.033264 0.15148
0 0.613455 0.308769 0.0564693 0.139446
0 0.116339 0.25271 0.0292562 0.0824652
0 0.0690586 0.246136 0.040288 0.0889229
0 0.927998 0.841167 0.0520233 0.0837839
0 0.96153 0.846809 0.0322314 0.0974359
0 0.341469 0.242556 0.0360043 0.0764282
0 0.991215 0.849755 0.0158262 0.0929711
0 0.636448 0.299811 0.0405934 0.117726
0 0.477861 0.819986 0.0768607 0.0886847
0 0.335612 0.247387 0.0486099 0.0865588
0 0.621413 0.295712 0.0703614 0.165875
0 0.862872 0.246331 0.0297596 0.0381513
