0 0.602047 0.868079 0.074354 0.122512
0 0.208062 0.73794 0.0445706 0.170438
0 0.734972 0.775199 0.0531292 0.148028
0 0.273321 0.856525 0.0449009 0.111635
0 0.50212 0.697725 0.0287242 0.135262
0 0.702785 0.839274 0.0568184 0.125581
0 0.565721 0.718773 0.0432207 0.128193
0 0.443566 0.861179 0.0425171 0.125295
0 0.809225 0.830996 0.0669564 0.129388
0 0.867548 0.567838 0.0309567 0.144236
0 0.178578 0.826661 0.0590809 0.12377
0 0.322662 0.648084 0.0331797 0.128554
0 0.459292 0.651052 0.0380384 0.127773
0 0.95615 0.584764 0.0318284 0.15085
0 0.834293 0.753835 0.0381488 0.151281
0 0.657743 0.751032 0.0517691 0.128195
0 0.617328 0.730413 0.0344274 0.135992
0 0.930956 0.825242 0.0517265 0.12633
0 0.679034 0.719412 0.0347816 0.122448
0 0.107361 0.973764 0.0509474 0.0512133
0 0.412361 0.568128 0.0257628 0.0943367
0 0.938639 0.516801 0.0346062 0.0889079
0 0.902825 0.797393 0.0341728 0.101406
0 0.484667 0.577148 0.0268653 0.0877025
0 0.752632 0.732635 0.0315076 0.135745
0 0.248187 0.628169 0.0340453 0.120706
0 0.385142 0.669597 0.031457 0.123151
0 0.519146 0.177294 0.0119133 0.0474275
0 0.544327 0.198835 0.0198134 0.0904316
