0 0.434172 0.528285 0.294248 0.930038
0 0.732177 0.522527 0.125994 0.507899
0 0.149708 0.527193 0.119411 0.465655
0 0.0306225 0.48565 0.0578505 0.231385
0 0.839576 0.498757 0.0633238 0.294486
0 0.223665 0.488071 0.0658551 0.286105
0 0.344242 0.492049 0.0614882 0.22792
0 0.65302 0.492304 0.0500118 0.206663
0 0.270297 0.48821 0.0451555 0.172562
0 0.593501 0.49827 0.0471714 0.226948
0 0.885219 0.503734 0.0372542 0.221502
0 0.914782 0.495859 0.0409988 0.180836
0 0.932195 0.492166 0.036998 0.164098
0 0.908109 0.497277 0.0285694 0.195498
0 0.701482 0.49679 0.0316304 0.157735
0 0.937156 0.483523 0.0312803 0.142746
