0 0.465321 0.751478 0.187439 0.486621
0 0.3102 0.660186 0.146848 0.662372
0 0.606795 0.570024 0.136878 0.640764
0 0.888847 0.481166 0.0841286 0.375727
0 0.750605 0.678203 0.0960499 0.580481
0 0.812503 0.531855 0.072897 0.536265
0 0.659778 0.537939 0.0771072 0.423878
0 0.0330205 0.596144 0.065829 0.375957
0 0.172048 0.546746 0.112229 0.39295
0 0.114188 0.589814 0.155148 0.423461
0 0.421842 0.460709 0.084746 0.20541
0 0.248443 0.382592 0.0539733 0.242488
0 0.227232 0.555894 0.061138 0.292614
0 0.205044 0.388816 0.0482151 0.255966
0 0.491446 0.466077 0.0583662 0.181775
0 0.636279 0.385306 0.0325505 0.116256
0 0.0242711 0.394061 0.0447253 0.106436
0 0.11055 0.426847 0.0586823 0.176031
0 0.437035 0.396277 0.0397594 0.113432
0 0.0168595 0.9147 0.0330482 0.158566
0 0.109354 0.397081 0.0538037 0.116487
0 0.380895 0.376658 0.0328293 0.0824696
