0 0.528345 0.674198 0.665833 0.631185 0.946042
0 0.838687 0.721793 0.322101 0.546903 0.939499
0 0.0862691 0.776915 0.171785 0.433422 0.900803
0 0.67898 0.766712 0.108012 0.458426 0.769846
0 0.951442 0.737416 0.0962208 0.464738 0.654105
0 0.10795 0.794955 0.105117 0.401347 0.644966
0 0.951033 0.668434 0.0966038 0.326756 0.563662
0 0.259231 0.714186 0.0478493 0.276218 0.464025
0 0.15389 0.754869 0.0812255 0.319923 0.425287
0 0.213918 0.702167 0.0553362 0.2331 0.404582
0 0.377047 0.752626 0.155467 0.494748 0.39506
0 0.320165 0.771755 0.0664007 0.420228 0.341226
0 0.753163 0.688971 0.0827861 0.422959 0.316255
0 0.880105 0.74653 0.0816311 0.483456 0.280358
0 0.290073 0.749153 0.0280835 0.335662 0.227286
0 0.913946 0.677916 0.0773483 0.334276 0.147244
0 0.924493 0.685638 0.0590641 0.262057 0.136696
0 0.981139 0.747659 0.0369497 0.467164 0.129927
