0 0.716953 0.612513 0.155979 0.512967
0 0.568908 0.60899 0.148444 0.535489
0 0.168732 0.562326 0.105545 0.455324
0 0.878388 0.57084 0.11171 0.49901
0 0.286924 0.554522 0.103629 0.503602
0 0.457574 0.65601 0.112868 0.584061
0 0.97515 0.751968 0.0486591 0.475779
0 0.957847 0.530285 0.0786592 0.417495
0 0.783959 0.569133 0.0754648 0.491168
0 0.142852 0.3072 0.0535344 0.111725
0 0.662827 0.540946 0.073671 0.422345
0 0.52101 0.383474 0.0607176 0.186473
0 0.406623 0.591248 0.0621392 0.486921
0 0.329955 0.507695 0.0599925 0.363309
0 0.372814 0.392189 0.0474351 0.240211
0 0.577734 0.304148 0.047666 0.0979169
0 0.474042 0.328567 0.0516483 0.135023
0 0.628659 0.394801 0.0486835 0.148039
0 0.706415 0.305363 0.030245 0.0867971
0 0.475421 0.369307 0.0539989 0.213686
0 0.674004 0.320015 0.051499 0.0792158
