0 0.928181 0.679397 0.132785 0.517842
0 0.0443137 0.633158 0.0884989 0.414749
0 0.465349 0.608478 0.089195 0.413784
0 0.733952 0.666981 0.090625 0.460022
0 0.821342 0.628739 0.115037 0.46101
0 0.304305 0.621321 0.110218 0.368718
0 0.0986954 0.607414 0.0779878 0.418512
0 0.394275 0.633516 0.100216 0.384512
0 0.667488 0.646188 0.0831116 0.410372
0 0.256389 0.613543 0.0864428 0.362236
0 0.611066 0.610732 0.0847029 0.421138
0 0.151022 0.617539 0.0760178 0.395285
0 0.201023 0.597686 0.0772736 0.385274
0 0.526742 0.608852 0.0598844 0.383621
0 0.571269 0.600241 0.0636442 0.363304
0 0.760101 0.454015 0.0530986 0.144594
0 0.673066 0.44989 0.0648315 0.167488
