0 0.78817 0.767448 0.0744384 0.345461
0 0.080094 0.849189 0.0741304 0.3004
0 0.884474 0.72246 0.0653151 0.328303
0 0.498201 0.862962 0.0960851 0.272753
0 0.966692 0.680735 0.0655701 0.310385
0 0.706505 0.79792 0.0713727 0.357735
0 0.0254191 0.79731 0.0506914 0.326076
0 0.597341 0.838987 0.0770712 0.32052
0 0.240055 0.862398 0.0675798 0.273746
0 0.296724 0.837565 0.0670299 0.323588
0 0.380919 0.880393 0.0791277 0.237909
0 0.164746 0.855319 0.0763831 0.287953
0 0.667596 0.481551 0.0429358 0.233203
0 0.910315 0.617134 0.0540352 0.264655
0 0.468257 0.578817 0.0597683 0.17929
0 0.423236 0.739411 0.0845731 0.329984
0 0.519381 0.707519 0.0635042 0.235305
0 0.137072 0.756365 0.0662298 0.303427
0 0.236568 0.65004 0.0582286 0.160181
