0 0.832443 0.407241 0.217068 0.692357
0 0.493133 0.333207 0.13206 0.44571
0 0.155547 0.337249 0.0649973 0.417555
0 0.956724 0.321968 0.0856625 0.300701
0 0.692138 0.317296 0.0796164 0.307482
0 0.277931 0.398961 0.217945 0.741811
0 0.0548299 0.278244 0.0320995 0.17488
0 0.20809 0.277084 0.052825 0.267325
0 0.461559 0.295741 0.0801943 0.288942
0 0.359334 0.277623 0.0326819 0.173403
0 0.0284947 0.197308 0.0170725 0.0797429
0 0.12228 0.234364 0.0444715 0.135488
0 0.439599 0.255153 0.045654 0.122041
0 0.121633 0.290506 0.0452639 0.246794
0 0.730508 0.286246 0.0311291 0.168821
0 0.941766 0.31697 0.0552677 0.216916
0 0.888301 0.309369 0.0613685 0.503428
0 0.257928 0.221669 0.0539314 0.201151
0 0.947862 0.280252 0.0374792 0.137117
