0 0.543831 0.423934 0.139072 0.638392 0.885627
0 0.735882 0.444068 0.173902 0.671166 0.881876
0 0.924777 0.467205 0.135966 0.733818 0.844589
0 0.0689507 0.43296 0.10841 0.427432 0.835437
0 0.304345 0.427344 0.121189 0.505616 0.823969
0 0.944442 0.495389 0.110588 0.815015 0.814789
0 0.421533 0.460036 0.106428 0.499773 0.800907
0 0.187519 0.428458 0.0964645 0.434894 0.764806
0 0.815062 0.47132 0.0872836 0.625978 0.673247
0 0.662932 0.445565 0.0908789 0.630481 0.662409
0 0.119511 0.434646 0.0607187 0.402097 0.625258
0 0.0262242 0.48168 0.0521829 0.364358 0.536313
0 0.260353 0.456429 0.0559153 0.413387 0.511919
0 0.610669 0.397473 0.070932 0.436996 0.428571
0 0.3682 0.459806 0.0597062 0.463306 0.401404
0 0.278124 0.242128 0.0347703 0.0882631 0.159044
0 0.962704 0.453557 0.0741097 0.800479 0.128665
0 0.657662 0.314269 0.0891706 0.366308 0.121354
0 0.979544 0.455472 0.0402252 0.809232 0.100905
