0 0.698043 0.71847 0.135572 0.526432
0 0.476475 0.734686 0.136857 0.523398
0 0.113654 0.720736 0.166732 0.54524
0 0.802656 0.630592 0.123832 0.447445
0 0.291722 0.736677 0.173986 0.516556
0 0.353474 0.726046 0.12765 0.523156
0 0.886836 0.647485 0.105883 0.523756
0 0.545692 0.706835 0.113781 0.56883
0 0.0168425 0.787958 0.0333329 0.415076
0 0.973499 0.627977 0.0526882 0.435883
0 0.602985 0.697982 0.0849733 0.537231
0 0.0386475 0.562651 0.0769491 0.201768
0 0.410435 0.651275 0.0592808 0.381665
0 0.934759 0.624852 0.0752174 0.445762
0 0.0124615 0.659674 0.024692 0.154919
0 0.0395237 0.722933 0.0789699 0.519239
0 0.601339 0.518215 0.0778748 0.161902
0 0.962394 0.616917 0.0741344 0.428015
0 0.979542 0.577524 0.0401953 0.339484
0 0.727685 0.494323 0.0387277 0.0812927
