0 0.258649 0.549647 0.215384 0.58332 0.921132
0 0.50782 0.530072 0.159794 0.476114 0.911519
0 0.760519 0.562425 0.241882 0.584527 0.595226
0 0.91221 0.431182 0.0365124 0.157764 0.567635
0 0.815713 0.55168 0.134904 0.456435 0.437822
0 0.71007 0.563964 0.144775 0.586797 0.428584
0 0.17675 0.533628 0.0550431 0.440617 0.332244
0 0.790115 0.552805 0.0830549 0.455647 0.271218
0 0.8734 0.428332 0.0326607 0.165123 0.162183
0 0.142351 0.394026 0.0363139 0.174233 0.144679
0 0.116534 0.390864 0.0298316 0.166773 0.139342
0 0.0845747 0.386703 0.0301724 0.153244 0.133384
0 0.0443281 0.387735 0.0417472 0.175515 0.129205
0 0.846341 0.391985 0.0435544 0.0996017 0.115625
0 0.851783 0.428416 0.0562765 0.173823 0.106837
0 0.627213 0.409823 0.0496065 0.185672 0.102752
