0 0.949062 0.275319 0.101127 0.510365
0 0.494121 0.268988 0.112097 0.363136
0 0.0638956 0.271379 0.0759277 0.379238
0 0.729557 0.2817 0.0755357 0.418528
0 0.61304 0.373852 0.0843074 0.17188
0 0.463861 0.562839 0.382471 0.147053
0 0.682594 0.294337 0.0548859 0.330467
0 0.0240341 0.255679 0.0478918 0.350912
0 0.889794 0.272346 0.109843 0.447871
0 0.462083 0.299526 0.0651176 0.231471
0 0.292873 0.298841 0.0317635 0.135709
0 0.352553 0.305635 0.0358849 0.144471
0 0.602302 0.275744 0.0775404 0.281698
0 0.5722 0.279201 0.045256 0.261319
0 0.0234873 0.193346 0.0467469 0.22066
0 0.604859 0.245785 0.0659732 0.219453
0 0.773876 0.300128 0.0422478 0.239974
0 0.587176 0.279902 0.0708187 0.265302
0 0.392673 0.303767 0.0280536 0.177572
