0 0.0727265 0.797754 0.0961137 0.220588
0 0.170612 0.79663 0.0515207 0.203922
0 0.337654 0.779119 0.0970723 0.201381
0 0.882292 0.732744 0.0933418 0.206691
0 0.712155 0.752907 0.0827158 0.18604
0 0.50596 0.7647 0.0820135 0.194811
0 0.457832 0.729517 0.071213 0.272217
0 0.478467 0.428057 0.0576885 0.194718
0 0.937352 0.668372 0.0688816 0.191752
0 0.40175 0.435212 0.0367688 0.111381
0 0.882855 0.763556 0.0917844 0.143486
0 0.31998 0.778197 0.0588617 0.203232
0 0.708343 0.722759 0.0922192 0.245091
0 0.285917 0.709528 0.0486088 0.172668
0 0.886189 0.628474 0.0485371 0.168944
0 0.476079 0.42433 0.0468238 0.136246
0 0.228955 0.657473 0.0439733 0.1422
0 0.970403 0.653178 0.0571373 0.190754
0 0.0327588 0.708933 0.0654303 0.192396
