0 0.821017 0.627373 0.0963414 0.402038 0.711203
0 0.729184 0.629333 0.0906957 0.405668 0.70231
0 0.932465 0.628666 0.0991619 0.403183 0.689148
0 0.633382 0.633236 0.103571 0.406281 0.617639
0 0.331671 0.636672 0.0921908 0.409429 0.579503
0 0.240105 0.63736 0.0852583 0.408767 0.521573
0 0.427971 0.641394 0.0983456 0.382602 0.507003
0 0.160083 0.653474 0.0762142 0.376548 0.486488
0 0.0848566 0.647986 0.0788774 0.394653 0.481769
0 0.741871 0.413569 0.0792675 0.171028 0.406725
0 0.518798 0.642051 0.0909843 0.377823 0.374848
0 0.21292 0.413024 0.0840026 0.177826 0.223765
0 0.455343 0.417001 0.0923462 0.178776 0.181895
0 0.64788 0.423274 0.0626961 0.145106 0.133428
0 0.308751 0.425604 0.0815978 0.151817 0.121681
0 0.565643 0.422921 0.0777447 0.162156 0.101921
