0 0.619175 0.606501 0.480638 0.76412 0.958528
0 0.824247 0.566296 0.109049 0.508879 0.860562
0 0.898855 0.487132 0.0710312 0.313934 0.801885
0 0.0637221 0.411676 0.0403135 0.223069 0.766185
0 0.356857 0.47599 0.109803 0.412667 0.748971
0 0.162874 0.458853 0.078076 0.4236 0.716176
0 0.957237 0.472956 0.0478475 0.284066 0.663349
0 0.933961 0.496924 0.0350003 0.251357 0.60821
0 0.0301792 0.532129 0.0599369 0.380587 0.570425
0 0.736237 0.503886 0.0717422 0.306522 0.566494
0 0.217169 0.472104 0.0515134 0.288232 0.541574
0 0.00825795 0.837299 0.0162285 0.313732 0.433939
0 0.783633 0.477667 0.0540291 0.288668 0.424647
0 0.247961 0.426377 0.0617134 0.300927 0.368876
0 0.0298999 0.667569 0.0595573 0.657882 0.349835
0 0.508181 0.554004 0.0784411 0.296568 0.320154
0 0.987667 0.485208 0.0237902 0.224831 0.305459
0 0.677659 0.487051 0.0594242 0.418627 0.260962
0 0.0178667 0.349826 0.0225412 0.0681147 0.25558
0 0.990601 0.469734 0.0180692 0.197501 0.253521
0 0.198923 0.316474 0.0406641 0.163774 0.195869
0 0.51076 0.481868 0.0772361 0.441834 0.190455
0 0.230903 0.450171 0.0782568 0.322493 0.158392
0 0.0402265 0.385083 0.019953 0.0841411 0.145931
0 0.691055 0.490632 0.0324607 0.416414 0.101726
0 0.694709 0.556064 0.0272284 0.285001 0.101429
