0 0.135937 0.563882 0.233845 0.563196
0 0.760468 0.597628 0.137172 0.459736
0 0.326434 0.568499 0.0985041 0.41806
0 0.635016 0.553653 0.0927496 0.386344
0 0.515073 0.599806 0.27942 0.611713
0 0.96063 0.523238 0.0411202 0.156832
0 0.989742 0.523036 0.0198819 0.157151
0 0.844884 0.517586 0.0347355 0.144523
0 0.261185 0.540883 0.0622466 0.327883
0 0.889077 0.530017 0.0287151 0.117136
0 0.942246 0.53129 0.0213345 0.121028
0 0.915874 0.534773 0.0301853 0.108019
0 0.0149998 0.720704 0.0298507 0.365812
0 0.864541 0.511826 0.0258553 0.147784
0 0.00982241 0.723883 0.0194546 0.359599
0 0.970113 0.427399 0.0325218 0.0767302
0 0.502723 0.628958 0.141053 0.554933
0 0.195192 0.525383 0.0343713 0.114205
0 0.939351 0.44151 0.0344482 0.0999971
0 0.991534 0.427155 0.0162617 0.0593058
