0 0.404677 0.740966 0.119775 0.346703 0.813051
0 0.154308 0.682631 0.0785606 0.244584 0.736267
0 0.0556372 0.713847 0.0763886 0.331361 0.71949
0 0.0965893 0.722483 0.0900789 0.312408 0.707181
0 0.240771 0.681654 0.0618942 0.243958 0.693274
0 0.57068 0.719905 0.0472983 0.333339 0.66936
0 0.657179 0.675358 0.0457077 0.185722 0.651432
0 0.927879 0.717315 0.0575428 0.230481 0.624071
0 0.597193 0.733314 0.0546061 0.300554 0.559424
0 0.813631 0.764458 0.0777517 0.338722 0.54145
0 0.863498 0.744972 0.0737373 0.354911 0.511881
0 0.200609 0.666459 0.0388449 0.210033 0.454009
0 0.31955 0.659582 0.0353942 0.197632 0.420312
0 0.988602 0.669166 0.0219745 0.171609 0.393224
0 0.351631 0.669989 0.035935 0.229701 0.370426
0 0.291707 0.623924 0.0290503 0.111507 0.345282
0 0.0089705 0.640665 0.0179172 0.173078 0.312668
0 0.791794 0.731658 0.0465853 0.291319 0.245993
0 0.46886 0.648382 0.0318222 0.168496 0.208462
0 0.977057 0.651067 0.0286995 0.140785 0.194661
0 0.51435 0.638845 0.0263367 0.132165 0.165886
0 0.496632 0.639182 0.0248633 0.128019 0.164822
0 0.130031 0.674759 0.0311162 0.216881 0.128106
0 0.441542 0.657209 0.0427321 0.185008 0.102903
