0 0.435253 0.559336 0.107907 0.509937
0 0.892665 0.560592 0.149335 0.608438
0 0.074266 0.551861 0.0822846 0.422866
0 0.276858 0.501566 0.0614761 0.361567
0 0.562463 0.451545 0.0648553 0.285493
0 0.0166189 0.460292 0.0331465 0.308457
0 0.809528 0.466823 0.0518875 0.312799
0 0.180292 0.415593 0.0319273 0.225989
0 0.959553 0.465606 0.0318337 0.198988
0 0.983281 0.422707 0.0323748 0.309176
0 0.716058 0.373866 0.0211884 0.129708
0 0.230201 0.405894 0.0253163 0.177397
0 0.993031 0.429006 0.0135282 0.290128
0 0.933927 0.419055 0.042521 0.2571
0 0.131045 0.44132 0.0334901 0.221805
0 0.979246 0.466207 0.0234665 0.219488
0 0.989793 0.426646 0.0194257 0.300663
