0 0.658948 0.52045 0.0249477 0.0504307
0 0.730243 0.524019 0.0193835 0.0472259
0 0.351561 0.531185 0.0347329 0.0523348
0 0.553949 0.523736 0.0196012 0.0454284
0 0.764942 0.532937 0.0446828 0.0407948
0 0.222788 0.52352 0.0278834 0.0443153
0 0.481212 0.520605 0.0250531 0.027034
0 0.0142251 0.541944 0.0283364 0.0554717
0 0.0154345 0.536255 0.0275088 0.0416111
0 0.460195 0.520811 0.0237743 0.0273148
0 0.532881 0.512039 0.0203166 0.0219347
0 0.0106819 0.544762 0.0212792 0.0544934
0 0.533984 0.518745 0.0200431 0.0335578
