0 0.379023 0.688426 0.067908 0.184964
0 0.253493 0.700673 0.059271 0.183494
0 0.592413 0.827256 0.0500222 0.173001
0 0.456519 0.687646 0.0628732 0.189433
0 0.505214 0.696928 0.0448657 0.172061
0 0.552765 0.824266 0.0442002 0.180702
0 0.625341 0.70024 0.0464867 0.167413
0 0.207865 0.823644 0.0680557 0.177034
0 0.375371 0.819907 0.0573856 0.190333
0 0.944671 0.825781 0.0552116 0.120241
0 0.426552 0.817641 0.0556118 0.192571
0 0.816333 0.704927 0.046685 0.155503
0 0.161013 0.81558 0.0597814 0.181043
0 0.329666 0.690447 0.0430979 0.17183
0 0.326172 0.826235 0.0631709 0.179261
0 0.897723 0.815958 0.0709256 0.153832
0 0.204343 0.703186 0.0439921 0.163226
0 0.541621 0.688549 0.0446401 0.171637
0 0.298167 0.681932 0.0395735 0.160459
0 0.582701 0.698015 0.0467484 0.178489
0 0.777099 0.704257 0.0499373 0.15304
0 0.747696 0.820064 0.0536438 0.179617
0 0.635387 0.829243 0.050119 0.183279
0 0.470862 0.819268 0.0460993 0.185297
0 0.851108 0.812394 0.0485386 0.136637
0 0.677539 0.837158 0.0527908 0.156131
0 0.732192 0.699629 0.0522981 0.164763
0 0.809842 0.812181 0.0553268 0.146086
0 0.257365 0.820566 0.0485588 0.170178
0 0.0768801 0.693646 0.0571698 0.136814
0 0.416229 0.663828 0.0483206 0.16183
0 0.506335 0.823671 0.0614227 0.179526
0 0.0494605 0.815555 0.0550974 0.161666
0 0.164527 0.694103 0.0457581 0.135062
0 0.882647 0.713267 0.0540017 0.135834
0 0.296241 0.808874 0.0549749 0.173997
0 0.112681 0.816674 0.0559193 0.172956
0 0.709242 0.824477 0.0452488 0.171272
0 0.851922 0.710222 0.0382199 0.136345
0 0.665565 0.700756 0.048586 0.188695
