0 0.652666 0.600428 0.0815649 0.485797
0 0.262532 0.442253 0.0958117 0.488803
0 0.89699 0.532593 0.0974659 0.47149
0 0.393902 0.479792 0.114434 0.525541
0 0.566354 0.552018 0.0848845 0.485918
0 0.474617 0.500811 0.0870527 0.520276
0 0.783286 0.621417 0.0968279 0.493559
0 0.95988 0.515129 0.0587071 0.435929
0 0.323275 0.395488 0.06309 0.49949
0 0.84532 0.553816 0.0518612 0.465676
0 0.224596 0.34171 0.0959317 0.471068
0 0.736536 0.511235 0.0604362 0.460108
0 0.369305 0.376318 0.0561162 0.499166
0 0.174756 0.41092 0.0722349 0.477878
0 0.813738 0.575926 0.0455062 0.405747
0 0.534445 0.450529 0.0628004 0.522561
0 0.644768 0.345511 0.0569639 0.248518
0 0.694274 0.559933 0.0542544 0.462965
0 0.871502 0.373813 0.0478775 0.286134
