0 0.289463 0.677713 0.166208 0.439756 0.891259
0 0.43284 0.614267 0.0933764 0.33456 0.86853
0 0.76029 0.686519 0.124919 0.488424 0.865873
0 0.951565 0.616077 0.0933273 0.355937 0.859351
0 0.0295745 0.558852 0.0590958 0.262211 0.794246
0 0.0790105 0.601774 0.0643152 0.304791 0.710013
0 0.864036 0.578277 0.0679464 0.26825 0.691053
0 0.67964 0.621245 0.0575989 0.347925 0.599824
0 0.500249 0.581841 0.0642777 0.253961 0.577569
0 0.172978 0.573427 0.0478632 0.255348 0.552468
0 0.801413 0.548191 0.0494145 0.224042 0.439546
0 0.560077 0.531164 0.0294337 0.157343 0.386336
0 0.365959 0.55857 0.0441809 0.20077 0.244968
0 0.769084 0.525316 0.0324843 0.193171 0.201698
0 0.332987 0.585539 0.0391173 0.242258 0.179927
0 0.527006 0.550858 0.0415575 0.212902 0.165454
0 0.335585 0.57971 0.0571241 0.255417 0.139972
0 0.643707 0.523513 0.0250046 0.161178 0.136737
0 0.325084 0.584864 0.0552849 0.245738 0.118061
