0 0.480354 0.624318 0.0387171 0.13705 0.50667
0 0.224556 0.673738 0.0395913 0.159631 0.483332
0 0.518198 0.620323 0.024185 0.137326 0.440002
0 0.444982 0.625623 0.0331558 0.138164 0.430879
0 0.278863 0.641392 0.0334397 0.146776 0.341591
0 0.345088 0.637262 0.0499169 0.143043 0.341323
0 0.0577201 0.64465 0.0576302 0.156773 0.324856
0 0.392927 0.635558 0.0233827 0.136258 0.313766
0 0.764858 0.610375 0.0228496 0.114413 0.244413
0 0.203868 0.637086 0.0320566 0.153906 0.243506
0 0.123166 0.660535 0.0376477 0.169512 0.238663
0 0.876257 0.597079 0.0249248 0.109191 0.222168
0 0.305408 0.636045 0.0304552 0.14309 0.220155
0 0.674005 0.608598 0.0291907 0.131953 0.208104
0 0.599539 0.619529 0.0330018 0.117194 0.203368
0 0.565168 0.623925 0.0234993 0.118777 0.202353
0 0.179932 0.650544 0.0278673 0.146502 0.184918
0 0.634183 0.614545 0.0262827 0.128996 0.178234
0 0.36028 0.632495 0.0254196 0.132427 0.17243
0 0.733391 0.607078 0.0265823 0.123511 0.158923
0 0.00545638 0.67755 0.0108739 0.0940252 0.150498
0 0.805379 0.598889 0.0225189 0.123055 0.14778
0 0.405263 0.627955 0.0174625 0.12563 0.137231
0 0.135951 0.662088 0.0407196 0.165175 0.127732
0 0.438473 0.622036 0.0475758 0.146678 0.127312
0 0.820292 0.602662 0.0233734 0.117373 0.108232
0 0.25815 0.64101 0.0285868 0.136427 0.105684
0 0.929356 0.594451 0.0213265 0.103336 0.10542
