0 0.833946 0.649588 0.0971703 0.368567 0.675878
0 0.0741001 0.625145 0.0729773 0.325886 0.61825
0 0.926354 0.697795 0.0930115 0.283244 0.613611
0 0.300316 0.56478 0.0661842 0.198451 0.583804
0 0.494349 0.689406 0.0714737 0.246283 0.544652
0 0.426499 0.680313 0.0603059 0.23505 0.513564
0 0.687588 0.733536 0.0861455 0.183146 0.511339
0 0.584349 0.64229 0.0822393 0.352254 0.496581
0 0.277238 0.710068 0.119118 0.186691 0.44489
0 0.0246235 0.694736 0.0482564 0.159109 0.421865
0 0.737803 0.690233 0.0610005 0.242186 0.414926
0 0.123871 0.674914 0.0564814 0.21677 0.366207
0 0.785937 0.755225 0.060347 0.123578 0.342132
0 0.393623 0.72582 0.0370518 0.140725 0.327397
0 0.633718 0.712927 0.0464754 0.189707 0.316422
0 0.296096 0.707819 0.0827935 0.189049 0.164496
0 0.247268 0.711392 0.0615746 0.174946 0.164172
0 0.73562 0.648459 0.0578079 0.159202 0.133183
0 0.297274 0.629856 0.0773782 0.324316 0.123395
0 0.951419 0.665343 0.0484236 0.249717 0.113543
