0 0.780454 0.597615 0.0456063 0.227573 0.68847
0 0.369398 0.595438 0.0312808 0.14936 0.640685
0 0.403678 0.594763 0.0334503 0.15099 0.536174
0 0.466096 0.595947 0.0340245 0.154693 0.53592
0 0.664917 0.591997 0.0320371 0.158775 0.53507
0 0.701893 0.591117 0.0317176 0.157632 0.52621
0 0.544506 0.596567 0.0292245 0.149344 0.509668
0 0.577334 0.59004 0.0255513 0.130939 0.420244
0 0.504267 0.599828 0.0359833 0.142826 0.403363
0 0.436221 0.592694 0.0321353 0.15795 0.397171
0 0.627582 0.598354 0.0286731 0.146674 0.393923
0 0.335627 0.594376 0.0320631 0.148346 0.390921
0 0.733759 0.592867 0.0332 0.155262 0.381594
0 0.214412 0.59419 0.0412633 0.206444 0.348609
0 0.605293 0.591025 0.0236101 0.13819 0.271039
0 0.263352 0.590304 0.0311989 0.151687 0.266526
0 0.31284 0.593406 0.0216787 0.126927 0.250711
0 0.153627 0.587929 0.0349212 0.158446 0.240324
0 0.288617 0.591844 0.0219632 0.128371 0.175076
0 0.642809 0.590837 0.018517 0.146672 0.11104
0 0.496629 0.597292 0.0229135 0.137551 0.106406
