0 0.621768 0.723755 0.0931799 0.441745 0.850732
0 0.514583 0.770318 0.125257 0.454567 0.850155
0 0.908645 0.78853 0.16405 0.41494 0.841555
0 0.286378 0.742412 0.12084 0.408808 0.827047
0 0.0295615 0.681163 0.0591226 0.311074 0.797048
0 0.390841 0.676624 0.0852344 0.350853 0.782402
0 0.201696 0.694789 0.0631897 0.319186 0.67821
0 0.144512 0.667253 0.0636184 0.331127 0.6392
0 0.803087 0.783141 0.0956125 0.416537 0.636837
0 0.963856 0.603401 0.0700549 0.165978 0.60283
0 0.0787333 0.660624 0.0635967 0.281504 0.541102
0 0.488504 0.732643 0.0669213 0.3776 0.50616
0 0.308142 0.660028 0.0513843 0.289862 0.3367
0 0.754604 0.627086 0.0586087 0.159553 0.210346
0 0.3465 0.633945 0.0406816 0.2383 0.209116
0 0.576118 0.656528 0.047262 0.305468 0.1987
0 0.431579 0.636697 0.0454803 0.252603 0.193891
0 0.980617 0.814464 0.0379238 0.361889 0.121878
0 0.689068 0.586445 0.0460577 0.115011 0.112775
0 0.964717 0.811034 0.0695129 0.358538 0.109763
0 0.475016 0.555955 0.0443222 0.141753 0.107097
