0 0.800035 0.871493 0.0315207 0.10615 0.76444
0 0.45852 0.860982 0.0258394 0.103927 0.694771
0 0.71083 0.869736 0.0241188 0.104827 0.670319
0 0.322265 0.861413 0.0201673 0.0876057 0.632596
0 0.971949 0.871474 0.0427415 0.115724 0.613586
0 0.927013 0.848179 0.0342383 0.0759478 0.605107
0 0.374932 0.86444 0.0241108 0.0770747 0.60078
0 0.210101 0.866771 0.0198974 0.0739651 0.422643
0 0.0827493 0.867984 0.021137 0.0769765 0.399823
0 0.294419 0.8579 0.0179889 0.078418 0.338512
0 0.900424 0.85071 0.0300737 0.0677431 0.271713
0 0.112673 0.867279 0.0189836 0.0696396 0.245681
0 0.139488 0.866365 0.0265704 0.0780875 0.221748
0 0.277934 0.860831 0.0188234 0.0752058 0.216342
0 0.166701 0.866469 0.0177498 0.0763807 0.205486
0 0.0707251 0.84423 0.0133266 0.0540906 0.198115
0 0.234946 0.861701 0.0219441 0.0754649 0.181256
0 0.129374 0.866159 0.018169 0.0773879 0.170421
0 0.133648 0.866135 0.0236536 0.0778598 0.162029
0 0.23822 0.861435 0.0161615 0.0737318 0.158301
0 0.182521 0.864517 0.0172681 0.0677661 0.148995
0 0.0967939 0.86384 0.0153443 0.0665571 0.124212
