0 0.871415 0.536527 0.0801395 0.105288 0.849758
0 0.372411 0.511877 0.0596619 0.0780888 0.782448
0 0.96099 0.550759 0.0775055 0.0900865 0.782158
0 0.0906778 0.539544 0.117717 0.111446 0.752498
0 0.795812 0.533915 0.0652432 0.10224 0.737953
0 0.148868 0.533144 0.0808893 0.0882445 0.72254
0 0.493188 0.531532 0.079191 0.0942362 0.710526
0 0.330717 0.510474 0.054566 0.073476 0.664862
0 0.266482 0.521055 0.0645357 0.0770513 0.654428
0 0.212122 0.527424 0.0809879 0.0956415 0.624151
0 0.719546 0.532446 0.0694564 0.0945196 0.526611
0 0.718523 0.592563 0.071352 0.21536 0.5078
0 0.645252 0.522078 0.0719057 0.0957458 0.400465
0 0.644324 0.576784 0.0742113 0.204049 0.33433
0 0.281236 0.497543 0.0279402 0.0632974 0.181499
0 0.795241 0.567334 0.0672289 0.169988 0.17156
0 0.284434 0.504138 0.0336377 0.0692244 0.101046
