0 0.0647378 0.603019 0.0432232 0.196849
0 0.604331 0.599138 0.0472904 0.208301
0 0.542732 0.601184 0.0488503 0.212253
0 0.494512 0.592673 0.0464501 0.221688
0 0.173992 0.59603 0.0474769 0.206074
0 0.828193 0.597042 0.0541528 0.209671
0 0.385726 0.59743 0.0524263 0.212929
0 0.710156 0.594977 0.0461137 0.213464
0 0.278248 0.59713 0.0431715 0.211002
0 0.926557 0.590349 0.0628724 0.217804
0 0.349688 0.594153 0.0313159 0.203364
0 0.436897 0.601048 0.0548996 0.20818
0 0.254013 0.589637 0.0309604 0.192125
0 0.745757 0.591809 0.0376953 0.197931
0 0.92623 0.533632 0.0626202 0.10508
0 0.13572 0.588875 0.0375382 0.198372
0 0.766675 0.610487 0.0550953 0.179281
0 0.651645 0.597813 0.0526286 0.20583
0 0.644776 0.562473 0.0390385 0.136478
0 0.136706 0.538209 0.0355388 0.0973035
0 0.827681 0.540863 0.0526089 0.0950731
0 0.74556 0.536473 0.0364679 0.0860432
