0 0.272918 0.650489 0.210084 0.537073
0 0.637204 0.607056 0.142184 0.463098
0 0.0385141 0.586535 0.0765168 0.410089
0 0.095868 0.611832 0.0936445 0.405968
0 0.926459 0.578094 0.0824237 0.379345
0 0.847668 0.597144 0.106843 0.417865
0 0.749201 0.575995 0.0896317 0.414349
0 0.503945 0.57932 0.117655 0.442264
0 0.971008 0.546832 0.0571017 0.364192
0 0.386346 0.590231 0.06848 0.302058
0 0.437303 0.579205 0.0589717 0.295352
0 0.587598 0.577706 0.066844 0.361659
0 0.887949 0.408499 0.0437373 0.113016
0 0.794716 0.566707 0.0535942 0.309555
0 0.341774 0.59633 0.0893396 0.394654
0 0.591786 0.451419 0.0573791 0.109141
0 0.331143 0.463172 0.064201 0.127723
0 0.355943 0.612855 0.0667453 0.355415
0 0.591678 0.480022 0.0606632 0.166531
