0 0.502086 0.554612 0.995827 0.865034 0.949775
0 0.856026 0.64331 0.132475 0.595273 0.734856
0 0.224488 0.585685 0.0815463 0.385451 0.725856
0 0.940969 0.65412 0.114553 0.518535 0.647758
0 0.666058 0.282876 0.172361 0.270686 0.645955
0 0.0287937 0.545579 0.0572822 0.501399 0.618139
0 0.351005 0.671282 0.0763609 0.190714 0.498179
0 0.0939019 0.447342 0.0451289 0.09209 0.477976
0 0.055981 0.37027 0.0285811 0.125551 0.394541
0 0.782866 0.556146 0.0635891 0.378436 0.311877
0 0.350766 0.582568 0.0768105 0.3703 0.306375
0 0.962148 0.536613 0.0507604 0.251883 0.273461
0 0.123593 0.452856 0.03064 0.0583815 0.215601
0 0.96186 0.452347 0.0515327 0.0870207 0.212592
0 0.188368 0.412028 0.037782 0.0834913 0.202967
0 0.197599 0.409314 0.0209053 0.0824147 0.159604
0 0.784936 0.394841 0.0548952 0.0535592 0.15561
0 0.180078 0.415432 0.0238802 0.0747746 0.14258
0 0.0938839 0.499748 0.0471626 0.196559 0.11992
0 0.986957 0.52287 0.0251629 0.242471 0.119895
0 0.665425 0.514032 0.173539 0.734558 0.118385
0 0.22449 0.675141 0.0811705 0.2066 0.106245
0 0.214027 0.41889 0.0409002 0.0612941 0.100431
