0 0.486987 0.727878 0.215156 0.529156 0.925103
0 0.812504 0.661028 0.205704 0.659273 0.903773
0 0.647472 0.562306 0.210111 0.850471 0.888233
0 0.962063 0.519179 0.0755463 0.374639 0.872832
0 0.334645 0.642464 0.205097 0.688519 0.871667
0 0.131736 0.527725 0.0855931 0.362831 0.859913
0 0.0712654 0.497694 0.0691873 0.304197 0.776953
0 0.0161456 0.503198 0.0321763 0.296146 0.756537
0 0.8931 0.459352 0.0827164 0.26596 0.755981
0 0.524723 0.425974 0.0825138 0.178761 0.72077
0 0.270392 0.623646 0.130092 0.587826 0.695012
0 0.19733 0.479903 0.0755861 0.254516 0.691469
0 0.385817 0.548264 0.071918 0.446128 0.570577
0 0.453306 0.511072 0.0764002 0.335875 0.509753
0 0.985717 0.38944 0.0278755 0.155032 0.428359
0 0.476472 0.398012 0.0458314 0.0996998 0.419047
0 0.0558895 0.37954 0.0447902 0.10352 0.281445
0 0.91242 0.396235 0.0375847 0.0958173 0.21224
0 0.869419 0.356596 0.0440203 0.0926708 0.160066
0 0.985728 0.504477 0.0276837 0.389025 0.134048
0 0.0165228 0.36642 0.0328825 0.104867 0.121426
0 0.98592 0.443115 0.027544 0.266028 0.119657
0 0.385465 0.429319 0.0706149 0.181324 0.110216
0 0.407994 0.380665 0.0446527 0.0990441 0.100102
