0 0.896044 0.675998 0.08265 0.295536
0 0.947946 0.629346 0.0324509 0.146008
0 0.479 0.679296 0.0681462 0.313426
0 0.348484 0.660106 0.0741609 0.304561
0 0.207277 0.681284 0.09745 0.290298
0 0.313817 0.698569 0.137151 0.357627
0 0.645243 0.624345 0.0622118 0.212131
0 0.627747 0.704803 0.0610279 0.188993
0 0.821879 0.641897 0.0430222 0.22864
0 0.694473 0.664048 0.033775 0.150419
0 0.696043 0.641949 0.0380208 0.195847
0 0.730573 0.659968 0.0426592 0.22549
0 0.833436 0.641516 0.0655934 0.228795
0 0.639224 0.677219 0.0392928 0.123032
0 0.618906 0.659985 0.0496576 0.267685
0 0.635984 0.656623 0.0785318 0.285555
0 0.758301 0.64752 0.0386175 0.17422
0 0.375465 0.655546 0.0420812 0.22977
0 0.618038 0.705065 0.0409849 0.184633
0 0.719583 0.657145 0.0701299 0.233668
0 0.286904 0.693628 0.0832913 0.354747
0 0.618989 0.583191 0.0457601 0.107323
0 0.767267 0.648561 0.0288948 0.168111
