0 0.405023 0.632471 0.0604309 0.245632 0.863063
0 0.25286 0.647146 0.0792378 0.356687 0.858532
0 0.468841 0.661968 0.0746862 0.361744 0.845275
0 0.860863 0.667554 0.0686211 0.336779 0.843326
0 0.605331 0.636586 0.0525743 0.235875 0.839527
0 0.673535 0.658426 0.0782055 0.371145 0.837381
0 0.0787695 0.593379 0.0394232 0.182569 0.81826
0 0.974982 0.637806 0.0477577 0.187415 0.76699
0 0.17035 0.631967 0.0921386 0.299613 0.762553
0 0.921729 0.658514 0.0754677 0.271438 0.634003
0 0.0402846 0.568094 0.0207608 0.0785716 0.498796
0 0.491047 0.658586 0.0426798 0.325747 0.27792
0 0.122674 0.600826 0.0429006 0.172647 0.243573
0 0.114218 0.601659 0.0607363 0.175459 0.18069
0 0.123284 0.57287 0.0321704 0.11473 0.178622
0 0.486028 0.596871 0.0312235 0.150278 0.108608
