0 0.204518 0.772531 0.133144 0.323613 0.86933
0 0.0784258 0.76748 0.0908348 0.315827 0.821458
0 0.789375 0.772885 0.129752 0.394176 0.818922
0 0.325384 0.785141 0.127672 0.340708 0.787544
0 0.892529 0.760633 0.0995808 0.280911 0.718021
0 0.479934 0.78664 0.11332 0.356952 0.583524
0 0.628599 0.785573 0.0955051 0.386523 0.522419
0 0.737022 0.756378 0.0688531 0.281986 0.471811
0 0.679114 0.738246 0.0473394 0.224136 0.465984
0 0.544498 0.733243 0.0472507 0.219753 0.459326
0 0.970302 0.731301 0.052586 0.18141 0.437868
0 0.608728 0.783656 0.136474 0.39428 0.362838
0 0.575969 0.743595 0.0654547 0.294463 0.289855
0 0.426978 0.755084 0.0804235 0.274185 0.254598
0 0.929415 0.729485 0.0478912 0.240214 0.13838
0 0.590711 0.75973 0.0365777 0.274608 0.130856
0 0.375796 0.717929 0.0590527 0.220846 0.120527
