0 0.0307103 0.447919 0.0605596 0.268933
0 0.646099 0.492552 0.146078 0.392238
0 0.815046 0.493208 0.114063 0.461343
0 0.895684 0.49529 0.0940148 0.452801
0 0.13426 0.486261 0.147089 0.380445
0 0.467161 0.470456 0.0971573 0.383264
0 0.752347 0.49449 0.0884085 0.376992
0 0.397128 0.480356 0.0747119 0.36579
0 0.28353 0.503457 0.184172 0.547069
0 0.32326 0.491681 0.109363 0.517781
0 0.0838361 0.524848 0.0837573 0.148103
0 0.563915 0.486682 0.088089 0.347318
0 0.251605 0.505753 0.130111 0.540536
0 0.206421 0.314182 0.0630804 0.0976372
0 0.511603 0.494991 0.0421571 0.330144
0 0.614669 0.464009 0.0794276 0.33636
0 0.63123 0.456654 0.0450257 0.33941
