0 0.205166 0.785352 0.141487 0.427827
0 0.326923 0.775211 0.13027 0.427139
0 0.125393 0.606614 0.122832 0.603952
0 0.873897 0.779332 0.127869 0.434655
0 0.763808 0.773399 0.123121 0.432313
0 0.779644 0.502762 0.116553 0.36329
0 0.663886 0.780373 0.113852 0.438338
0 0.200197 0.519131 0.116813 0.331034
0 0.398353 0.528344 0.114755 0.386929
0 0.443914 0.784393 0.126833 0.422195
0 0.299481 0.518268 0.0931875 0.337656
0 0.881258 0.501747 0.12236 0.390066
0 0.562107 0.783692 0.11339 0.417344
0 0.676448 0.503337 0.105126 0.334032
0 0.49655 0.550601 0.102154 0.418534
0 0.592119 0.50798 0.101149 0.347062
0 0.265973 0.394345 0.0755627 0.171464
0 0.819345 0.369642 0.0558054 0.117664
0 0.723328 0.379527 0.0621555 0.131358
