0 0.615061 0.534449 0.207622 0.905641 0.928681
0 0.481928 0.521898 0.154159 0.932038 0.887879
0 0.0446735 0.385198 0.080953 0.417863 0.876535
0 0.823379 0.316412 0.0604545 0.313148 0.868865
0 0.357082 0.539516 0.187944 0.901704 0.839854
0 0.090275 0.322256 0.056636 0.27036 0.805082
0 0.756411 0.283928 0.0361721 0.207839 0.797281
0 0.251332 0.317671 0.0504209 0.244728 0.776153
0 0.732287 0.271512 0.0319924 0.186492 0.660595
0 0.692025 0.274299 0.0302269 0.179735 0.656364
0 0.215507 0.299382 0.0406454 0.208145 0.655285
0 0.415041 0.258315 0.0382405 0.131968 0.307231
0 0.538591 0.234554 0.034565 0.102674 0.285906
