0 0.19496 0.749618 0.19103 0.484096 0.88926
0 0.0855962 0.744946 0.113234 0.437273 0.887559
0 0.0301893 0.699589 0.0601704 0.344805 0.8489
0 0.584611 0.737841 0.0802223 0.389683 0.845702
0 0.424845 0.763679 0.101257 0.461015 0.841125
0 0.902877 0.649616 0.0438538 0.258313 0.747241
0 0.642234 0.684831 0.0598053 0.291568 0.73577
0 0.97795 0.658582 0.0432288 0.278149 0.673085
0 0.316239 0.66111 0.0740274 0.285496 0.613447
0 0.347331 0.629609 0.0493915 0.228633 0.291263
0 0.870168 0.640792 0.0430356 0.233782 0.280029
0 0.950361 0.637755 0.0316227 0.185569 0.21924
0 0.712264 0.536839 0.0317308 0.0713695 0.217692
0 0.277999 0.596063 0.0299047 0.151365 0.168097
0 0.0463445 0.625695 0.0417954 0.201506 0.165686
0 0.672186 0.537561 0.0293524 0.0721677 0.152756
0 0.619393 0.567075 0.0252175 0.0730371 0.149637
0 0.756517 0.533281 0.0218108 0.0776256 0.13868
0 0.518467 0.612391 0.0341895 0.182782 0.129258
0 0.954165 0.617249 0.0428121 0.215472 0.11811
0 0.490355 0.543396 0.0275783 0.0560793 0.116288
0 0.0503058 0.577223 0.0350566 0.0985451 0.105794
