0 0.727959 0.507052 0.121863 0.591474 0.921039
0 0.522643 0.500539 0.193072 0.53993 0.906872
0 0.956935 0.4978 0.0851797 0.649921 0.900975
0 0.899783 0.495358 0.0507136 0.29805 0.850155
0 0.183983 0.508264 0.144826 0.423792 0.832739
0 0.302619 0.491714 0.0911338 0.554217 0.789743
0 0.0771279 0.51395 0.105673 0.432833 0.69851
0 0.67991 0.547408 0.0371135 0.172072 0.548006
0 0.236943 0.265774 0.0415112 0.13805 0.112639
0 0.01823 0.493127 0.0364584 0.29834 0.111192
0 0.372916 0.418223 0.0236804 0.0581184 0.108096
0 0.212134 0.316623 0.0347021 0.13594 0.1015
