0 0.543274 0.530793 0.046 0.235699
0 0.302485 0.536353 0.0452364 0.23426
0 0.655128 0.535266 0.0426906 0.233043
0 0.697133 0.530998 0.036764 0.182965
0 0.418278 0.537674 0.0412465 0.227289
0 0.777188 0.539874 0.045348 0.222499
0 0.37506 0.533245 0.0335162 0.181362
0 0.479498 0.530448 0.0351724 0.185843
0 0.580828 0.524662 0.0328788 0.194573
0 0.805977 0.531811 0.0281519 0.180535
0 0.442205 0.519167 0.019649 0.125405
0 0.0144571 0.550322 0.0227544 0.0645734
0 0.984307 0.480988 0.0306361 0.0846064
