0 0.122137 0.595386 0.155804 0.488661 0.88041
0 0.32152 0.58484 0.100939 0.341027 0.87659
0 0.215591 0.571096 0.0656919 0.288437 0.825162
0 0.453087 0.583537 0.062255 0.265822 0.824778
0 0.0747639 0.58977 0.0778269 0.330186 0.824344
0 0.380175 0.568491 0.0468101 0.23178 0.767356
0 0.829877 0.580003 0.0555161 0.12972 0.733174
0 0.556018 0.580129 0.0572672 0.231482 0.708095
0 0.945317 0.571626 0.0310257 0.133657 0.699037
0 0.498027 0.573814 0.0469374 0.194415 0.690833
0 0.643703 0.57593 0.0462714 0.199938 0.618642
0 0.987703 0.583005 0.0237894 0.109472 0.599083
0 0.744062 0.572926 0.0420956 0.152329 0.58817
0 0.595735 0.577533 0.0450016 0.168431 0.581705
0 0.691351 0.585535 0.035994 0.137808 0.577493
0 0.910839 0.571791 0.0272838 0.134613 0.539252
0 0.970147 0.57367 0.0262001 0.126364 0.279349
0 0.924925 0.57366 0.018721 0.127366 0.278046
0 0.692299 0.567111 0.0321916 0.101626 0.210042
0 0.722142 0.562879 0.0210577 0.0988993 0.114502
0 0.643923 0.544908 0.0415837 0.137415 0.110836
