0 0.08101 0.665233 0.0799271 0.465678 0.79695
0 0.765749 0.63587 0.0837301 0.443308 0.785614
0 0.612952 0.646443 0.0752882 0.439204 0.784255
0 0.925708 0.634791 0.0718937 0.433491 0.776553
0 0.566656 0.619449 0.0470289 0.393131 0.699194
0 0.464561 0.644108 0.0707649 0.459376 0.683314
0 0.709506 0.613635 0.0540339 0.399053 0.67815
0 0.666859 0.602721 0.0429792 0.345884 0.675583
0 0.867857 0.625361 0.0573555 0.369816 0.660323
0 0.287326 0.637657 0.0903082 0.482902 0.647839
0 0.811198 0.589728 0.0544197 0.359893 0.646465
0 0.427459 0.621403 0.042467 0.394024 0.492174
0 0.129677 0.602733 0.0702412 0.39202 0.474707
0 0.369506 0.579142 0.0391615 0.312103 0.471134
0 0.538331 0.602642 0.0388622 0.366733 0.413426
0 0.511666 0.576769 0.0364927 0.33382 0.341304
0 0.251451 0.608762 0.0499696 0.41151 0.241369
0 0.401743 0.594111 0.037056 0.350324 0.218519
0 0.592048 0.452944 0.0287531 0.111686 0.178294
0 0.393873 0.581815 0.028107 0.321835 0.150349
0 0.034466 0.506318 0.0265239 0.150259 0.148522
0 0.838394 0.56217 0.0321259 0.263239 0.148277
0 0.241366 0.55045 0.0405457 0.305063 0.132715
0 0.417811 0.613023 0.0508666 0.379518 0.126236
0 0.11771 0.602798 0.047732 0.389658 0.116101
0 0.409106 0.610211 0.0405673 0.378421 0.111727
0 0.491686 0.57187 0.0348963 0.325796 0.108298
0 0.687925 0.569087 0.0290819 0.284688 0.101761
