0 0.692348 0.622985 0.181764 0.738369
0 0.387834 0.707434 0.188074 0.575419
0 0.209351 0.639297 0.176183 0.703095
0 0.538903 0.728654 0.206804 0.532742
0 0.820975 0.48527 0.0573618 0.267477
0 0.434126 0.409586 0.138082 0.338755
0 0.0488183 0.626487 0.0975513 0.330756
0 0.968684 0.52029 0.0619919 0.312154
0 0.0169701 0.452449 0.0339402 0.244991
0 0.918768 0.476368 0.0540577 0.260485
0 0.0928161 0.436229 0.0489652 0.246413
0 0.789403 0.476929 0.0386767 0.204908
0 0.161673 0.378453 0.0462252 0.181321
0 0.585963 0.654172 0.144374 0.678802
