0 0.650064 0.509433 0.0985699 0.401914 0.856803
0 0.90447 0.545226 0.146341 0.498944 0.816172
0 0.4575 0.489771 0.105892 0.365906 0.803455
0 0.269056 0.45427 0.0609143 0.291051 0.773444
0 0.373114 0.480873 0.0776593 0.304607 0.748946
0 0.727603 0.415914 0.0538498 0.199885 0.606382
0 0.0877495 0.436398 0.0446836 0.200717 0.508573
0 0.819257 0.467024 0.0791008 0.302775 0.456156
0 0.545203 0.433314 0.0667407 0.28028 0.422983
0 0.139867 0.444732 0.0583408 0.229797 0.414035
0 0.206074 0.419631 0.037745 0.179816 0.400533
