0 0.334847 0.700832 0.0785592 0.363665 0.858976
0 0.797274 0.692818 0.0701243 0.375346 0.796127
0 0.869121 0.749655 0.141608 0.321713 0.716541
0 0.552338 0.762708 0.101678 0.35253 0.71282
0 0.470322 0.70205 0.0901509 0.403436 0.674399
0 0.0457789 0.788791 0.0742423 0.310725 0.63747
0 0.400854 0.826117 0.0664625 0.264601 0.570658
0 0.734434 0.767581 0.102572 0.31916 0.569216
0 0.201797 0.814673 0.0938788 0.285157 0.544731
0 0.658523 0.69399 0.132779 0.367484 0.530454
0 0.280049 0.73415 0.0487358 0.210162 0.490257
