0 0.417816 0.729502 0.11327 0.336667
0 0.921076 0.458611 0.103302 0.0844606
0 0.58569 0.461246 0.0752401 0.0764587
0 0.316821 0.830175 0.12593 0.117388
0 0.569182 0.410841 0.109708 0.0956525
0 0.246334 0.384143 0.0928024 0.0892081
0 0.10456 0.203483 0.100667 0.0901877
0 0.462722 0.288687 0.0669398 0.076446
0 0.168796 0.827269 0.109313 0.21344
0 0.134562 0.283566 0.0572154 0.0600229
0 0.314944 0.231427 0.0623791 0.0742921
0 0.556173 0.153384 0.0580418 0.0764133
0 0.945391 0.113655 0.054174 0.0535638
