0 0.759333 0.662554 0.118856 0.423487 0.854456
0 0.101543 0.630473 0.07892 0.333571 0.841247
0 0.335796 0.611045 0.058471 0.268329 0.827247
0 0.0312664 0.608796 0.0625327 0.273759 0.749647
0 0.27282 0.612579 0.0511781 0.240939 0.733708
0 0.605049 0.64973 0.0679195 0.321446 0.713834
0 0.914153 0.693475 0.0901119 0.454726 0.694934
0 0.185577 0.632974 0.0577282 0.27651 0.678366
0 0.430497 0.63739 0.0588791 0.27156 0.652788
0 0.654671 0.62358 0.0591389 0.255471 0.624589
0 0.850831 0.629161 0.081016 0.349063 0.564377
0 0.700393 0.599765 0.0494743 0.226584 0.466219
0 0.398189 0.607346 0.0575742 0.27198 0.414733
