0 0.744892 0.497609 0.19122 0.685721
0 0.411852 0.506525 0.056146 0.240733
0 0.419742 0.865887 0.0583574 0.249464
0 0.251162 0.854755 0.0538056 0.239816
0 0.25047 0.524021 0.0710272 0.273711
0 0.419097 0.17479 0.0385308 0.233752
0 0.0856872 0.514004 0.0640317 0.264252
0 0.25341 0.167505 0.0451239 0.254066
0 0.0725687 0.860517 0.0665319 0.25108
0 0.906193 0.345619 0.0325422 0.148587
0 0.94408 0.340898 0.0284256 0.16366
0 0.0877564 0.172878 0.0301987 0.251636
0 0.982518 0.334484 0.0330411 0.183358
0 0.87343 0.369522 0.016594 0.0670602
