0 0.906024 0.738273 0.14019 0.51878 0.848664
0 0.23915 0.834468 0.175886 0.322078 0.796991
0 0.796783 0.780614 0.136531 0.435836 0.769245
0 0.0756057 0.841739 0.150979 0.310404 0.767534
0 0.60069 0.781726 0.144933 0.431403 0.750331
0 0.363362 0.801957 0.184008 0.388933 0.727137
0 0.487756 0.808678 0.14097 0.377498 0.631919
0 0.167507 0.612102 0.0924034 0.275011 0.589628
0 0.702825 0.768658 0.096479 0.461171 0.513302
0 0.553529 0.419484 0.0654266 0.321642 0.492054
0 0.972273 0.760283 0.054847 0.476521 0.464752
