0 0.384695 0.759981 0.425038 0.16829 0.923673
0 0.125581 0.652552 0.18148 0.317788 0.914519
0 0.109392 0.399719 0.0681307 0.235889 0.819719
0 0.239597 0.432864 0.0389399 0.148297 0.671549
0 0.209762 0.426667 0.0345728 0.14946 0.619997
0 0.802592 0.385359 0.026347 0.112721 0.596412
0 0.434991 0.422735 0.028983 0.132946 0.533213
0 0.866814 0.377484 0.0337257 0.104964 0.524431
0 0.029652 0.445534 0.0258317 0.134848 0.510798
0 0.835395 0.381634 0.0248878 0.103205 0.44917
0 0.0123317 0.439557 0.0246633 0.14888 0.422188
