0 0.628967 0.629018 0.0614443 0.357512 0.775698
0 0.403634 0.562906 0.0776627 0.273854 0.75646
0 0.730811 0.610187 0.0574403 0.324547 0.704663
0 0.959524 0.656716 0.0802166 0.417473 0.694612
0 0.788244 0.621666 0.0577352 0.330815 0.675982
0 0.531334 0.579158 0.0633643 0.252372 0.669957
0 0.674855 0.607898 0.053319 0.289573 0.666197
0 0.866213 0.681683 0.114951 0.462101 0.629012
0 0.47351 0.566842 0.0564267 0.236338 0.628109
0 0.283447 0.547735 0.0373804 0.205868 0.622666
0 0.211744 0.528378 0.0281143 0.173742 0.607266
0 0.156506 0.52084 0.0306662 0.149934 0.520035
0 0.324171 0.544887 0.0419312 0.200675 0.515592
0 0.35135 0.551615 0.0365557 0.20374 0.485264
