0 0.0586854 0.640279 0.115841 0.440409
0 0.932228 0.602921 0.0999685 0.419656
0 0.164219 0.637123 0.0801742 0.435218
0 0.748707 0.613565 0.0797292 0.396397
0 0.228448 0.636846 0.0769086 0.43647
0 0.810629 0.601813 0.0757507 0.414729
0 0.864213 0.592063 0.0699807 0.43137
0 0.286582 0.611405 0.0864715 0.432306
0 0.439149 0.61507 0.0857651 0.42461
0 0.365388 0.62394 0.0785479 0.424552
0 0.515269 0.610984 0.0772677 0.417434
0 0.574009 0.586402 0.0731898 0.406881
0 0.644885 0.603384 0.0752237 0.407076
0 0.514612 0.475418 0.0738924 0.144601
