0 0.817129 0.702 0.242324 0.586576 0.884214
0 0.670249 0.652796 0.0950399 0.453114 0.788189
0 0.474639 0.611489 0.0835285 0.313458 0.689745
0 0.938448 0.637961 0.104011 0.539025 0.660922
0 0.546964 0.607834 0.0718536 0.35034 0.65763
0 0.426322 0.583053 0.0588835 0.302721 0.630925
0 0.609912 0.623991 0.07276 0.416221 0.606493
0 0.35311 0.571682 0.0424912 0.257731 0.522688
0 0.887572 0.657767 0.127954 0.568194 0.519366
0 0.982501 0.662061 0.0342504 0.474793 0.493895
0 0.0191327 0.514152 0.0382572 0.155401 0.45795
0 0.384599 0.585666 0.0402914 0.26787 0.451284
