0 0.184824 0.732086 0.0937631 0.229717 0.902445
0 0.859431 0.705252 0.116336 0.329204 0.886593
0 0.0812611 0.683242 0.0352764 0.123478 0.762549
0 0.324123 0.704433 0.0757039 0.189843 0.748554
0 0.368278 0.72639 0.181466 0.460519 0.745922
0 0.659605 0.680502 0.0428846 0.125715 0.702623
0 0.116566 0.687448 0.0334928 0.113986 0.690048
0 0.977228 0.680427 0.0435204 0.147887 0.591998
0 0.542302 0.647609 0.0516225 0.235612 0.549645
0 0.806943 0.676127 0.0326287 0.140807 0.538755
0 0.0263395 0.682944 0.032248 0.118015 0.533753
0 0.588831 0.651891 0.0564634 0.223196 0.495109
