0 0.857003 0.682736 0.207366 0.541665 0.904818
0 0.343005 0.762447 0.176018 0.368669 0.876439
0 0.122438 0.505822 0.157153 0.423388 0.825701
0 0.670094 0.68908 0.150896 0.461959 0.813692
0 0.853425 0.418486 0.114316 0.299105 0.741222
0 0.336608 0.528004 0.122595 0.351069 0.714873
0 0.560258 0.507597 0.101976 0.411737 0.704423
0 0.189442 0.733819 0.112405 0.427442 0.617744
0 0.187219 0.602395 0.106802 0.16627 0.611735
0 0.441644 0.593139 0.126474 0.304426 0.497739
0 0.528621 0.758951 0.209499 0.370384 0.494785
0 0.675598 0.452955 0.112389 0.205481 0.454693
0 0.226566 0.576576 0.108306 0.477582 0.438631
0 0.438847 0.422256 0.10608 0.195741 0.420612
