0 0.906622 0.586619 0.0668554 0.323404 0.888232
0 0.196651 0.604063 0.0626027 0.315425 0.885779
0 0.762754 0.587659 0.070068 0.339953 0.87976
0 0.401428 0.612305 0.0599627 0.293371 0.878776
0 0.834868 0.605214 0.070941 0.294088 0.870269
0 0.612809 0.599114 0.0730268 0.321863 0.867932
0 0.689706 0.601013 0.0685651 0.315409 0.849699
0 0.330134 0.609153 0.0630405 0.298222 0.836028
0 0.501498 0.630773 0.0852522 0.409486 0.820598
0 0.132611 0.61123 0.0520987 0.297928 0.63164
0 0.548665 0.606135 0.0479309 0.309814 0.621501
0 0.0905154 0.516937 0.0711821 0.0984171 0.404647
