0 0.83429 0.556885 0.134506 0.241924
0 0.732476 0.551954 0.104346 0.251444
0 0.759726 0.852156 0.168033 0.255824
0 0.876148 0.864794 0.122335 0.226087
0 0.0897325 0.513101 0.0627757 0.177713
0 0.41213 0.554453 0.0346585 0.1854
0 0.436877 0.558335 0.044107 0.166649
0 0.181836 0.249674 0.0328272 0.149149
0 0.588464 0.537177 0.0364233 0.192312
0 0.471526 0.549839 0.0350708 0.167673
0 0.541027 0.540353 0.0241558 0.154612
0 0.469819 0.874059 0.103253 0.170135
0 0.51512 0.537437 0.0289431 0.162571
0 0.496674 0.554703 0.0284569 0.154429
0 0.141958 0.815066 0.126983 0.2673
0 0.562612 0.542868 0.0316911 0.171662
