0 0.742575 0.579863 0.047278 0.168353
0 0.113578 0.805507 0.0410558 0.169983
0 0.251031 0.805532 0.040334 0.167615
0 0.0404853 0.805939 0.0397236 0.169562
0 0.734859 0.810462 0.0375654 0.161791
0 0.927489 0.813755 0.0445254 0.176361
0 0.960341 0.583021 0.0407455 0.173119
0 0.190671 0.800893 0.0390025 0.172796
0 0.513627 0.803847 0.0383593 0.168998
0 0.575833 0.8055 0.0370295 0.168848
0 0.383568 0.803571 0.0376057 0.172404
0 0.329001 0.574508 0.0370816 0.1729
0 0.797708 0.807026 0.0376951 0.169626
0 0.45527 0.804344 0.0370363 0.168863
0 0.627111 0.805074 0.0367631 0.165759
0 0.855948 0.80978 0.0397091 0.170906
0 0.989555 0.818335 0.0202628 0.169142
0 0.682851 0.807146 0.0375641 0.161641
0 0.542578 0.559659 0.076104 0.187813
0 0.317102 0.80234 0.0359267 0.16881
