0 0.629041 0.661776 0.115175 0.438772 0.843054
0 0.72244 0.660927 0.102017 0.379391 0.753219
0 0.461743 0.673072 0.179072 0.503439 0.739424
0 0.793468 0.65181 0.0900557 0.353672 0.704338
0 0.940415 0.630778 0.0529919 0.307444 0.609695
0 0.0824691 0.564729 0.0469322 0.225656 0.601625
0 0.850166 0.649853 0.0635288 0.308349 0.567793
0 0.258793 0.490162 0.0592428 0.154755 0.547468
0 0.425125 0.505778 0.0751026 0.164815 0.523163
0 0.985282 0.636913 0.0287512 0.363207 0.521019
0 0.54986 0.644912 0.0788234 0.374186 0.487932
