0 0.509573 0.746879 0.0485853 0.403883 0.626881
0 0.37756 0.742453 0.0460941 0.407821 0.590567
0 0.589077 0.739962 0.0532904 0.41758 0.583337
0 0.674571 0.752752 0.0567629 0.386945 0.558719
0 0.338205 0.738834 0.0480179 0.417115 0.502551
0 0.190761 0.740529 0.0521399 0.429652 0.496548
0 0.825145 0.726341 0.0500439 0.441933 0.487585
0 0.777428 0.728569 0.0499424 0.427139 0.485598
0 0.864213 0.742662 0.0364097 0.4153 0.480513
0 0.467258 0.718026 0.0568154 0.454858 0.435721
0 0.0394432 0.734157 0.0600996 0.409146 0.415553
0 0.734734 0.7464 0.0481449 0.393684 0.415187
0 0.108075 0.738415 0.0564527 0.427644 0.406045
