0 0.358857 0.764848 0.272199 0.448699 0.908965
0 0.616306 0.800002 0.126026 0.393465 0.886836
0 0.0693984 0.79456 0.0979503 0.403068 0.833619
0 0.954312 0.796785 0.0908022 0.392614 0.768003
0 0.180011 0.772144 0.0797199 0.385454 0.720518
0 0.532619 0.805303 0.0748751 0.383489 0.675579
0 0.130767 0.751195 0.0619817 0.321079 0.6458
0 0.904943 0.757083 0.0362339 0.183193 0.566803
0 0.425959 0.72568 0.0514048 0.194029 0.548863
0 0.822719 0.807116 0.314542 0.376545 0.51325
0 0.275835 0.727029 0.0637372 0.235161 0.499505
0 0.0171145 0.780173 0.034229 0.272626 0.493377
0 0.680447 0.340447 0.0314283 0.174108 0.473882
