0 0.541772 0.60096 0.0502727 0.211931 0.801708
0 0.603254 0.599908 0.0457567 0.208185 0.784839
0 0.493963 0.592807 0.0450287 0.2216 0.772887
0 0.387962 0.598272 0.0473348 0.21301 0.696723
0 0.064483 0.602937 0.0427745 0.199412 0.66871
0 0.825299 0.598094 0.0502517 0.208861 0.652112
0 0.709114 0.594911 0.0458882 0.213786 0.598244
0 0.175788 0.595518 0.0466145 0.204925 0.542558
0 0.27618 0.597682 0.0497972 0.209897 0.524607
0 0.437111 0.601324 0.0567132 0.207973 0.460727
0 0.924266 0.592708 0.0562812 0.220304 0.408656
