0 0.813796 0.578092 0.187138 0.664278 0.919338
0 0.424855 0.551919 0.133572 0.596692 0.878128
0 0.620981 0.55321 0.159938 0.558385 0.876233
0 0.176597 0.467889 0.107221 0.471275 0.866342
0 0.0882762 0.519188 0.141819 0.596 0.86144
0 0.302608 0.518799 0.1262 0.606525 0.836689
0 0.978298 0.458452 0.0428082 0.293787 0.803582
0 0.485605 0.538624 0.118407 0.55644 0.742786
0 0.68179 0.444017 0.0513324 0.2749 0.583398
0 0.940827 0.409914 0.0664877 0.203738 0.565003
0 0.552479 0.336796 0.064114 0.161125 0.50411
0 0.975619 0.316317 0.0361828 0.0947285 0.449158
