0 0.877451 0.624427 0.244315 0.660007
0 0.352053 0.639445 0.201802 0.584523
0 0.10888 0.655033 0.156852 0.377707
0 0.497074 0.634937 0.134028 0.416542
0 0.831275 0.632094 0.142185 0.417852
0 0.230987 0.658115 0.0724872 0.2242
0 0.611499 0.634841 0.0420994 0.208834
0 0.798257 0.647564 0.0840418 0.298359
0 0.0778613 0.678646 0.0524943 0.187124
0 0.303203 0.655519 0.0923791 0.277319
0 0.578347 0.6288 0.0389646 0.268092
0 0.546066 0.641619 0.0482548 0.298844
0 0.207151 0.652212 0.0442974 0.189158
0 0.00850575 0.66122 0.0169946 0.267947
