0 0.596524 0.517868 0.0728564 0.380463
0 0.0996404 0.623009 0.113365 0.679949
0 0.440975 0.510054 0.0711158 0.31826
0 0.325526 0.531852 0.0590397 0.341789
0 0.385356 0.514247 0.0537272 0.300109
0 0.876053 0.485076 0.0437999 0.25555
0 0.501682 0.504987 0.060506 0.242016
0 0.726972 0.571765 0.0866571 0.180485
0 0.213372 0.589366 0.108963 0.494785
0 0.262445 0.564485 0.0570554 0.380744
0 0.836379 0.483663 0.0540371 0.241556
0 0.145994 0.599921 0.0595205 0.535222
0 0.679494 0.474173 0.0437489 0.115687
0 0.641255 0.495509 0.0511522 0.241238
