0 0.796392 0.695693 0.0327054 0.175872
0 0.059971 0.708987 0.0540397 0.194505
0 0.207123 0.66937 0.0326287 0.115492
0 0.625698 0.770533 0.0797664 0.202572
0 0.566552 0.669486 0.0274692 0.133252
0 0.730666 0.750183 0.109379 0.164137
0 0.586729 0.715903 0.0597387 0.117655
0 0.0166514 0.71587 0.0331776 0.181562
0 0.280038 0.649604 0.0155381 0.0806671
0 0.76503 0.658328 0.0279498 0.101946
0 0.733114 0.656393 0.0228603 0.0896076
0 0.517945 0.708838 0.0413051 0.110547
0 0.990701 0.675924 0.017955 0.10538
0 0.259644 0.65069 0.0185848 0.0865569
0 0.340147 0.644822 0.0151089 0.0676823
