0 0.292215 0.569131 0.0816704 0.308061 0.914756
0 0.724616 0.66003 0.0784783 0.323387 0.911553
0 0.769011 0.391995 0.0810205 0.276216 0.910127
0 0.116104 0.354444 0.0658614 0.274542 0.90962
0 0.396989 0.670411 0.0823282 0.341049 0.908405
0 0.846875 0.607143 0.091272 0.3126 0.903616
0 0.215052 0.462177 0.0802155 0.291244 0.899407
0 0.608605 0.763225 0.127836 0.347145 0.897624
0 0.351626 0.363258 0.0667808 0.267971 0.889352
0 0.938409 0.48872 0.093913 0.289171 0.833843
0 0.579443 0.36927 0.0747258 0.239238 0.829421
0 0.579697 0.544484 0.0730089 0.225213 0.681148
0 0.9278 0.414315 0.0787773 0.282568 0.628358
