0 0.519308 0.542115 0.133226 0.453251
0 0.782242 0.653964 0.21394 0.662108
0 0.307319 0.447472 0.0914841 0.385907
0 0.0890867 0.350813 0.0573665 0.262895
0 0.205714 0.398969 0.0688469 0.314287
0 0.686605 0.443262 0.0919096 0.375663
0 0.966176 0.376519 0.0671335 0.345204
0 0.0445616 0.321246 0.0398583 0.21785
0 0.371624 0.349022 0.0686357 0.263162
0 0.889009 0.299474 0.0889067 0.280756
0 0.824029 0.40319 0.0931985 0.345652
0 0.495974 0.317051 0.0857047 0.232055
0 0.618852 0.258323 0.0411957 0.207986
