0 0.252387 0.641866 0.0555954 0.107633
0 0.138222 0.615479 0.0485237 0.247696
0 0.0276904 0.735538 0.0551539 0.334954
0 0.343238 0.629363 0.0406861 0.129653
0 0.874783 0.591719 0.0447209 0.15273
0 0.97305 0.60811 0.0350872 0.169129
0 0.946611 0.600071 0.0282524 0.151379
0 0.646959 0.588802 0.0560248 0.15492
0 0.722668 0.604109 0.0382086 0.184033
0 0.69685 0.613153 0.0363435 0.170823
0 0.0909191 0.622867 0.0386607 0.23482
0 0.915112 0.602069 0.0276855 0.151392
0 0.579478 0.595985 0.0320428 0.147846
0 0.0164778 0.532429 0.0328245 0.0664592
