0 0.417479 0.599184 0.155617 0.595823 0.906843
0 0.11048 0.616459 0.137474 0.52939 0.897247
0 0.258117 0.609519 0.126478 0.521341 0.893017
0 0.56448 0.597193 0.148864 0.635137 0.861243
0 0.689329 0.602708 0.115299 0.561038 0.783222
0 0.0228011 0.633535 0.0454279 0.496572 0.776197
0 0.17574 0.591495 0.097133 0.501064 0.759257
0 0.797751 0.600612 0.155202 0.564703 0.744139
0 0.893373 0.578287 0.113173 0.520014 0.739628
0 0.33566 0.613131 0.08111 0.444249 0.550589
0 0.955601 0.566534 0.0678942 0.358275 0.452821
