0 0.443429 0.625574 0.108868 0.368004 0.901451
0 0.727928 0.656664 0.107376 0.396541 0.867668
0 0.0538235 0.615349 0.107448 0.452967 0.867231
0 0.6723 0.549995 0.0571104 0.296971 0.858969
0 0.235524 0.730556 0.144182 0.509137 0.850744
0 0.135397 0.512194 0.103665 0.267998 0.678221
0 0.596957 0.477676 0.035106 0.184241 0.612537
0 0.94251 0.518234 0.0523808 0.23171 0.566507
0 0.315744 0.569669 0.0743452 0.302917 0.557439
0 0.976454 0.486362 0.0464703 0.190645 0.528278
0 0.828168 0.466733 0.0413506 0.17231 0.400789
