0 0.0895332 0.546055 0.162354 0.894138 0.908282
0 0.174394 0.56338 0.150231 0.759112 0.885268
0 0.880585 0.599983 0.0703419 0.714885 0.87209
0 0.348702 0.571398 0.0862045 0.841983 0.85972
0 0.840036 0.582915 0.0672009 0.644954 0.84954
0 0.723403 0.529423 0.0644009 0.6066 0.803659
0 0.298873 0.613994 0.0650886 0.744184 0.795748
0 0.650989 0.515622 0.0479046 0.503369 0.793761
0 0.767225 0.549756 0.0554628 0.639894 0.779668
0 0.684489 0.521088 0.050345 0.526955 0.76222
0 0.577101 0.512389 0.0404875 0.221183 0.689732
0 0.266112 0.556666 0.0504291 0.487569 0.385509
0 0.216969 0.376485 0.0491275 0.18934 0.28006
0 0.271534 0.405728 0.0370119 0.185872 0.215327
