0 0.882983 0.646405 0.23327 0.125044
0 0.944484 0.411172 0.105875 0.376193
0 0.689162 0.873483 0.264115 0.245433
0 0.372493 0.717893 0.426699 0.292309
0 0.0370144 0.394058 0.0734205 0.226413
0 0.758792 0.587492 0.2425 0.107727
0 0.0717503 0.812567 0.141794 0.352797
0 0.394381 0.830368 0.52306 0.31837
0 0.843794 0.340421 0.0722385 0.243252
0 0.968469 0.710589 0.0622219 0.163368
0 0.0955971 0.382509 0.0506159 0.207189
0 0.701823 0.362311 0.0550522 0.255091
0 0.766062 0.382954 0.0717104 0.263474
0 0.639626 0.367369 0.0411045 0.226482
0 0.341566 0.629407 0.353811 0.190622
0 0.127379 0.374312 0.0546013 0.197128
0 0.356567 0.352428 0.0429715 0.182687
0 0.213759 0.485387 0.231169 0.128986
0 0.220521 0.334773 0.0365457 0.120414
