0 0.677878 0.702928 0.107564 0.341472 0.868561
0 0.95516 0.710462 0.0886631 0.344985 0.867244
0 0.407545 0.711695 0.0550954 0.308621 0.790861
0 0.162196 0.695437 0.113124 0.312231 0.787848
0 0.902792 0.701237 0.0816589 0.243783 0.730204
0 0.033959 0.660728 0.0677105 0.245147 0.69808
0 0.861741 0.680465 0.0470621 0.219106 0.68075
0 0.820194 0.666526 0.0443916 0.196161 0.59403
0 0.244988 0.669898 0.0629413 0.248339 0.549145
0 0.336246 0.633786 0.0306832 0.159529 0.47926
0 0.650695 0.67308 0.0379037 0.208159 0.458147
0 0.788011 0.650903 0.0285683 0.177367 0.429982
0 0.627631 0.647105 0.0267748 0.167486 0.428452
0 0.282545 0.652375 0.0735917 0.21128 0.376015
0 0.110692 0.649799 0.0465286 0.208964 0.373273
0 0.309208 0.644184 0.035566 0.184026 0.316798
0 0.231958 0.670748 0.0371851 0.244027 0.294731
0 0.371665 0.67626 0.0204265 0.118676 0.274511
0 0.022042 0.662093 0.0438014 0.243529 0.233615
0 0.489228 0.650243 0.0351993 0.175378 0.227805
0 0.440711 0.673232 0.0303948 0.247452 0.223005
0 0.46553 0.66405 0.0400966 0.225099 0.211794
