0 0.616879 0.521505 0.15426 0.598427 0.905946
0 0.888904 0.450942 0.0767464 0.30721 0.839781
0 0.489083 0.439431 0.0760257 0.306689 0.824053
0 0.0843357 0.439145 0.0672716 0.251241 0.750188
0 0.186963 0.436676 0.0693977 0.289393 0.735934
0 0.0351825 0.435607 0.0622178 0.249213 0.721826
0 0.549644 0.432138 0.0616642 0.262584 0.614031
0 0.296115 0.408511 0.0395968 0.174728 0.59491
0 0.124909 0.421 0.0427278 0.188637 0.526023
0 0.787972 0.396707 0.0253854 0.141355 0.480149
0 0.672243 0.423241 0.0416311 0.22389 0.451635
0 0.365705 0.397449 0.0310646 0.121009 0.439781
0 0.230815 0.405917 0.0340962 0.147986 0.368453
0 0.442695 0.38542 0.0237433 0.113341 0.32111
0 0.419753 0.388015 0.0251846 0.114315 0.299593
0 0.780814 0.396611 0.0395596 0.141148 0.219855
