0 0.744678 0.496918 0.188702 0.68363
0 0.41947 0.863999 0.0578583 0.248675
0 0.0850126 0.514363 0.0678089 0.266269
0 0.418352 0.171752 0.0398637 0.230199
0 0.253484 0.167368 0.0452894 0.256628
0 0.0716526 0.860712 0.0680039 0.252753
0 0.411028 0.50873 0.0594254 0.247068
0 0.251001 0.522885 0.0683435 0.273619
0 0.252048 0.856116 0.052205 0.244705
0 0.0880145 0.171488 0.0302428 0.251649
0 0.905458 0.347316 0.0330044 0.151031
0 0.944098 0.340986 0.0285233 0.16382
0 0.981849 0.334022 0.033815 0.180634
0 0.534754 0.394597 0.0297833 0.05001
0 0.04004 0.119969 0.012186 0.0360759
0 0.872999 0.368971 0.0187437 0.0682157
0 0.131826 0.12568 0.0105459 0.0385056
0 0.641714 0.379912 0.0132758 0.0479316
0 0.0607647 0.139857 0.0121027 0.0710674
0 0.654367 0.382343 0.0103372 0.0391866
0 0.515617 0.389363 0.0178318 0.0550487
0 0.459428 0.865994 0.0121985 0.0345952
0 0.110994 0.122265 0.00947709 0.0370889
0 0.109604 0.124488 0.0105266 0.0414993
0 0.357116 0.479465 0.00594138 0.0191544
0 0.670031 0.38639 0.0173472 0.0333597
