0 0.255535 0.612846 0.191226 0.75251 0.909952
0 0.0788049 0.58578 0.156331 0.799841 0.887219
0 0.412229 0.643293 0.136633 0.696436 0.834174
0 0.572654 0.558503 0.108584 0.526504 0.693598
0 0.674651 0.501402 0.0771407 0.360545 0.668422
0 0.750522 0.464832 0.0454214 0.273236 0.657877
0 0.794221 0.460936 0.0402088 0.275818 0.584862
0 0.509618 0.374449 0.0396931 0.153376 0.568224
0 0.858365 0.475309 0.0366386 0.2852 0.516546
0 0.914431 0.476246 0.0546902 0.300121 0.448607
0 0.826099 0.467304 0.037051 0.274188 0.424475
0 0.0968514 0.495652 0.178758 0.560973 0.361047
0 0.316484 0.375734 0.0881122 0.279069 0.321087
0 0.877999 0.480431 0.0433626 0.26724 0.307165
0 0.70462 0.479511 0.0421623 0.310171 0.291851
0 0.317229 0.530276 0.0940303 0.582913 0.280921
0 0.609774 0.520787 0.0565416 0.450965 0.268257
0 0.477732 0.372047 0.0414845 0.178755 0.227082
0 0.938744 0.473647 0.0534454 0.288618 0.225085
