0 0.175641 0.451305 0.0839648 0.248223
0 0.908095 0.456819 0.0656672 0.2347
0 0.528338 0.664687 0.0764816 0.336796
0 0.648071 0.595616 0.0812048 0.371205
0 0.391127 0.625173 0.119427 0.352329
0 0.602022 0.650176 0.099024 0.29013
0 0.464378 0.646373 0.0741085 0.307662
0 0.326613 0.553493 0.146743 0.445234
0 0.448096 0.416711 0.116046 0.199394
0 0.780479 0.46797 0.0505886 0.217893
0 0.827445 0.435755 0.0602768 0.197373
0 0.681849 0.577902 0.0651734 0.357913
0 0.249236 0.450867 0.0458591 0.175608
0 0.343923 0.591111 0.107573 0.367144
0 0.507254 0.48418 0.0657391 0.182785
