0 0.133809 0.492856 0.266186 0.98171 0.93727
0 0.380196 0.702609 0.0950943 0.366425 0.81663
0 0.612006 0.684046 0.0867677 0.417003 0.774869
0 0.847975 0.632529 0.0688004 0.347506 0.731549
0 0.498371 0.685273 0.0797384 0.356881 0.686097
0 0.969804 0.580995 0.0537952 0.242283 0.675542
0 0.786239 0.609187 0.118516 0.458508 0.669912
0 0.230459 0.707967 0.0733356 0.313143 0.618876
0 0.441529 0.575756 0.0389308 0.161084 0.580993
0 0.411651 0.579294 0.0303366 0.148932 0.495314
0 0.554554 0.638581 0.0862494 0.454435 0.494734
0 0.722315 0.642497 0.0538689 0.352625 0.42861
0 0.905695 0.557499 0.0425062 0.209336 0.399114
0 0.989739 0.559055 0.0197742 0.217009 0.360747
0 0.470253 0.577915 0.0285786 0.155767 0.345655
0 0.645985 0.5605 0.039614 0.211258 0.326086
0 0.99256 0.563722 0.0141527 0.214237 0.253288
0 0.929001 0.548948 0.0317052 0.199661 0.237318
0 0.696606 0.557958 0.0390737 0.17902 0.235261
0 0.296688 0.685148 0.0527417 0.34038 0.218065
0 0.326263 0.659705 0.101084 0.42597 0.206379
