0 0.550204 0.55215 0.11879 0.411062
0 0.779121 0.492967 0.0682186 0.226825
0 0.744592 0.466434 0.0401154 0.175195
0 0.331669 0.389021 0.0292424 0.133925
0 0.28631 0.393121 0.0214405 0.0950656
0 0.83189 0.424695 0.0239429 0.0795831
0 0.216732 0.38929 0.0187884 0.0977577
0 0.0758855 0.382886 0.023255 0.0930421
0 0.860581 0.421192 0.0148446 0.0666163
0 0.5894 0.400615 0.0173544 0.0623045
0 0.0521019 0.380292 0.0199181 0.0825661
0 0.0972422 0.381482 0.0313457 0.0967974
0 0.0606069 0.280924 0.017039 0.078053
0 0.988176 0.443275 0.0224299 0.122946
0 0.220525 0.224113 0.0204699 0.08438
0 0.0855307 0.253731 0.0201658 0.0747291
0 0.847983 0.417067 0.0167428 0.0621903
