0 0.239075 0.707227 0.0788084 0.32019 0.687084
0 0.746375 0.703312 0.0786969 0.329138 0.681876
0 0.672282 0.696075 0.0795496 0.322883 0.655727
0 0.31491 0.701236 0.0748603 0.309559 0.607692
0 0.388871 0.703243 0.07698 0.330008 0.607242
0 0.888864 0.704754 0.081306 0.313945 0.591327
0 0.599601 0.664441 0.0809183 0.26753 0.583512
0 0.0961781 0.875479 0.191099 0.238018 0.573434
0 0.81987 0.703812 0.0817326 0.318054 0.52105
0 0.527243 0.712846 0.0713814 0.317555 0.501279
0 0.460507 0.695009 0.0789076 0.334716 0.483934
0 0.0582828 0.875778 0.115844 0.237022 0.274209
0 0.746895 0.533288 0.0694043 0.157915 0.247832
0 0.687821 0.536713 0.066199 0.151218 0.238533
0 0.626033 0.538204 0.0648962 0.148673 0.229388
0 0.249327 0.541868 0.0652755 0.156579 0.227031
0 0.309029 0.542132 0.0703791 0.167918 0.224294
0 0.865144 0.534035 0.066349 0.153534 0.221912
0 0.42406 0.539576 0.0569345 0.144927 0.215268
0 0.556395 0.546262 0.0663384 0.170697 0.208998
