0 0.237185 0.565576 0.125543 0.446334 0.878626
0 0.917914 0.584492 0.150087 0.405721 0.82268
0 0.60106 0.632739 0.160231 0.217183 0.557925
0 0.630157 0.547396 0.0935884 0.316187 0.557047
0 0.790059 0.558224 0.0706343 0.238167 0.54748
0 0.755225 0.544704 0.0592427 0.225092 0.50767
0 0.832583 0.570892 0.0555947 0.274378 0.473965
0 0.40448 0.556408 0.0931779 0.299828 0.434847
0 0.28364 0.567501 0.0565997 0.295438 0.370659
0 0.424696 0.609182 0.120701 0.262518 0.345971
0 0.499892 0.407582 0.0828588 0.25946 0.344657
0 0.850223 0.588289 0.0864218 0.31558 0.339509
0 0.441398 0.626629 0.126736 0.244449 0.28584
0 0.317397 0.550678 0.0487089 0.224736 0.283217
0 0.51745 0.407792 0.11927 0.260193 0.239304
0 0.17302 0.465653 0.0304073 0.144565 0.215599
