0 0.464168 0.748934 0.139415 0.502131
0 0.119855 0.852581 0.238802 0.284605
0 0.71857 0.657208 0.116327 0.679075
0 0.0187344 0.576824 0.0373109 0.29273
0 0.594422 0.774988 0.121327 0.448474
0 0.512791 0.654417 0.0994537 0.601127
0 0.947109 0.736923 0.103793 0.512524
0 0.845059 0.58264 0.155846 0.532556
0 0.0702961 0.568911 0.068025 0.28056
0 0.381537 0.750352 0.0728222 0.484549
0 0.934005 0.450216 0.131598 0.330014
0 0.316361 0.661514 0.0626972 0.34183
0 0.625077 0.435093 0.0973672 0.189616
0 0.146124 0.565334 0.0385028 0.216208
0 0.191076 0.55535 0.039408 0.224801
0 0.258489 0.630507 0.0436085 0.232314
0 0.790719 0.708748 0.161075 0.294086
0 0.1067 0.551198 0.0583428 0.271317
0 0.449577 0.427746 0.0955588 0.178964
