0 0.895226 0.630241 0.139569 0.670991 0.898532
0 0.310371 0.750617 0.179703 0.275403 0.806729
0 0.783168 0.612727 0.101343 0.526927 0.764858
0 0.697189 0.571464 0.116025 0.580515 0.654339
0 0.19275 0.67082 0.101969 0.363579 0.620559
0 0.644056 0.689233 0.204487 0.418213 0.580975
0 0.130053 0.568628 0.134892 0.544044 0.479929
0 0.420476 0.380404 0.0870828 0.170399 0.384664
0 0.482683 0.388442 0.0530077 0.136518 0.288105
0 0.0568457 0.474948 0.0377078 0.232721 0.285134
0 0.0133399 0.451572 0.0195769 0.120983 0.281701
0 0.263474 0.394952 0.108324 0.169466 0.26007
0 0.347005 0.398808 0.0653603 0.14241 0.250057
0 0.241173 0.368873 0.0434001 0.131486 0.215089
0 0.532337 0.387566 0.0513884 0.127128 0.205961
