0 0.0933072 0.646487 0.103635 0.622649 0.885911
0 0.175964 0.635579 0.0983324 0.59681 0.879646
0 0.433049 0.633531 0.0992345 0.574558 0.872333
0 0.265709 0.627232 0.0969898 0.615293 0.870698
0 0.349555 0.627465 0.0873006 0.588247 0.858851
0 0.665282 0.617501 0.0923283 0.595022 0.831715
0 0.604124 0.643169 0.0788528 0.543738 0.826966
0 0.524869 0.616856 0.0995773 0.576674 0.82482
0 0.746401 0.627009 0.0841586 0.59851 0.815574
0 0.87746 0.633481 0.0996029 0.556283 0.71216
0 0.812101 0.621682 0.0829293 0.567654 0.694567
