0 0.942511 0.792592 0.0710314 0.278158 0.838449
0 0.60905 0.802954 0.0649401 0.328151 0.749812
0 0.784955 0.778964 0.0534283 0.177782 0.693508
0 0.708625 0.77173 0.058276 0.193801 0.627648
0 0.859693 0.743477 0.0408825 0.150546 0.627401
0 0.255912 0.774267 0.0765295 0.238582 0.577837
0 0.0634933 0.732431 0.0506837 0.197009 0.436497
0 0.367982 0.783091 0.0667517 0.20841 0.397358
0 0.109926 0.739555 0.0502187 0.211987 0.396557
0 0.201972 0.760722 0.0562425 0.222272 0.354563
0 0.533886 0.772565 0.0431845 0.199633 0.354537
0 0.302352 0.761353 0.0479719 0.216822 0.326998
0 0.15331 0.747958 0.0470869 0.220448 0.299994
0 0.0208119 0.720672 0.0414663 0.189305 0.228917
0 0.41756 0.758025 0.038727 0.200144 0.202666
0 0.500549 0.759512 0.0346763 0.184005 0.201714
