0 0.742457 0.664079 0.325023 0.642086
0 0.214012 0.598687 0.257022 0.568691
0 0.542743 0.570765 0.159406 0.362838
0 0.931461 0.552642 0.136968 0.344581
0 0.0550638 0.549834 0.110128 0.315827
0 0.317618 0.542647 0.10545 0.377651
0 0.11846 0.510408 0.0658375 0.316036
0 0.464742 0.534728 0.0896151 0.293624
0 0.878273 0.50453 0.0699371 0.257075
0 0.387361 0.503119 0.0715731 0.217047
0 0.957965 0.551607 0.0832508 0.294974
0 0.373166 0.53675 0.0929768 0.238432
0 0.415647 0.488212 0.0437889 0.186689
0 0.60601 0.519512 0.101593 0.341809
