0 0.257972 0.517699 0.118339 0.451521
0 0.501277 0.462398 0.0565035 0.216075
0 0.328466 0.476862 0.0774837 0.287291
0 0.928138 0.500322 0.0538347 0.195668
0 0.105995 0.435418 0.0468425 0.208851
0 0.699451 0.479798 0.0430637 0.222097
0 0.73703 0.480133 0.041592 0.19478
0 0.0259505 0.545468 0.0514084 0.394086
0 0.582494 0.452315 0.0264281 0.1362
0 0.15417 0.451296 0.0482638 0.21976
0 0.184805 0.443663 0.0375607 0.201029
0 0.644607 0.455953 0.0245083 0.127138
0 0.805025 0.459601 0.022677 0.109258
0 0.962909 0.458112 0.0203049 0.097486
0 0.613498 0.45471 0.0256786 0.129152
0 0.555881 0.458517 0.0263805 0.125574
0 0.0747505 0.440339 0.0313752 0.188568
