0 0.111123 0.70496 0.117508 0.284918 0.772342
0 0.112041 0.534083 0.0889524 0.238534 0.699156
0 0.797821 0.721445 0.127463 0.253583 0.666243
0 0.409287 0.656735 0.0728559 0.312581 0.615093
0 0.906408 0.723617 0.103267 0.238766 0.604279
0 0.475388 0.657191 0.06596 0.2981 0.591518
0 0.686226 0.414805 0.093132 0.182588 0.568411
0 0.282068 0.647701 0.0695789 0.298051 0.562576
0 0.712726 0.665262 0.0709667 0.299907 0.545034
0 0.247851 0.605252 0.0751537 0.354018 0.540438
0 0.178559 0.586486 0.0768227 0.394356 0.534187
0 0.838431 0.429675 0.0817629 0.173682 0.522431
0 0.828056 0.560901 0.0725752 0.213199 0.513186
0 0.595454 0.664095 0.0676762 0.271759 0.498121
0 0.460555 0.494251 0.0574924 0.163578 0.458343
0 0.900631 0.551469 0.0824932 0.222595 0.449578
0 0.407017 0.490602 0.0569472 0.15416 0.38767
0 0.670927 0.511885 0.0549698 0.126588 0.376202
0 0.623352 0.520399 0.0430228 0.126406 0.37168
0 0.510328 0.514965 0.061614 0.166569 0.370407
0 0.536314 0.666739 0.0683746 0.295192 0.324953
0 0.766668 0.58193 0.0657789 0.141832 0.322189
0 0.345394 0.636233 0.0677022 0.279987 0.299303
0 0.610204 0.4402 0.0557752 0.141355 0.296485
0 0.361036 0.50114 0.0531216 0.138829 0.285533
0 0.733749 0.502572 0.0580345 0.143662 0.281241
0 0.297629 0.445015 0.0503455 0.180107 0.27049
0 0.572959 0.506694 0.0602379 0.139344 0.246188
0 0.649407 0.559559 0.0625572 0.104349 0.243317
