0 0.446967 0.581971 0.0401895 0.204635
0 0.958173 0.55823 0.0309277 0.119116
0 0.688699 0.541936 0.0470236 0.218958
0 0.57824 0.57312 0.0402374 0.18535
0 0.62782 0.559351 0.0338699 0.20112
0 0.603822 0.558433 0.0348144 0.206962
0 0.768151 0.53913 0.042982 0.212085
0 0.916172 0.530081 0.0325773 0.186787
0 0.801946 0.54534 0.036071 0.183357
0 0.738864 0.548588 0.0334741 0.193829
0 0.713604 0.549706 0.030761 0.199034
0 0.483472 0.593552 0.0398441 0.169793
0 0.889668 0.524812 0.0347988 0.201192
0 0.830369 0.533248 0.039399 0.199084
0 0.867557 0.528368 0.0341469 0.192193
0 0.565885 0.461891 0.0461955 0.0872133
0 0.553266 0.573466 0.0361472 0.19111
0 0.5305 0.572207 0.0412479 0.198919
0 0.504519 0.577933 0.0332193 0.197455
