0 0.0969565 0.789465 0.105904 0.416905 0.866044
0 0.19397 0.731924 0.0787802 0.33195 0.842656
0 0.0260347 0.762868 0.0519587 0.326431 0.739848
0 0.264126 0.725364 0.0548249 0.293518 0.705904
0 0.886836 0.737497 0.0999546 0.459106 0.652638
0 0.346891 0.752311 0.0680747 0.347122 0.637893
0 0.552033 0.622695 0.0910039 0.187084 0.604589
0 0.442665 0.633885 0.0414588 0.134413 0.49135
0 0.305173 0.707832 0.0421026 0.234633 0.393562
0 0.981986 0.77523 0.0350717 0.38281 0.338835
0 0.684945 0.630996 0.100588 0.177922 0.33474
0 0.975193 0.769854 0.0468437 0.383043 0.30368
0 0.964032 0.765069 0.0499966 0.38946 0.280407
0 0.685833 0.678538 0.104655 0.276244 0.254498
0 0.39507 0.678259 0.0453028 0.219735 0.246158
0 0.781792 0.646981 0.0386782 0.115982 0.241402
0 0.478708 0.641741 0.0473333 0.107509 0.241232
0 0.824415 0.698808 0.0590574 0.275747 0.237552
0 0.347056 0.6964 0.0672655 0.222846 0.204103
