0 0.763025 0.831823 0.0553013 0.334719 0.859893
0 0.710066 0.763105 0.0661682 0.297903 0.842974
0 0.44766 0.761984 0.0701244 0.296611 0.839458
0 0.629197 0.765115 0.0597794 0.346572 0.802783
0 0.179927 0.6598 0.0514107 0.260395 0.672852
0 0.335906 0.666733 0.0489952 0.246872 0.618732
0 0.268275 0.661679 0.0459539 0.256369 0.611644
0 0.530242 0.66822 0.0453876 0.244956 0.576618
0 0.100965 0.628611 0.0510908 0.253798 0.446317
0 0.378728 0.649097 0.0524063 0.245769 0.445948
0 0.0171804 0.680981 0.0338159 0.177365 0.44001
0 0.585366 0.663924 0.0512354 0.238747 0.438167
0 0.218112 0.646598 0.0385345 0.241038 0.34729
0 0.41544 0.66177 0.0481098 0.250702 0.341687
0 0.0556387 0.595476 0.0426851 0.272155 0.330729
0 0.240465 0.652674 0.0384681 0.249811 0.302709
0 0.137518 0.644101 0.039285 0.252461 0.28541
0 0.502037 0.662479 0.0367968 0.23467 0.227495
0 0.294469 0.651592 0.0360793 0.248826 0.21456
