0 0.658948 0.52045 0.0249477 0.0504307 0.795586
0 0.730243 0.524019 0.0193835 0.0472259 0.75324
0 0.351561 0.531185 0.0347329 0.0523348 0.714235
0 0.553949 0.523736 0.0196012 0.0454284 0.669966
0 0.764942 0.532937 0.0446828 0.0407948 0.629346
0 0.222788 0.52352 0.0278834 0.0443153 0.499476
0 0.481212 0.520605 0.0250531 0.027034 0.378228
0 0.0142251 0.541944 0.0283364 0.0554717 0.358366
0 0.0154345 0.536255 0.0275088 0.0416111 0.329831
0 0.460195 0.520811 0.0237743 0.0273148 0.295967
0 0.532881 0.512039 0.0203166 0.0219347 0.234735
