0 0.080212 0.321464 0.116648 0.347094
0 0.172401 0.324115 0.0917371 0.348208
0 0.545562 0.827382 0.0681725 0.170694
0 0.387008 0.328501 0.103922 0.340908
0 0.328147 0.727928 0.0631569 0.150951
0 0.2381 0.356683 0.0671195 0.277817
0 0.858285 0.809129 0.057605 0.170636
0 0.87363 0.693154 0.0450436 0.121353
0 0.301249 0.350256 0.0695281 0.297
0 0.333489 0.337366 0.05092 0.320608
0 0.770429 0.235299 0.0162565 0.0774617
0 0.920825 0.724967 0.0174057 0.0885721
0 0.75071 0.26037 0.0228319 0.0928304
0 0.480475 0.270026 0.0426719 0.262587
0 0.604735 0.272736 0.0312319 0.112703
0 0.720479 0.699847 0.0187128 0.099679
0 0.935851 0.925154 0.0790738 0.143111
0 0.4485 0.302692 0.0461889 0.302286
0 0.186276 0.709512 0.0187533 0.0846223
0 0.419283 0.293813 0.0488184 0.323439
0 0.953217 0.714674 0.0139201 0.0913103
0 0.709833 0.230478 0.0129431 0.054712
0 0.821154 0.263374 0.0244688 0.0970863
0 0.810658 0.261688 0.0205951 0.10145
0 0.973539 0.708423 0.0231136 0.0997569
0 0.962301 0.955778 0.0618885 0.0859077
0 0.966879 0.712408 0.0183893 0.0969702
0 0.677662 0.235548 0.0120485 0.0473331
0 0.16865 0.700872 0.0141652 0.0765749
