0 0.307435 0.593033 0.0678165 0.247495 0.867277
0 0.526787 0.600991 0.0438845 0.233696 0.853836
0 0.478598 0.606725 0.0484747 0.163354 0.847728
0 0.0548601 0.585922 0.041087 0.185104 0.73463
0 0.0125081 0.588189 0.0250161 0.177477 0.725564
0 0.131992 0.598347 0.0373602 0.246146 0.678581
0 0.589817 0.606184 0.0447294 0.185961 0.636137
0 0.611374 0.600507 0.034285 0.175855 0.60659
0 0.163883 0.595903 0.0354115 0.158337 0.579554
0 0.248973 0.604058 0.0363786 0.157661 0.578442
0 0.354888 0.593073 0.0357189 0.172781 0.578163
0 0.108459 0.588839 0.0361107 0.258255 0.577155
0 0.363765 0.594866 0.0506871 0.173916 0.404508
0 0.374958 0.598089 0.0336596 0.161798 0.387116
0 0.394718 0.593434 0.0238531 0.119443 0.272651
0 0.100844 0.588751 0.0421486 0.254279 0.250791
