0 0.232694 0.711258 0.0894747 0.509855 0.884199
0 0.714621 0.695565 0.0909428 0.441294 0.862146
0 0.796229 0.678156 0.0911571 0.445797 0.831004
0 0.318203 0.70479 0.101845 0.481773 0.764079
0 0.492916 0.543108 0.0728404 0.101414 0.759542
0 0.398177 0.519057 0.0872066 0.120742 0.750657
0 0.639455 0.532257 0.0817871 0.129452 0.720756
0 0.441725 0.492626 0.0683195 0.170976 0.681717
0 0.568405 0.538449 0.0752446 0.1224 0.681699
0 0.561181 0.442558 0.062744 0.119134 0.626737
0 0.60645 0.497595 0.0522503 0.132458 0.620596
0 0.524527 0.507496 0.053888 0.157043 0.586102
0 0.0882727 0.573265 0.0319692 0.0527399 0.557045
0 0.633325 0.432549 0.0714772 0.151847 0.492606
0 0.707088 0.489582 0.0855243 0.159824 0.458292
0 0.113453 0.56142 0.0279798 0.0675191 0.338213
