0 0.711543 0.737781 0.0604433 0.253507
0 0.78065 0.737402 0.0590396 0.261735
0 0.506081 0.726907 0.0669418 0.247929
0 0.901877 0.741969 0.0659363 0.262677
0 0.436054 0.722957 0.0646132 0.246366
0 0.643948 0.732535 0.0580746 0.252071
0 0.308807 0.713299 0.0740312 0.242025
0 0.84293 0.741984 0.058778 0.254004
0 0.132662 0.705029 0.0666677 0.233093
0 0.373722 0.719906 0.0556717 0.240287
0 0.256447 0.709015 0.0607539 0.240804
0 0.0736601 0.707065 0.0693435 0.22322
0 0.574236 0.736566 0.0544474 0.227993
0 0.186566 0.71663 0.0812381 0.220893
0 0.965226 0.765889 0.0683693 0.219944
