0 0.861375 0.540135 0.111956 0.323054
0 0.154429 0.465365 0.0733839 0.178434
0 0.470221 0.43378 0.0486809 0.113019
0 0.305213 0.420009 0.0493841 0.140424
0 0.267159 0.429325 0.0338447 0.0869666
0 0.643238 0.406436 0.0435297 0.0531033
0 0.22623 0.445404 0.0645626 0.146981
0 0.510203 0.427284 0.0241604 0.117749
0 0.726184 0.403011 0.0297749 0.0742529
0 0.384503 0.403715 0.0232023 0.0753491
0 0.44016 0.408526 0.0310509 0.0759112
0 0.65854 0.516176 0.0629368 0.0989815
0 0.368144 0.40175 0.0162564 0.0636172
0 0.497292 0.406486 0.0192675 0.0801532
0 0.172087 0.404966 0.0210142 0.0557872
