0 0.167748 0.661745 0.0899066 0.353094
0 0.925799 0.674315 0.0766034 0.363489
0 0.0699347 0.668723 0.0694545 0.327964
0 0.665346 0.66823 0.0650927 0.370248
0 0.485295 0.646303 0.067637 0.395552
0 0.744878 0.651313 0.0556469 0.333643
0 0.593953 0.644629 0.0694899 0.399727
0 0.327754 0.653546 0.064625 0.390425
0 0.417423 0.67287 0.061055 0.355833
0 0.247265 0.665126 0.0630356 0.359326
0 0.796519 0.670161 0.063847 0.374671
0 0.114642 0.646046 0.0555924 0.31285
0 0.892557 0.635428 0.0521463 0.335231
0 0.861945 0.629019 0.0400834 0.284025
0 0.516172 0.595443 0.0530113 0.327931
0 0.56762 0.594732 0.0387409 0.318047
0 0.826558 0.665631 0.0421783 0.324308
