0 0.453447 0.516971 0.238912 0.934575
0 0.641169 0.564113 0.213149 0.849022
0 0.314739 0.424407 0.105917 0.559729
0 0.167971 0.400754 0.0689575 0.332251
0 0.851489 0.50736 0.0966332 0.593619
0 0.923022 0.736494 0.152879 0.50335
0 0.100356 0.39695 0.0467033 0.319172
0 0.0843042 0.801975 0.104341 0.383629
0 0.781991 0.519941 0.0823137 0.502889
0 0.0736048 0.617667 0.125737 0.745131
0 0.111574 0.222894 0.0407706 0.0974979
0 0.0479125 0.436049 0.0736972 0.380138
0 0.414126 0.196384 0.0657592 0.140057
