0 0.257994 0.70334 0.165898 0.585045 0.796091
0 0.409353 0.671904 0.138385 0.641126 0.791416
0 0.84632 0.693081 0.117609 0.606303 0.785351
0 0.135684 0.675414 0.124377 0.626025 0.676509
0 0.546312 0.678756 0.0896494 0.586935 0.559436
0 0.718076 0.682795 0.11386 0.626318 0.526915
0 0.0685148 0.6073 0.0506017 0.50796 0.425547
0 0.598053 0.633442 0.0712511 0.531732 0.403091
0 0.170675 0.502793 0.0564403 0.376233 0.260505
0 0.915842 0.490668 0.0756805 0.32286 0.243186
0 0.644356 0.482432 0.0504949 0.230706 0.232466
