0 0.35267 0.772699 0.0612711 0.363945
0 0.943926 0.789735 0.0783054 0.42046
0 0.847891 0.796425 0.103988 0.403763
0 0.443989 0.789861 0.0857819 0.401246
0 0.465801 0.56068 0.038831 0.251278
0 0.659869 0.561729 0.0418367 0.212722
0 0.243225 0.766631 0.0737079 0.362547
0 0.3499 0.545241 0.0396037 0.216997
0 0.382418 0.571236 0.0307318 0.179138
0 0.696065 0.568023 0.0347248 0.186841
0 0.611152 0.557326 0.0504959 0.248919
0 0.767101 0.551928 0.035062 0.254145
0 0.582873 0.787646 0.081848 0.407046
0 0.892216 0.551856 0.0523006 0.226546
0 0.525851 0.566295 0.0457316 0.215317
0 0.425258 0.564054 0.0302185 0.198403
0 0.146007 0.756084 0.0465303 0.330476
0 0.734164 0.56534 0.0350271 0.193177
0 0.317268 0.564963 0.0280078 0.190109
