0 0.117642 0.756697 0.0840418 0.320875
0 0.346291 0.752752 0.0783718 0.324018
0 0.472802 0.7455 0.0971335 0.326284
0 0.59665 0.754845 0.106448 0.297985
0 0.245906 0.759644 0.064468 0.312554
0 0.426113 0.706561 0.0631348 0.257779
0 0.804822 0.665302 0.0487922 0.152668
0 0.730621 0.679112 0.0461023 0.196181
0 0.671777 0.724231 0.0567671 0.232631
0 0.545631 0.718005 0.0503457 0.234243
0 0.871818 0.649066 0.0420513 0.117616
0 0.92866 0.632612 0.0348011 0.0920838
0 0.95394 0.623942 0.0256409 0.0615735
0 0.505104 0.63267 0.0323629 0.085872
