0 0.909572 0.457848 0.180327 0.756294
0 0.194491 0.416524 0.164845 0.755975
0 0.676285 0.397165 0.124155 0.656853
0 0.531287 0.490904 0.209111 0.978831
0 0.430119 0.400156 0.121822 0.749154
0 0.333002 0.297927 0.0725312 0.371507
0 0.0550306 0.264883 0.0639304 0.285048
0 0.0136835 0.297042 0.027331 0.292822
0 0.088482 0.230911 0.0297787 0.14466
0 0.31738 0.286001 0.0422104 0.347745
0 0.600927 0.140243 0.0309747 0.048315
0 0.504343 0.115004 0.0337078 0.0612359
0 0.299281 0.251599 0.0435434 0.262843
0 0.254534 0.188578 0.0469551 0.208075
0 0.163256 0.144832 0.029187 0.0441277
