0 0.204509 0.840786 0.0615339 0.306441 0.771442
0 0.742619 0.597572 0.0847809 0.265118 0.753607
0 0.0915996 0.828622 0.0733625 0.292883 0.734162
0 0.903657 0.586439 0.186198 0.26606 0.729091
0 0.829854 0.250305 0.0889326 0.268115 0.728873
0 0.14473 0.839461 0.0689116 0.299622 0.712545
0 0.382197 0.846928 0.0825152 0.288412 0.708967
0 0.257521 0.841414 0.0542725 0.282731 0.708854
0 0.613472 0.59451 0.173688 0.255648 0.702799
0 0.751098 0.244248 0.102793 0.2817 0.698128
0 0.84242 0.573031 0.133498 0.26485 0.687623
0 0.964298 0.896486 0.0251665 0.087083 0.651103
0 0.302641 0.839595 0.0553763 0.262562 0.649118
0 0.910945 0.245559 0.115681 0.277896 0.647324
0 0.841366 0.891934 0.0277035 0.0838116 0.576076
0 0.647549 0.24203 0.124895 0.286883 0.558152
0 0.552345 0.891661 0.0471146 0.170535 0.542084
0 0.115281 0.3715 0.0555451 0.322927 0.538472
0 0.0469666 0.377166 0.0536292 0.358805 0.52951
0 0.944858 0.892481 0.022424 0.0833444 0.52521
0 0.66388 0.889041 0.0267826 0.0944025 0.494211
0 0.65299 0.571996 0.115931 0.272737 0.490167
0 0.222003 0.292697 0.0286415 0.147055 0.488923
0 0.168394 0.330902 0.0368592 0.234822 0.480196
0 0.195889 0.29555 0.031173 0.157637 0.474293
0 0.0813836 0.363911 0.0445243 0.306556 0.460442
0 0.808842 0.8893 0.0262468 0.0811723 0.450751
0 0.343867 0.831524 0.046602 0.239678 0.387273
0 0.879074 0.578385 0.13974 0.260381 0.363147
0 0.436164 0.816348 0.0506518 0.207531 0.282156
0 0.142169 0.343592 0.0363543 0.250176 0.268802
0 0.913265 0.522406 0.0577279 0.147934 0.251375
0 0.0185507 0.358876 0.0266506 0.327482 0.23578
