0 0.201727 0.656016 0.0887198 0.391904
0 0.953112 0.642886 0.0931417 0.437917
0 0.732614 0.699408 0.12623 0.601185
0 0.327362 0.658923 0.0923985 0.428163
0 0.141218 0.629408 0.0708333 0.358156
0 0.0259351 0.621999 0.0516566 0.336631
0 0.269088 0.627927 0.0611581 0.335241
0 0.80152 0.632554 0.0539676 0.343179
0 0.490931 0.564601 0.0420953 0.178484
0 0.910548 0.629412 0.052297 0.373519
0 0.68574 0.657053 0.0758741 0.460524
0 0.0693482 0.608717 0.0732364 0.308713
0 0.368387 0.626405 0.0623481 0.380492
0 0.621677 0.590637 0.045034 0.253414
0 0.865394 0.622241 0.0517666 0.292444
0 0.598317 0.562117 0.0306478 0.192615
0 0.839987 0.608234 0.038242 0.272637
0 0.649407 0.626086 0.0523264 0.341137
0 0.403534 0.594025 0.0435741 0.284549
0 0.5121 0.501407 0.0223185 0.114771
0 0.103062 0.607612 0.047245 0.255932
0 0.988496 0.643543 0.0223392 0.381465
