0 0.662319 0.946551 0.172677 0.105418 0.866567
0 0.846715 0.758644 0.0899567 0.357302 0.753042
0 0.922019 0.767007 0.0793471 0.369582 0.564654
0 0.79205 0.720854 0.0616337 0.292124 0.539743
0 0.973681 0.746569 0.0516869 0.372261 0.448126
0 0.628572 0.752417 0.0606807 0.218125 0.386552
0 0.435467 0.762418 0.0717501 0.139929 0.352084
0 0.538142 0.631638 0.0471319 0.124606 0.293339
0 0.577684 0.748104 0.0695117 0.168723 0.28201
0 0.225669 0.683848 0.0592624 0.133765 0.272216
0 0.17876 0.661409 0.0559394 0.145107 0.25819
0 0.501208 0.654357 0.0343376 0.10935 0.237941
0 0.377085 0.726483 0.0551049 0.114845 0.21009
0 0.529594 0.734705 0.0650848 0.148507 0.2041
