0 0.223763 0.648683 0.221088 0.64228
0 0.957365 0.629145 0.0844 0.281216
0 0.863548 0.642983 0.121808 0.361611
0 0.357554 0.656194 0.0835033 0.276553
0 0.577267 0.648103 0.116006 0.371818
0 0.419209 0.651006 0.0444626 0.188956
0 0.481453 0.650596 0.0330835 0.137311
0 0.524261 0.618324 0.0711895 0.348693
0 0.300521 0.655536 0.0244453 0.142603
0 0.446971 0.642032 0.0346445 0.137334
0 0.750648 0.622455 0.094701 0.323186
0 0.166213 0.668409 0.0757376 0.271747
0 0.129666 0.689147 0.0353406 0.147296
0 0.327791 0.644372 0.0344448 0.142763
0 0.394484 0.641166 0.0169087 0.0953265
0 0.739397 0.646803 0.0744147 0.267784
0 0.123077 0.668645 0.0537326 0.189706
