0 0.523709 0.728309 0.106752 0.494187
0 0.717072 0.714236 0.137238 0.504113
0 0.276857 0.712413 0.133553 0.479024
0 0.0601604 0.623013 0.060843 0.393194
0 0.146618 0.661222 0.0812802 0.411831
0 0.941695 0.675396 0.0883825 0.435612
0 0.0236308 0.599243 0.0471949 0.321416
0 0.801242 0.6845 0.0741097 0.41502
0 0.86486 0.684663 0.0702782 0.350866
0 0.898684 0.679761 0.0410757 0.346729
0 0.986879 0.684538 0.0253799 0.394621
0 0.360514 0.525209 0.0537262 0.100733
0 0.98739 0.588701 0.0245577 0.203471
0 0.0140298 0.600491 0.0280597 0.312361
