0 0.859454 0.640068 0.0812057 0.314332 0.79932
0 0.78466 0.647323 0.073708 0.309533 0.635805
0 0.715881 0.654868 0.0687839 0.306848 0.565263
0 0.251087 0.648032 0.0881762 0.310595 0.538344
0 0.675571 0.661313 0.064167 0.307993 0.438227
0 0.197197 0.630364 0.0534887 0.282556 0.417942
0 0.607276 0.648545 0.0621109 0.291895 0.393975
0 0.563327 0.689799 0.0731861 0.151783 0.355875
0 0.30151 0.641577 0.0561192 0.296735 0.306709
0 0.432171 0.597281 0.0547954 0.205316 0.241494
0 0.475237 0.584037 0.0590481 0.16647 0.240707
0 0.633941 0.631118 0.0423666 0.308479 0.210907
