0 0.497064 0.550584 0.425243 0.709872
0 0.180012 0.534683 0.051759 0.187757
0 0.262067 0.543488 0.0486673 0.228596
0 0.884801 0.525851 0.0369366 0.178213
0 0.709843 0.513175 0.0293444 0.143342
0 0.0482408 0.566873 0.0954635 0.159128
0 0.802977 0.500269 0.022398 0.123165
0 0.230421 0.511485 0.0240428 0.12842
0 0.822088 0.486695 0.0195724 0.10435
0 0.766445 0.497832 0.0280373 0.109206
0 0.139517 0.53943 0.0286367 0.142784
0 0.0319214 0.566923 0.0615494 0.158347
0 0.743359 0.512056 0.0460104 0.179336
0 0.682959 0.508642 0.0303133 0.123546
0 0.926732 0.482197 0.0151306 0.0750463
0 0.843085 0.478519 0.0154312 0.0702074
0 0.853241 0.477682 0.0137402 0.0780842
0 0.988231 0.501671 0.0225918 0.216765
