0 0.68182 0.623349 0.0828323 0.293185
0 0.338313 0.652769 0.0909701 0.364232
0 0.218494 0.661682 0.0868971 0.365158
0 0.517447 0.594754 0.06445 0.230262
0 0.286188 0.632607 0.0647363 0.342964
0 0.902913 0.592745 0.0629139 0.221719
0 0.579843 0.575259 0.0707418 0.171693
0 0.768288 0.689292 0.0799837 0.43756
0 0.825163 0.577026 0.057732 0.193875
0 0.871484 0.582902 0.0487856 0.203911
0 0.196431 0.606874 0.0592014 0.337358
0 0.985265 0.615829 0.0285185 0.141682
0 0.732773 0.562853 0.0303235 0.174758
0 0.197042 0.508619 0.0579712 0.139571
0 0.985473 0.638826 0.0282818 0.0947362
