0 0.774453 0.493658 0.0756996 0.399384
0 0.871748 0.505615 0.108808 0.443612
0 0.41263 0.520451 0.110068 0.394022
0 0.580994 0.509283 0.0793956 0.387837
0 0.19474 0.64454 0.0973408 0.605003
0 0.510118 0.478958 0.0780711 0.289802
0 0.253817 0.468287 0.0601735 0.281383
0 0.309138 0.475044 0.0627769 0.297353
0 0.091655 0.539079 0.0671977 0.324142
0 0.636623 0.479699 0.0476398 0.290553
0 0.354798 0.445342 0.0438673 0.211088
0 0.147862 0.484567 0.0527622 0.310181
0 0.110703 0.489897 0.0398296 0.291663
0 0.447732 0.421922 0.0306339 0.165588
