0 0.897794 0.664152 0.113141 0.385006 0.858357
0 0.565562 0.604509 0.0627492 0.218986 0.818122
0 0.672451 0.568294 0.0389277 0.179446 0.713987
0 0.771338 0.541456 0.0383709 0.119787 0.709784
0 0.323573 0.572893 0.0394847 0.192012 0.543097
0 0.954976 0.386836 0.0279573 0.107011 0.427166
0 0.802679 0.530341 0.0255768 0.0971715 0.419514
0 0.0161947 0.578196 0.0319814 0.085332 0.37598
0 0.529064 0.560327 0.0258816 0.134216 0.342706
0 0.179313 0.533554 0.0299796 0.102717 0.285294
0 0.357272 0.560893 0.0264474 0.137818 0.284023
0 0.698018 0.538032 0.0335745 0.100939 0.259428
0 0.59138 0.550251 0.0262218 0.100834 0.23139
