0 0.72593 0.667839 0.237204 0.644151 0.905065
0 0.490064 0.546645 0.29247 0.690697 0.90157
0 0.0877844 0.531428 0.17526 0.576016 0.869599
0 0.254956 0.454719 0.136818 0.486672 0.828901
0 0.362232 0.525598 0.112644 0.433646 0.658751
0 0.843763 0.59337 0.118266 0.53092 0.54022
0 0.951634 0.591013 0.091468 0.431082 0.495158
0 0.669842 0.389003 0.0885047 0.248922 0.404301
0 0.422319 0.551837 0.123698 0.506383 0.269492
0 0.916151 0.380758 0.0859497 0.188331 0.228297
0 0.181482 0.357772 0.0623087 0.156297 0.221868
