0 0.529294 0.798064 0.0698973 0.29577 0.816595
0 0.885669 0.861646 0.0673424 0.266794 0.772063
0 0.3719 0.892183 0.0895134 0.208478 0.729634
0 0.401027 0.718877 0.0734407 0.253167 0.595401
0 0.926343 0.646986 0.0472965 0.189841 0.544537
0 0.607272 0.675668 0.0395267 0.185099 0.517781
0 0.732179 0.714576 0.0484718 0.190742 0.357453
0 0.827592 0.975696 0.0437054 0.0421108 0.345327
0 0.27003 0.803592 0.0599216 0.264997 0.335931
0 0.209993 0.747166 0.0633868 0.228432 0.318216
0 0.641862 0.682414 0.0343702 0.151519 0.310535
0 0.840272 0.975052 0.0704399 0.0432561 0.242223
