0 0.821562 0.714973 0.134927 0.425636 0.897643
0 0.196815 0.711399 0.12928 0.466752 0.89014
0 0.454633 0.682859 0.100485 0.348441 0.862348
0 0.646656 0.694187 0.120272 0.383875 0.859295
0 0.117341 0.642796 0.0690806 0.280083 0.855426
0 0.885392 0.645489 0.0916809 0.330126 0.845884
0 0.729715 0.64135 0.0818223 0.304677 0.820054
0 0.563806 0.634087 0.080123 0.279728 0.809205
0 0.328961 0.624292 0.059347 0.255805 0.763486
0 0.290889 0.667528 0.0794002 0.318503 0.754916
0 0.504591 0.610504 0.0669961 0.237556 0.692025
0 0.400617 0.607857 0.0403421 0.218643 0.655568
0 0.238618 0.621401 0.0480742 0.232747 0.515991
0 0.617771 0.533363 0.0428691 0.0858279 0.363412
0 0.91273 0.595246 0.0433666 0.212203 0.285477
0 0.767552 0.618357 0.044705 0.264412 0.283676
0 0.79078 0.531718 0.0336615 0.0794614 0.258523
0 0.238303 0.552995 0.0477549 0.0965857 0.247841
0 0.428913 0.540937 0.0358558 0.0936138 0.223565
