0 0.798675 0.473635 0.118311 0.44993 0.915153
0 0.449027 0.521873 0.110013 0.583166 0.914643
0 0.884675 0.464043 0.0930756 0.439193 0.913979
0 0.257515 0.530152 0.131289 0.603697 0.913694
0 0.154809 0.529724 0.119779 0.573612 0.896807
0 0.518824 0.511213 0.0814926 0.563335 0.85838
0 0.604596 0.503143 0.074485 0.47662 0.856494
0 0.688967 0.49765 0.0936646 0.510907 0.841937
0 0.380151 0.369747 0.0496212 0.30183 0.778949
0 0.72211 0.491033 0.0649485 0.480989 0.663844
0 0.336451 0.588256 0.0763065 0.30994 0.633415
0 0.154222 0.609717 0.126417 0.29975 0.392271
0 0.550687 0.358563 0.0472051 0.238815 0.274842
0 0.191625 0.611514 0.0519166 0.297988 0.257016
0 0.312282 0.589788 0.123319 0.313318 0.20645
0 0.550354 0.313167 0.0465255 0.146122 0.182583
0 0.315716 0.307417 0.0438375 0.145084 0.156133
0 0.734419 0.500833 0.0421591 0.394325 0.10647
0 0.319437 0.348923 0.0543427 0.224607 0.100951
0 0.292767 0.293643 0.0382624 0.0581108 0.0684882
