0 0.123298 0.639807 0.152615 0.7141 0.88597
0 0.962972 0.70578 0.0734299 0.579384 0.873512
0 0.855095 0.666155 0.161931 0.65422 0.85227
0 0.742815 0.663365 0.115877 0.666055 0.826168
0 0.414941 0.644904 0.113918 0.69082 0.759707
0 0.303904 0.701208 0.123367 0.586935 0.752011
0 0.02405 0.674943 0.0479885 0.552736 0.743632
0 0.212455 0.678974 0.0704644 0.63134 0.593977
0 0.525505 0.554871 0.0835249 0.480855 0.579596
0 0.923867 0.474341 0.0752216 0.204587 0.358955
0 0.35697 0.450999 0.0753945 0.226008 0.315187
0 0.586825 0.619988 0.0605637 0.539236 0.29347
0 0.356451 0.659265 0.0762786 0.648714 0.276275
0 0.787817 0.420864 0.0611976 0.155358 0.129063
0 0.245072 0.456123 0.0412152 0.157201 0.0790202
0 0.549466 0.392563 0.053222 0.167514 0.0734709
0 0.397018 0.394443 0.0340697 0.109573 0.0521409
