0 0.416441 0.535195 0.0802941 0.335947 0.779975
0 0.899022 0.524285 0.0848869 0.362725 0.773716
0 0.122763 0.517056 0.0710927 0.346212 0.694877
0 0.307374 0.522388 0.0754297 0.334947 0.683402
0 0.186537 0.495906 0.0423303 0.206937 0.677391
0 0.508777 0.518459 0.0924307 0.309305 0.635698
0 0.806237 0.513378 0.081084 0.336641 0.623021
0 0.730075 0.495859 0.0637703 0.294656 0.566651
0 0.576404 0.499946 0.047743 0.259302 0.510712
0 0.0200074 0.512736 0.0398749 0.319857 0.465876
0 0.0769113 0.498291 0.0540275 0.302898 0.44014
0 0.616368 0.489123 0.0419719 0.235167 0.341873
0 0.653805 0.484553 0.0444008 0.234715 0.341161
0 0.217888 0.489707 0.0281433 0.187167 0.338522
0 0.537046 0.504252 0.0441914 0.295237 0.330171
0 0.259994 0.48642 0.0543088 0.293061 0.321888
0 0.0346462 0.509499 0.0482894 0.294497 0.233994
0 0.982424 0.493283 0.0344286 0.298384 0.162719
0 0.353328 0.500419 0.0406088 0.245768 0.151936
0 0.953818 0.498622 0.0474846 0.279866 0.11375
0 0.774534 0.497578 0.0415229 0.279573 0.107915
0 0.378988 0.487706 0.0381308 0.227364 0.0867087
0 0.0130806 0.519396 0.0261612 0.323506 0.0840943
0 0.70001 0.490017 0.0364966 0.259985 0.0618348
