0 0.795514 0.708652 0.169643 0.410673 0.8966
0 0.52869 0.596144 0.088985 0.254501 0.851536
0 0.905786 0.604584 0.0960799 0.269548 0.777438
0 0.659764 0.514241 0.0407639 0.113023 0.547053
0 0.232212 0.547381 0.0515577 0.15337 0.447255
0 0.129357 0.543864 0.0833629 0.151687 0.413836
0 0.323964 0.551243 0.0508939 0.117263 0.3527
0 0.416662 0.536843 0.0432366 0.128364 0.342581
0 0.183859 0.565901 0.0475617 0.112907 0.338805
0 0.0248133 0.53258 0.0484139 0.181974 0.319602
0 0.276028 0.539661 0.0542168 0.15003 0.296868
0 0.621416 0.653418 0.172699 0.0484297 0.269012
0 0.460625 0.514225 0.0337923 0.0996529 0.19957
0 0.855403 0.52436 0.0661938 0.0882475 0.147894
0 0.0695159 0.521493 0.0543052 0.154028 0.108076
0 0.386511 0.536784 0.0401338 0.124208 0.0907311
0 0.329009 0.477637 0.046125 0.0576585 0.0770935
0 0.615149 0.539509 0.0364491 0.131225 0.0724991
0 0.56146 0.538708 0.0345301 0.0866604 0.0565079
0 0.0717227 0.483944 0.0498659 0.0773012 0.0528484
