0 0.48092 0.534999 0.412267 0.730869 0.927445
0 0.203707 0.606205 0.244899 0.523251 0.86538
0 0.716399 0.435667 0.142247 0.456708 0.804674
0 0.364108 0.489307 0.112612 0.374453 0.759314
0 0.06359 0.574479 0.127056 0.451062 0.707407
0 0.817998 0.399534 0.0915253 0.233419 0.697333
0 0.549062 0.464256 0.129906 0.31485 0.282639
0 0.0537478 0.395863 0.0699028 0.0745941 0.272145
0 0.552362 0.360455 0.136279 0.107404 0.184437
0 0.588265 0.456028 0.0685315 0.315472 0.176667
0 0.526238 0.462423 0.0856935 0.317206 0.156771
0 0.282096 0.375885 0.0655517 0.111997 0.144781
0 0.164347 0.344947 0.183935 0.21699 0.144731
0 0.599929 0.342199 0.0723148 0.0856642 0.140158
0 0.289359 0.380658 0.0504483 0.100544 0.124803
0 0.183142 0.547855 0.221617 0.624865 0.104453
0 0.585139 0.34112 0.0402981 0.0834644 0.102449
0 0.285019 0.414097 0.0753897 0.295888 0.0954378
0 0.602514 0.37289 0.0794758 0.147403 0.0873297
0 0.20886 0.394946 0.0914202 0.0929708 0.0858124
0 0.199513 0.374593 0.0438565 0.0537558 0.0704217
0 0.673386 0.397234 0.0582769 0.327655 0.0660194
0 0.095906 0.346341 0.0465091 0.220726 0.0587389
0 0.548996 0.32889 0.0401435 0.0976386 0.0549143
0 0.191704 0.370776 0.0260957 0.0442517 0.0546453
0 0.281327 0.347053 0.0676864 0.170996 0.0509683
