0 0.928979 0.714983 0.115127 0.533744 0.874251
0 0.581519 0.714079 0.100867 0.458105 0.836994
0 0.500756 0.706536 0.0899847 0.463563 0.820488
0 0.0655548 0.731694 0.107304 0.492739 0.816683
0 0.833779 0.701715 0.0985722 0.514832 0.805934
0 0.664891 0.704427 0.10476 0.485375 0.79664
0 0.430214 0.719495 0.0947327 0.455567 0.755948
0 0.746238 0.698099 0.103699 0.490847 0.746655
0 0.364591 0.710046 0.0929717 0.460881 0.736212
0 0.303917 0.711795 0.0717248 0.456674 0.72838
0 0.132095 0.733792 0.0745581 0.443565 0.694666
0 0.252602 0.713012 0.069312 0.456589 0.683877
0 0.196479 0.724304 0.0871488 0.446179 0.64904
0 0.987634 0.541359 0.0241009 0.144817 0.073257
0 0.98417 0.53308 0.030827 0.163432 0.0592321
0 0.979723 0.526096 0.0397568 0.181971 0.0555253
