0 0.182947 0.80979 0.0937072 0.169767 0.899684
0 0.530941 0.351919 0.0942525 0.168922 0.883234
0 0.36992 0.349257 0.108916 0.178247 0.869758
0 0.708093 0.339101 0.0845907 0.149014 0.861802
0 0.166303 0.371103 0.130396 0.188702 0.854945
0 0.854566 0.327933 0.0822646 0.140868 0.849674
0 0.430061 0.866447 0.0905494 0.259601 0.803125
0 0.773451 0.318598 0.060106 0.116666 0.802114
0 0.634461 0.282616 0.032884 0.060488 0.608055
0 0.610276 0.283852 0.0259722 0.0566768 0.562101
0 0.742007 0.752912 0.0489772 0.0697115 0.556168
0 0.512247 0.930381 0.0658827 0.0948906 0.532256
0 0.813538 0.305665 0.0386859 0.105371 0.480138
0 0.731022 0.757301 0.0724815 0.0788099 0.435431
0 0.674076 0.279859 0.0287375 0.0377389 0.422626
0 0.739059 0.278627 0.0352327 0.0525334 0.352659
0 0.792854 0.26746 0.0247694 0.0365344 0.255741
0 0.571742 0.277054 0.0238747 0.0443398 0.252552
0 0.434022 0.747068 0.0393557 0.0435791 0.222454
0 0.405927 0.745993 0.0194478 0.04864 0.156961
0 0.814361 0.285362 0.0367994 0.0666192 0.1211
0 0.569447 0.916687 0.0572875 0.0881688 0.0883439
0 0.455959 0.749622 0.0155072 0.0459044 0.0871354
0 0.740805 0.298053 0.0350789 0.0773698 0.0657864
0 0.74055 0.287009 0.0338097 0.0444364 0.0558867
0 0.098891 0.277218 0.0211679 0.0312581 0.0522518
0 0.568971 0.280499 0.0283873 0.0526308 0.0518578
0 0.710111 0.774616 0.118187 0.113834 0.0500685
