0 0.919919 0.547821 0.0867981 0.408269 0.512822
0 0.804696 0.669545 0.0967043 0.329061 0.51275
0 0.251333 0.666912 0.0823402 0.304963 0.466563
0 0.186357 0.672815 0.0840143 0.317263 0.418546
0 0.323045 0.487249 0.0697448 0.209012 0.387942
0 0.689586 0.678383 0.0877968 0.319442 0.379216
0 0.614076 0.666228 0.0810354 0.305796 0.369526
0 0.13753 0.662204 0.0781503 0.317604 0.367978
0 0.0848861 0.585653 0.0742416 0.394873 0.362677
0 0.59127 0.480238 0.0677431 0.232017 0.359521
0 0.653753 0.488734 0.0686199 0.213449 0.353616
0 0.888239 0.681407 0.11089 0.329371 0.353034
0 0.861867 0.475162 0.0751575 0.232752 0.348338
0 0.326816 0.659136 0.110536 0.277426 0.346599
0 0.530834 0.485816 0.0644958 0.230401 0.326173
0 0.551967 0.679022 0.0706569 0.274557 0.294454
0 0.380243 0.482725 0.059048 0.204183 0.292945
0 0.745121 0.668402 0.0628604 0.290902 0.28271
0 0.461428 0.488572 0.071735 0.212282 0.282414
0 0.48973 0.668569 0.076412 0.284598 0.267048
0 0.437308 0.66102 0.0897575 0.286704 0.261099
0 0.41705 0.490141 0.0552423 0.207715 0.259738
0 0.147629 0.479034 0.0653823 0.181668 0.251427
0 0.767132 0.480372 0.0810665 0.213862 0.244208
0 0.278557 0.493054 0.0566606 0.206106 0.232046
0 0.232127 0.492555 0.059443 0.185429 0.21281
0 0.701594 0.48331 0.0641207 0.212003 0.194445
0 0.187345 0.480762 0.0667815 0.181652 0.187521
0 0.376452 0.661298 0.0629423 0.279336 0.169576
0 0.808994 0.440788 0.0652332 0.165872 0.165759
0 0.556933 0.393792 0.0368548 0.095661 0.0866522
0 0.726554 0.396319 0.039051 0.104098 0.0644206
0 0.494325 0.415181 0.046566 0.125811 0.0608446
0 0.698595 0.448737 0.0583428 0.145888 0.0553842
0 0.635244 0.393617 0.0744825 0.111395 0.0540679
