0 0.312856 0.582111 0.135123 0.471679 0.887564
0 0.926363 0.60033 0.146608 0.550776 0.866328
0 0.208823 0.602411 0.156683 0.652572 0.846339
0 0.518816 0.58808 0.121933 0.502497 0.829411
0 0.690744 0.633621 0.171775 0.597645 0.826586
0 0.125862 0.565679 0.0897227 0.43483 0.757241
0 0.0551086 0.54776 0.0933664 0.416518 0.740783
0 0.808952 0.54425 0.104532 0.359164 0.707848
0 0.773855 0.527974 0.0499488 0.283318 0.541716
0 0.391457 0.49998 0.045488 0.252897 0.491755
0 0.986869 0.579691 0.0255352 0.455629 0.421341
0 0.62166 0.546332 0.0647207 0.346208 0.269867
0 0.485777 0.571743 0.0707264 0.397685 0.211586
0 0.229411 0.560681 0.0771184 0.387918 0.179304
0 0.27544 0.443063 0.0390631 0.149951 0.176858
0 0.247759 0.488182 0.0410864 0.241766 0.155479
0 0.484621 0.422321 0.0678276 0.0987501 0.0988189
0 0.647194 0.620774 0.100113 0.524077 0.0969203
0 0.987429 0.503711 0.0245529 0.308568 0.091701
0 0.649562 0.550698 0.0900927 0.384953 0.0714668
0 0.863194 0.626846 0.0818901 0.467045 0.0703331
0 0.906561 0.630331 0.166961 0.477202 0.0652433
0 0.985393 0.634814 0.0286133 0.353352 0.0609099
0 0.623193 0.620297 0.062153 0.515853 0.0579933
0 0.859012 0.756591 0.0745195 0.217727 0.0578602
