0 0.284186 0.623679 0.166383 0.704041 0.898552
0 0.948958 0.611711 0.101415 0.701572 0.883778
0 0.629905 0.592043 0.159206 0.758724 0.852351
0 0.452006 0.611439 0.159849 0.7215 0.835109
0 0.804271 0.614367 0.144636 0.709992 0.830777
0 0.115646 0.616433 0.153299 0.684549 0.788122
0 0.0226384 0.255788 0.0452213 0.24585 0.158378
0 0.0222202 0.188071 0.0444404 0.110274 0.128031
0 0.480941 0.209601 0.0487205 0.130584 0.123456
0 0.5439 0.457555 0.0635654 0.344687 0.11213
0 0.291284 0.225918 0.0483937 0.0845737 0.104314
0 0.304234 0.177321 0.0389334 0.0684983 0.0765361
0 0.376951 0.231425 0.0423629 0.0882763 0.067137
0 0.431747 0.215945 0.056654 0.104862 0.0671121
0 0.925497 0.241118 0.0466738 0.114849 0.0500464
