0 0.656917 0.662223 0.0546806 0.284508 0.869462
0 0.941027 0.613112 0.0592419 0.24351 0.848938
0 0.479541 0.593167 0.0381031 0.170383 0.764398
0 0.444138 0.585546 0.0358281 0.16484 0.734524
0 0.544006 0.578065 0.0354067 0.159282 0.694006
0 0.409559 0.604505 0.0432486 0.176032 0.680053
0 0.982904 0.565837 0.0334743 0.187217 0.618704
0 0.506663 0.571585 0.0298779 0.157575 0.612867
0 0.371667 0.58974 0.0358469 0.172355 0.611084
0 0.611864 0.569368 0.037989 0.1583 0.587352
0 0.571244 0.56421 0.0293316 0.139051 0.555332
0 0.526634 0.556355 0.0227696 0.154886 0.40989
0 0.320862 0.611467 0.0394994 0.19031 0.371332
0 0.674114 0.546044 0.0417587 0.175759 0.263735
0 0.291289 0.599923 0.0337357 0.170362 0.246583
0 0.589597 0.544883 0.0250902 0.134004 0.228455
0 0.236692 0.576311 0.0334677 0.160115 0.204062
0 0.265047 0.590571 0.0329783 0.162284 0.19858
0 0.0163302 0.897994 0.0323723 0.192912 0.136768
0 0.62674 0.553004 0.0224482 0.134714 0.118947
0 0.459561 0.558315 0.0287497 0.139017 0.117752
0 0.21043 0.572218 0.0258315 0.150657 0.0986791
0 0.626983 0.519689 0.0223937 0.0724424 0.0766618
0 0.345229 0.557829 0.0239034 0.137298 0.0760792
0 0.425974 0.511042 0.0208984 0.0604559 0.0753959
0 0.990639 0.525289 0.0180511 0.15045 0.0718036
0 0.472048 0.496662 0.021756 0.0479487 0.0613177
0 0.42442 0.565081 0.021478 0.158676 0.0542175
