0 0.882709 0.494623 0.0664782 0.355145 0.631287
0 0.737643 0.506897 0.0636698 0.343953 0.588509
0 0.440677 0.551548 0.070074 0.281955 0.587694
0 0.185951 0.471942 0.0535098 0.338406 0.565167
0 0.829514 0.507401 0.0564877 0.344441 0.507511
0 0.591393 0.555678 0.067576 0.287376 0.478658
0 0.785096 0.508173 0.0552919 0.333358 0.458608
0 0.367605 0.550405 0.0682781 0.262053 0.451359
0 0.0760651 0.471737 0.0526891 0.324429 0.419128
0 0.109366 0.481892 0.0596659 0.307326 0.41001
0 0.515896 0.554015 0.0741585 0.268142 0.401297
0 0.289836 0.539075 0.0798812 0.286865 0.387034
0 0.669385 0.561245 0.0732494 0.277236 0.381884
0 0.239535 0.486075 0.0620116 0.331693 0.256132
0 0.151348 0.47364 0.0426438 0.329902 0.239431
0 0.691498 0.425692 0.0448721 0.206008 0.231495
0 0.480262 0.420598 0.0505163 0.216815 0.174144
0 0.403713 0.486365 0.0585069 0.360774 0.150565
0 0.559086 0.427686 0.0435772 0.198057 0.142344
0 0.403381 0.416568 0.0578968 0.225509 0.130776
0 0.692958 0.493577 0.0495834 0.34426 0.128853
0 0.515493 0.392986 0.05184 0.172554 0.12313
0 0.646609 0.428922 0.0442278 0.156629 0.122951
0 0.328254 0.420786 0.0405863 0.194447 0.0922699
0 0.437066 0.407513 0.0456131 0.129373 0.0919781
0 0.600994 0.420103 0.0570868 0.168277 0.0854589
0 0.64554 0.51546 0.0473049 0.328933 0.0829196
0 0.479815 0.494821 0.0516603 0.372613 0.0815192
0 0.22401 0.477257 0.0387686 0.327176 0.0804716
0 0.557968 0.504089 0.0453053 0.353813 0.0755255
0 0.62194 0.369629 0.0299505 0.0900467 0.065621
0 0.358049 0.419596 0.0416787 0.142441 0.0632851
0 0.298703 0.386877 0.0379602 0.140592 0.0593647
0 0.66804 0.36129 0.0306547 0.0958791 0.0541761
0 0.602246 0.483962 0.0602392 0.299799 0.050046
