0 0.718031 0.69787 0.0823966 0.413897 0.693003
0 0.34357 0.656244 0.0585599 0.346833 0.537865
0 0.0364501 0.506734 0.0567321 0.311485 0.535672
0 0.847324 0.613392 0.0648575 0.32684 0.511864
0 0.220514 0.585576 0.0695872 0.331481 0.468533
0 0.0940949 0.533081 0.0664937 0.312841 0.458173
0 0.778745 0.342822 0.0569634 0.327689 0.451506
0 0.71969 0.0689657 0.0423387 0.137931 0.434036
0 0.152272 0.553318 0.0614636 0.311801 0.428395
0 0.571495 0.66252 0.0656551 0.35547 0.405984
0 0.450429 0.712142 0.0694523 0.349597 0.399836
0 0.62076 0.604309 0.0675665 0.321448 0.396895
0 0.286184 0.620097 0.0606219 0.342533 0.393495
0 0.499757 0.627393 0.059399 0.332406 0.326769
0 0.410483 0.585515 0.0627243 0.318828 0.294239
0 0.296514 0.235219 0.0444967 0.155435 0.203919
0 0.751839 0.644738 0.0442705 0.348512 0.182417
0 0.256984 0.518786 0.0444463 0.318985 0.171437
0 0.867732 0.482232 0.0673072 0.261094 0.163612
0 0.664442 0.537119 0.0557896 0.300425 0.157966
0 0.868434 0.535507 0.0671475 0.363694 0.140867
0 0.479261 0.531662 0.0401587 0.302985 0.126253
0 0.538911 0.568298 0.0400873 0.289897 0.111696
0 0.425509 0.418035 0.0485309 0.223286 0.111124
0 0.319686 0.449205 0.0507236 0.236352 0.104704
0 0.57625 0.446781 0.0432251 0.175365 0.0991746
0 0.200748 0.483477 0.0600239 0.304758 0.0809962
0 0.743532 0.613726 0.0601104 0.408668 0.0801234
0 0.375137 0.341809 0.0443655 0.127005 0.0779542
0 0.385669 0.50205 0.0405023 0.300772 0.0673814
0 0.0164892 0.388555 0.0329784 0.246217 0.0653718
0 0.508433 0.414335 0.0351326 0.143793 0.0611877
0 0.297253 0.352656 0.0383558 0.19635 0.0540101
