0 0.492733 0.591695 0.222182 0.749836 0.889406
0 0.162965 0.604816 0.115017 0.631418 0.801404
0 0.678361 0.57048 0.115478 0.566931 0.695579
0 0.268333 0.609184 0.131448 0.5497 0.663473
0 0.767138 0.584975 0.127743 0.61708 0.65785
0 0.624737 0.569368 0.0824005 0.555027 0.567581
0 0.319891 0.598967 0.0743197 0.477195 0.330108
0 0.561282 0.581397 0.0708949 0.520101 0.285546
0 0.0275217 0.567084 0.0422226 0.165559 0.256783
0 0.97051 0.481336 0.0527363 0.258219 0.242805
0 0.887511 0.463354 0.0411892 0.24749 0.230141
0 0.855506 0.511047 0.0410514 0.173134 0.21809
0 0.418839 0.606478 0.0628702 0.430952 0.180619
0 0.0580898 0.441464 0.0381372 0.178977 0.158056
0 0.0844724 0.421268 0.0354232 0.130364 0.154639
0 0.856625 0.421843 0.0362568 0.0787824 0.139046
0 0.961507 0.490521 0.0700002 0.271721 0.116861
0 0.926927 0.472411 0.0410222 0.219518 0.112306
0 0.422631 0.552948 0.0740751 0.540204 0.0913317
0 0.0910099 0.50254 0.0465716 0.110469 0.0905476
0 0.357239 0.592793 0.0417389 0.40001 0.0847932
0 0.0476825 0.462144 0.03453 0.151799 0.080881
0 0.0353116 0.454663 0.0560321 0.14863 0.0762297
0 0.0243543 0.441672 0.0482999 0.16524 0.0754956
0 0.927476 0.423532 0.0386814 0.117406 0.0716227
0 0.993017 0.462319 0.0133708 0.242819 0.0610468
0 0.919751 0.555985 0.0346468 0.089628 0.0563108
0 0.0913674 0.532985 0.0475731 0.168727 0.0539017
0 0.00628602 0.535748 0.012572 0.216196 0.0514299
