0 0.102321 0.694529 0.0827028 0.448965 0.821764
0 0.0377039 0.702341 0.0752622 0.456101 0.801489
0 0.310214 0.666443 0.0766503 0.43065 0.771841
0 0.180036 0.674628 0.0918359 0.451532 0.735558
0 0.39467 0.672126 0.0747603 0.436401 0.729854
0 0.710961 0.736324 0.0693477 0.319468 0.687631
0 0.452475 0.671955 0.0702303 0.415983 0.680086
0 0.956211 0.644762 0.0793339 0.401392 0.634097
0 0.530423 0.746387 0.0644369 0.328581 0.620019
0 0.876728 0.648273 0.0789852 0.391309 0.607689
0 0.824182 0.723926 0.0760971 0.331219 0.577486
0 0.586798 0.725384 0.0627094 0.312156 0.56416
0 0.988192 0.641193 0.0229456 0.368009 0.521651
0 0.249231 0.714726 0.0717144 0.35059 0.503198
0 0.731608 0.668579 0.0680689 0.394745 0.472974
0 0.595604 0.545122 0.094965 0.202284 0.368879
0 0.802982 0.634778 0.0677237 0.356181 0.341339
0 0.51435 0.668476 0.0714001 0.403736 0.283427
0 0.675106 0.716995 0.043726 0.302151 0.238696
0 0.67668 0.543251 0.0560579 0.181925 0.222088
0 0.357609 0.661019 0.0345283 0.364062 0.179164
0 0.639017 0.550983 0.0460588 0.178854 0.174938
0 0.628106 0.7341 0.0472201 0.284445 0.165896
0 0.802551 0.554667 0.0671566 0.196793 0.153213
0 0.988931 0.585896 0.0215153 0.260445 0.0899145
0 0.261861 0.561861 0.0433598 0.146944 0.0875074
0 0.595047 0.65574 0.0950221 0.423854 0.0825206
0 0.212171 0.660564 0.0399813 0.366134 0.0657751
0 0.513659 0.610595 0.0701183 0.287978 0.0622476
0 0.262661 0.61913 0.0457953 0.262399 0.0580846
0 0.211735 0.540723 0.03838 0.130724 0.0512916
0 0.67654 0.655552 0.0585394 0.407669 0.050888
