0 0.145526 0.672005 0.0711621 0.267891 0.880967
0 0.575802 0.655514 0.11027 0.442493 0.863492
0 0.882965 0.679227 0.0922775 0.272559 0.855435
0 0.453721 0.668629 0.107687 0.41654 0.775959
0 0.944133 0.670629 0.0779375 0.294545 0.754314
0 0.391948 0.669777 0.0807058 0.362943 0.738592
0 0.812308 0.674551 0.0731672 0.36675 0.685639
0 0.680145 0.670968 0.0908981 0.360602 0.683226
0 0.346636 0.677344 0.0735689 0.260268 0.556069
0 0.759048 0.677498 0.065159 0.269682 0.527237
0 0.280525 0.673079 0.106229 0.343215 0.50752
0 0.231034 0.673342 0.0529841 0.257891 0.494535
0 0.5276 0.667265 0.0540414 0.359486 0.244263
0 0.280784 0.613852 0.0698334 0.225864 0.172867
0 0.627372 0.680545 0.0467083 0.239164 0.140209
0 0.492348 0.697193 0.0437164 0.309941 0.0916747
0 0.977246 0.762835 0.0187448 0.0404573 0.0696281
0 0.523996 0.589422 0.0442803 0.203878 0.0692294
0 0.489118 0.663297 0.0492022 0.399588 0.0636583
0 0.232749 0.592139 0.0480868 0.095178 0.0516094
