0 0.324043 0.711748 0.122332 0.567442 0.900149
0 0.436543 0.700067 0.0997079 0.45369 0.84515
0 0.86015 0.615048 0.0687694 0.273082 0.773873
0 0.220175 0.625443 0.0631941 0.342013 0.625082
0 0.545947 0.620784 0.0577589 0.280368 0.547237
0 0.127439 0.587507 0.0409493 0.172335 0.527678
0 0.392354 0.675459 0.0584198 0.432488 0.444566
0 0.657774 0.602075 0.048674 0.235873 0.370959
0 0.774831 0.62228 0.0515253 0.19394 0.338586
0 0.714999 0.613964 0.0484638 0.237844 0.334047
0 0.616342 0.610889 0.0380917 0.212176 0.308015
0 0.503163 0.589105 0.04239 0.201986 0.280127
0 0.0701904 0.543358 0.0359246 0.112559 0.193346
0 0.714765 0.576238 0.0464378 0.161481 0.163962
0 0.0379732 0.539266 0.0348849 0.119943 0.146181
0 0.818512 0.611439 0.0397457 0.17494 0.135377
0 0.776232 0.530077 0.0525593 0.0928312 0.107858
0 0.776847 0.590447 0.0543644 0.213638 0.0827528
0 0.0974811 0.549779 0.0231804 0.0937037 0.0815903
0 0.0885591 0.610358 0.0393192 0.104568 0.0729419
0 0.0115124 0.543593 0.0228877 0.121354 0.0715557
0 0.587625 0.600174 0.0318352 0.200154 0.0675195
0 0.0280717 0.599794 0.0558565 0.0933349 0.0654168
0 0.52451 0.518421 0.0278426 0.0674946 0.0632467
0 0.191105 0.586218 0.0321774 0.171269 0.0618402
0 0.687259 0.525366 0.0235413 0.047821 0.0567926
0 0.00722031 0.543025 0.0144406 0.115357 0.0541916
0 0.776081 0.552359 0.0534979 0.136657 0.0537017
