0 0.94702 0.692417 0.10521 0.603378 0.914818
0 0.725004 0.724131 0.195539 0.525333 0.905489
0 0.288841 0.730911 0.135068 0.519385 0.899272
0 0.558663 0.739878 0.132103 0.515978 0.866994
0 0.0774003 0.638191 0.0575466 0.419619 0.862915
0 0.397463 0.646899 0.0672208 0.371418 0.862675
0 0.22124 0.677634 0.0683571 0.394109 0.856205
0 0.503547 0.638117 0.0981237 0.414334 0.816263
0 0.615276 0.608948 0.0642941 0.311497 0.722963
0 0.863797 0.689619 0.126151 0.439181 0.613946
0 0.0858319 0.297383 0.0613054 0.19443 0.413552
0 0.47495 0.385212 0.0526608 0.182626 0.400089
0 0.420011 0.338049 0.0504071 0.216597 0.390943
0 0.476332 0.574487 0.0501087 0.273811 0.379833
0 0.47644 0.517629 0.0501748 0.161359 0.284081
0 0.140403 0.286694 0.0338147 0.186499 0.214526
0 0.401428 0.260067 0.0295667 0.119329 0.188653
0 0.444519 0.283451 0.0351871 0.178498 0.172631
0 0.477079 0.493961 0.0494967 0.114044 0.0640625
