0 0.083213 0.641034 0.166272 0.7014 0.929629
0 0.325515 0.693852 0.160991 0.596121 0.885896
0 0.864333 0.449988 0.137499 0.309332 0.866271
0 0.450666 0.46649 0.100186 0.269991 0.859712
0 0.20555 0.684985 0.117471 0.59876 0.853815
0 0.712725 0.459423 0.101795 0.285949 0.841909
0 0.625099 0.473053 0.0881331 0.25489 0.792916
0 0.545859 0.460547 0.0961158 0.276857 0.675984
0 0.248489 0.415463 0.0391374 0.146873 0.638699
0 0.383892 0.454783 0.0670338 0.232606 0.573345
0 0.293466 0.420893 0.0753933 0.170355 0.400833
0 0.336233 0.377566 0.031418 0.0764651 0.346513
0 0.545963 0.575192 0.0972578 0.509703 0.279997
0 0.282889 0.422345 0.0499618 0.16983 0.268231
0 0.00607865 0.373337 0.0121573 0.0859531 0.247195
0 0.865293 0.567713 0.140445 0.543757 0.222086
0 0.138114 0.47082 0.0559678 0.0922083 0.122578
0 0.183054 0.415353 0.039837 0.0870713 0.110399
0 0.0075783 0.590661 0.0150557 0.518996 0.106586
0 0.0230723 0.614075 0.0459691 0.56439 0.0877289
0 0.148945 0.448686 0.0794824 0.145309 0.0867916
0 0.00706634 0.386026 0.0140659 0.110741 0.0745608
