0 0.434104 0.731621 0.0517072 0.253082 0.798096
0 0.174029 0.702553 0.0478001 0.159522 0.777228
0 0.468625 0.721543 0.0306824 0.240048 0.765963
0 0.493572 0.760401 0.0305714 0.182756 0.728595
0 0.0144275 0.698028 0.028827 0.11961 0.70123
0 0.243397 0.711646 0.0359159 0.114986 0.5934
0 0.851619 0.690409 0.0260853 0.124778 0.545379
0 0.258609 0.699411 0.0247499 0.136119 0.472336
0 0.688452 0.711521 0.0364832 0.16467 0.248247
0 0.796879 0.688486 0.0222961 0.122918 0.221788
0 0.527374 0.682051 0.0273141 0.0742852 0.158885
0 0.794241 0.65525 0.017041 0.0573171 0.136358
0 0.858085 0.691056 0.0402039 0.127869 0.120634
0 0.832407 0.65568 0.0286678 0.0532285 0.0924579
0 0.78486 0.690931 0.0475984 0.127169 0.0920487
0 0.64665 0.760319 0.0254173 0.136849 0.0917201
0 0.726391 0.701731 0.0281734 0.164922 0.0895649
0 0.682997 0.709713 0.0270891 0.155761 0.0882587
0 0.174166 0.668069 0.0462951 0.0894446 0.0871581
0 0.690008 0.678286 0.0337669 0.10063 0.0682124
0 0.727167 0.648065 0.0182938 0.056627 0.0581084
0 0.248324 0.660628 0.014094 0.0580592 0.0572045
