0 0.330546 0.742797 0.193834 0.258482 0.809868
0 0.631176 0.83298 0.165939 0.239694 0.806052
0 0.198837 0.794768 0.171143 0.256692 0.802324
0 0.45826 0.841187 0.144359 0.277043 0.787702
0 0.491272 0.671679 0.109022 0.184055 0.620581
0 0.389156 0.729842 0.0952568 0.250075 0.416353
0 0.642796 0.55504 0.0590172 0.135019 0.402167
0 0.73936 0.575099 0.0773237 0.131744 0.382993
0 0.283588 0.579899 0.117236 0.126804 0.253342
0 0.307396 0.48012 0.0565428 0.0823968 0.247351
0 0.103727 0.739017 0.142602 0.232547 0.200393
0 0.104549 0.685533 0.142609 0.125845 0.182923
0 0.662955 0.752145 0.107183 0.141786 0.146211
0 0.572945 0.549299 0.0648035 0.138237 0.135429
0 0.51174 0.555905 0.0729506 0.108882 0.128092
0 0.642783 0.754779 0.147421 0.147521 0.127255
0 0.518245 0.567918 0.0857972 0.133518 0.114164
0 0.187335 0.547887 0.0660687 0.0915314 0.110768
0 0.44146 0.590868 0.0843271 0.148457 0.103515
0 0.390256 0.653945 0.0930357 0.098065 0.0911524
0 0.449141 0.575233 0.069633 0.116668 0.0758874
0 0.493405 0.714638 0.114539 0.270296 0.0757021
0 0.125354 0.566992 0.080998 0.113502 0.074806
0 0.0480104 0.576978 0.0922689 0.143943 0.0715685
0 0.184982 0.622299 0.131382 0.105578 0.0685396
0 0.414676 0.510869 0.0695273 0.0732851 0.0676528
0 0.634354 0.781707 0.164425 0.202978 0.0645771
0 0.283228 0.470306 0.0558962 0.0813829 0.0613245
0 0.48332 0.507682 0.0508798 0.0594276 0.0588635
