0 0.451148 0.608325 0.256402 0.765232 0.931257
0 0.181077 0.289972 0.0829694 0.326321 0.821209
0 0.746933 0.482129 0.127699 0.538733 0.805808
0 0.0863097 0.318685 0.12042 0.393465 0.793686
0 0.89078 0.44462 0.112343 0.292401 0.787264
0 0.286068 0.289814 0.0526274 0.235283 0.603031
0 0.241686 0.272889 0.0329644 0.182041 0.475224
0 0.0336214 0.345552 0.0672429 0.431722 0.43593
0 0.9573 0.560835 0.0846981 0.358071 0.434991
0 0.956701 0.372113 0.085878 0.734248 0.423395
0 0.505073 0.307683 0.0519066 0.226989 0.421721
0 0.907333 0.189902 0.0395615 0.0845252 0.338948
0 0.833852 0.297444 0.0474306 0.204012 0.327685
0 0.221586 0.261092 0.0310654 0.189276 0.287959
0 0.95701 0.485137 0.0853474 0.50672 0.260482
0 0.324198 0.278972 0.0382936 0.182094 0.25481
0 0.960076 0.219501 0.0789935 0.427435 0.228755
0 0.898184 0.235807 0.0429188 0.0618854 0.169819
0 0.881198 0.302656 0.0769569 0.12507 0.133369
0 0.93773 0.296888 0.0458315 0.235947 0.120956
0 0.833904 0.25263 0.0451099 0.113411 0.117471
0 0.886122 0.283959 0.0777081 0.147212 0.103914
0 0.898984 0.247999 0.0428528 0.0882768 0.0997644
0 0.955085 0.303412 0.0759323 0.264489 0.0988189
0 0.136416 0.269747 0.0415948 0.290878 0.0801566
0 0.137833 0.201373 0.0403708 0.153194 0.0721562
0 0.937407 0.228346 0.042827 0.100897 0.0714417
0 0.890106 0.233386 0.0312843 0.0581749 0.0687823
0 0.960392 0.145394 0.0783516 0.280034 0.0668287
0 0.979598 0.33721 0.0399582 0.232447 0.0666053
0 0.892222 0.253597 0.0550392 0.0984464 0.0580095
0 0.941226 0.306202 0.0590206 0.268733 0.0575296
