0 0.282975 0.625649 0.107246 0.491572 0.912497
0 0.866516 0.661648 0.14259 0.466573 0.888664
0 0.616895 0.582106 0.0465429 0.266268 0.787031
0 0.370157 0.535962 0.0435407 0.202877 0.690823
0 0.442981 0.557557 0.0738113 0.169053 0.660153
0 0.0645005 0.631907 0.128591 0.478109 0.655201
0 0.76024 0.646498 0.0720251 0.238814 0.646513
0 0.58166 0.562084 0.0457873 0.241317 0.64298
0 0.539044 0.506834 0.0484768 0.199204 0.585899
0 0.501126 0.522976 0.0383293 0.126782 0.508515
0 0.148093 0.728997 0.0966781 0.213911 0.395394
0 0.539931 0.563419 0.0499702 0.31588 0.356459
0 0.244561 0.544818 0.0508583 0.241877 0.349372
0 0.0426778 0.656175 0.0851624 0.427693 0.238645
0 0.105573 0.734916 0.0942476 0.21537 0.217731
0 0.121875 0.731699 0.0831087 0.2103 0.160306
0 0.0103539 0.834106 0.0205032 0.319698 0.156481
0 0.122849 0.527205 0.0442779 0.177482 0.14676
0 0.113052 0.688982 0.0637919 0.122268 0.144423
0 0.0341877 0.684936 0.0683753 0.372316 0.128173
0 0.65104 0.554009 0.0334765 0.189145 0.126155
0 0.245523 0.603347 0.0520211 0.358627 0.113249
0 0.0100115 0.755133 0.0200231 0.16443 0.0943188
0 0.734511 0.564946 0.0448266 0.148045 0.0901606
0 0.775135 0.589083 0.0418352 0.120087 0.0790884
0 0.0838812 0.553986 0.0562514 0.314284 0.0747591
0 0.0874368 0.475615 0.0329376 0.145127 0.0526792
0 0.407337 0.539293 0.0238823 0.141289 0.052679
