0 0.0920935 0.652132 0.108291 0.440572 0.797777
0 0.759896 0.649367 0.0517095 0.425893 0.659237
0 0.813474 0.592214 0.0712558 0.349476 0.585342
0 0.886261 0.641525 0.0803864 0.499931 0.512189
0 0.225686 0.60516 0.0497514 0.0728098 0.508672
0 0.266674 0.574929 0.0433285 0.123047 0.386252
0 0.396956 0.654072 0.0557387 0.176364 0.357618
0 0.179132 0.592648 0.0579979 0.0938913 0.336876
0 0.295606 0.611953 0.0566419 0.0633256 0.296842
0 0.716532 0.650111 0.0503695 0.230344 0.29179
0 0.886012 0.567217 0.0803547 0.350894 0.249346
0 0.353343 0.60487 0.0605009 0.0702575 0.235647
0 0.971329 0.663619 0.056112 0.130127 0.218598
0 0.55708 0.669166 0.0810595 0.173044 0.21012
0 0.561273 0.720394 0.0898756 0.276445 0.187451
0 0.471701 0.602373 0.0797389 0.145015 0.13194
0 0.808802 0.636389 0.0920563 0.436291 0.119808
0 0.645659 0.65697 0.0807469 0.181742 0.118328
0 0.61354 0.600081 0.0281945 0.0509923 0.0935533
0 0.517504 0.635241 0.0612233 0.14252 0.0895211
0 0.939794 0.657513 0.0300384 0.101581 0.0651844
0 0.0562231 0.623837 0.0358058 0.0529486 0.05735
0 0.569272 0.665006 0.05278 0.164097 0.0518439
0 0.294605 0.641652 0.0568577 0.124946 0.0511046
