0 0.525688 0.708395 0.102071 0.392739 0.861686
0 0.929408 0.758563 0.134888 0.439283 0.852242
0 0.793153 0.754517 0.1254 0.443955 0.838181
0 0.0496372 0.596544 0.0790064 0.32723 0.825275
0 0.622436 0.670835 0.0822628 0.374487 0.762955
0 0.254458 0.497714 0.0578958 0.197908 0.728468
0 0.700174 0.713624 0.0756092 0.303399 0.597463
0 0.390126 0.519488 0.0398907 0.13389 0.58431
0 0.313389 0.521802 0.0535484 0.163729 0.433232
0 0.290623 0.512578 0.0417074 0.167427 0.329974
0 0.859762 0.69776 0.0870016 0.404746 0.287004
0 0.325469 0.521913 0.0321232 0.162103 0.168638
0 0.202391 0.523772 0.0314935 0.142393 0.164593
0 0.369121 0.510965 0.0347952 0.137066 0.101955
0 0.302346 0.519342 0.0342394 0.165093 0.0917314
0 0.359848 0.509159 0.0521664 0.14644 0.0908805
0 0.739222 0.351609 0.0343336 0.0571795 0.0796352
0 0.99096 0.680711 0.0174477 0.156814 0.0677395
0 0.354083 0.509683 0.0380355 0.139417 0.0614584
