0 0.512249 0.56878 0.443953 0.859565 0.913433
0 0.0874905 0.517293 0.105727 0.272058 0.89397
0 0.949676 0.520698 0.0997149 0.176661 0.848002
0 0.79169 0.335277 0.0621622 0.064204 0.821057
0 0.053945 0.584908 0.107733 0.373547 0.808602
0 0.807382 0.522001 0.118525 0.176531 0.806751
0 0.94716 0.31743 0.0527319 0.0944628 0.798295
0 0.873849 0.330905 0.0620068 0.0742661 0.766612
0 0.741011 0.522559 0.0652186 0.172763 0.731911
0 0.221775 0.522608 0.0715386 0.147647 0.653829
0 0.154401 0.331574 0.0502824 0.0695106 0.499457
0 0.0682645 0.330231 0.0542739 0.0679415 0.459684
0 0.193155 0.336554 0.0357481 0.0620746 0.408628
0 0.120409 0.330697 0.0385845 0.068966 0.384657
0 0.322943 0.516264 0.0532289 0.147274 0.365562
0 0.26964 0.328348 0.0566084 0.0680236 0.321079
0 0.203862 0.522661 0.107839 0.147107 0.277128
0 0.970561 0.576752 0.0578763 0.078708 0.214543
0 0.335208 0.340744 0.0536192 0.0522816 0.198321
0 0.0152548 0.330476 0.0304807 0.0654969 0.155854
0 0.946973 0.359144 0.0537356 0.177794 0.108603
0 0.873643 0.370865 0.0622061 0.154243 0.106278
0 0.335545 0.38006 0.0555039 0.130786 0.0916415
0 0.148759 0.486957 0.037928 0.105144 0.0853201
0 0.79106 0.373332 0.0620041 0.140898 0.0771854
