0 0.530896 0.674642 0.666394 0.623058 0.954502
0 0.0868927 0.77741 0.173571 0.438784 0.918489
0 0.836598 0.722635 0.326078 0.54533 0.694719
0 0.383719 0.759508 0.136462 0.474922 0.660277
0 0.111294 0.797629 0.10461 0.401552 0.659753
0 0.951195 0.742014 0.0968101 0.482559 0.642445
0 0.681801 0.738773 0.110844 0.520403 0.505998
0 0.282899 0.775128 0.165091 0.410501 0.468784
0 0.709528 0.735421 0.168317 0.528189 0.437294
0 0.951703 0.675733 0.0950842 0.340092 0.398188
0 0.15807 0.755092 0.0840909 0.322587 0.382834
0 0.258855 0.714259 0.0501584 0.282793 0.374579
0 0.216253 0.711025 0.0577561 0.218207 0.282602
0 0.754748 0.688392 0.0795603 0.424913 0.144233
0 0.889418 0.747781 0.0830616 0.476136 0.140355
0 0.965865 0.664153 0.046694 0.335283 0.128085
0 0.900255 0.672346 0.0995895 0.326637 0.118416
0 0.937777 0.665577 0.0798948 0.309078 0.117892
0 0.924022 0.675592 0.0627338 0.24829 0.0891026
0 0.286667 0.740849 0.034659 0.26871 0.06128
0 0.958013 0.672305 0.0566782 0.311535 0.0565455
0 0.317091 0.587698 0.0296141 0.0499251 0.0559427
