0 0.714456 0.512102 0.271904 0.958047 0.931122
0 0.154957 0.478034 0.188305 0.874952 0.893406
0 0.271154 0.401734 0.146631 0.747918 0.892764
0 0.895623 0.160736 0.0628929 0.204706 0.865022
0 0.493687 0.18293 0.205767 0.346256 0.81885
0 0.328789 0.167229 0.0685622 0.150598 0.805003
0 0.222225 0.133175 0.0422504 0.110222 0.75832
0 0.603835 0.180258 0.0670765 0.22013 0.735436
0 0.845683 0.150672 0.030619 0.129469 0.562691
0 0.389503 0.15869 0.0389877 0.16652 0.542058
0 0.353026 0.155809 0.0394671 0.156091 0.489681
0 0.493142 0.480166 0.207425 0.939868 0.451976
0 0.957962 0.109826 0.0148499 0.066649 0.394221
0 0.424738 0.143441 0.0421535 0.122385 0.386062
0 0.784938 0.126216 0.0911475 0.22564 0.355459
0 0.0373964 0.191258 0.0259336 0.105641 0.334929
0 0.870479 0.127068 0.0172341 0.114805 0.222998
0 0.584245 0.164409 0.0437107 0.213542 0.143365
0 0.593968 0.149124 0.0632829 0.243602 0.140477
0 0.549968 0.158977 0.046104 0.188709 0.140462
0 0.551621 0.134884 0.0418679 0.126095 0.138031
0 0.188649 0.188633 0.0524617 0.125533 0.118096
0 0.825753 0.151369 0.0198084 0.139841 0.113897
0 0.866942 0.126559 0.0244552 0.116764 0.0961006
0 0.361452 0.157934 0.0570101 0.152444 0.0866681
0 0.735067 0.193423 0.191865 0.354404 0.0794
0 0.193582 0.174025 0.0424825 0.144072 0.0779953
0 0.461386 0.132666 0.140986 0.244682 0.0773825
0 0.926731 0.11711 0.0171021 0.0996936 0.0724261
0 0.195238 0.195258 0.0392949 0.11356 0.0692323
0 0.683304 0.29781 0.0748455 0.129595 0.0585515
0 0.270714 0.137761 0.136713 0.221126 0.0519424
