0 0.0277941 0.701559 0.0477378 0.289369 0.391874
0 0.883524 0.782232 0.0503471 0.16498 0.266505
0 0.939443 0.764628 0.0619712 0.165158 0.245869
0 0.96193 0.67164 0.0455572 0.254188 0.152459
0 0.784413 0.608248 0.042247 0.154418 0.140616
0 0.698441 0.750286 0.0440075 0.167735 0.13448
0 0.0570727 0.774476 0.0524361 0.173931 0.121949
0 0.367013 0.634114 0.0391599 0.163999 0.114458
0 0.674057 0.78739 0.0454578 0.152591 0.104836
0 0.744899 0.610494 0.0396788 0.143027 0.104466
0 0.149242 0.615362 0.0408972 0.185491 0.103867
0 0.825795 0.761658 0.0471149 0.15247 0.0976682
0 0.738201 0.755843 0.0405152 0.156679 0.0946614
0 0.294897 0.643625 0.0388326 0.163739 0.093942
0 0.37051 0.736059 0.0376107 0.106843 0.0878401
0 0.779092 0.761108 0.0453252 0.145258 0.083876
0 0.45672 0.779545 0.0428381 0.191494 0.075383
0 0.226349 0.745043 0.0350505 0.122982 0.0753593
0 0.904228 0.633685 0.0376923 0.172855 0.0739943
0 0.0699587 0.622471 0.0334338 0.127746 0.068678
0 0.458612 0.622302 0.0252129 0.127972 0.0623363
0 0.399359 0.631306 0.0351331 0.143398 0.0597088
0 0.867672 0.625505 0.0334383 0.168707 0.0592819
0 0.189414 0.770738 0.0460531 0.171371 0.0582703
0 0.425979 0.614387 0.0325912 0.147653 0.0578405
0 0.19132 0.639568 0.0338091 0.138594 0.0573578
0 0.109309 0.636819 0.0428109 0.157629 0.0517699
0 0.331498 0.63791 0.0333418 0.162924 0.0505539
