0 0.312503 0.61096 0.046905 0.181136 0.646467
0 0.388891 0.605344 0.0590993 0.210635 0.611266
0 0.900222 0.601595 0.0686806 0.21117 0.604491
0 0.268176 0.603817 0.0437912 0.200043 0.604291
0 0.700333 0.596871 0.0530408 0.194681 0.500511
0 0.827156 0.598367 0.0484557 0.195088 0.490309
0 0.782224 0.59293 0.0562528 0.203551 0.402636
0 0.487882 0.550344 0.0411231 0.169394 0.400748
0 0.52563 0.550193 0.0365276 0.165882 0.354484
0 0.616107 0.601795 0.0479778 0.186999 0.352542
0 0.742208 0.591554 0.0459473 0.208562 0.341698
0 0.108689 0.623849 0.0367448 0.135891 0.291138
0 0.557555 0.553932 0.0342238 0.160118 0.273143
0 0.448071 0.549588 0.0403663 0.173443 0.235685
0 0.413708 0.552207 0.0330318 0.167867 0.193531
0 0.655948 0.59312 0.0466509 0.204116 0.190338
0 0.0329622 0.592334 0.0444615 0.0687457 0.127404
0 0.587613 0.557839 0.0348232 0.182661 0.121929
0 0.87071 0.585098 0.0321417 0.192122 0.118277
0 0.0082508 0.539254 0.0165016 0.0801273 0.100136
0 0.349712 0.605633 0.0428066 0.184022 0.0595872
0 0.0737263 0.588279 0.0334608 0.0585654 0.0531733
0 0.0420676 0.53039 0.0280002 0.0646997 0.0529925
