0 0.91297 0.639139 0.123445 0.484783 0.877838
0 0.0889139 0.640892 0.108374 0.444151 0.776825
0 0.813391 0.511879 0.0911234 0.246156 0.755435
0 0.266848 0.516971 0.0874783 0.23733 0.74856
0 0.197631 0.617171 0.0662117 0.43895 0.706705
0 0.25188 0.703296 0.0924804 0.290458 0.686788
0 0.653097 0.487918 0.0627293 0.142844 0.673972
0 0.591608 0.485335 0.0755553 0.151199 0.662584
0 0.525159 0.49007 0.0703364 0.13573 0.656983
0 0.461373 0.477888 0.0712868 0.131383 0.615512
0 0.141498 0.611521 0.0659288 0.426872 0.583033
0 0.347824 0.526425 0.080394 0.259341 0.572542
0 0.0207687 0.567774 0.0414523 0.305607 0.551812
0 0.802166 0.727272 0.12167 0.311012 0.543873
0 0.323897 0.715747 0.0785564 0.263791 0.500454
0 0.716053 0.493985 0.0665392 0.132956 0.425312
0 0.761481 0.562331 0.0605194 0.358067 0.308729
0 0.621048 0.444189 0.0360193 0.0889897 0.220832
0 0.412232 0.477611 0.039018 0.0891471 0.207391
0 0.495766 0.446199 0.0376679 0.0812559 0.203855
0 0.765951 0.506398 0.0545892 0.242968 0.187082
0 0.961558 0.478304 0.0334274 0.142016 0.168371
0 0.554416 0.444217 0.037425 0.0890902 0.13556
0 0.694262 0.454692 0.0349805 0.119097 0.123456
0 0.985762 0.497188 0.0278183 0.15531 0.112912
0 0.43509 0.46035 0.0259087 0.0598568 0.104671
0 0.403827 0.479073 0.0543247 0.0944302 0.0706954
0 0.717098 0.555987 0.0686884 0.257531 0.0602866
0 0.986502 0.47076 0.0263443 0.0990945 0.0577051
0 0.379781 0.47226 0.0359545 0.0870942 0.0540182
