0 0.328096 0.807774 0.10176 0.345701 0.851974
0 0.0995701 0.821435 0.136272 0.344321 0.814699
0 0.197071 0.776229 0.081036 0.267389 0.787448
0 0.759573 0.737794 0.116378 0.272369 0.76031
0 0.949247 0.71124 0.0583596 0.195194 0.759
0 0.386024 0.787484 0.061186 0.331674 0.686279
0 0.834765 0.773487 0.108503 0.331381 0.667919
0 0.602013 0.794881 0.132153 0.334258 0.658565
0 0.698446 0.708867 0.0526283 0.183881 0.639552
0 0.256235 0.728477 0.0626411 0.213727 0.468518
0 0.0739803 0.715297 0.0521928 0.169363 0.317158
0 0.420425 0.726882 0.0556505 0.204555 0.316798
0 0.617616 0.663146 0.040179 0.100984 0.233585
0 0.552341 0.684124 0.046496 0.117539 0.153872
0 0.580349 0.793735 0.0844309 0.331381 0.138493
0 0.278639 0.661198 0.0202077 0.0858128 0.127296
0 0.988451 0.716955 0.0225449 0.111772 0.119531
0 0.247351 0.723128 0.0466956 0.205349 0.113519
0 0.515364 0.698739 0.0297661 0.15963 0.100958
0 0.540876 0.754921 0.0714953 0.249927 0.095588
0 0.271398 0.724662 0.0402144 0.213935 0.0815215
0 0.552307 0.753845 0.0504303 0.254757 0.0806849
0 0.284757 0.712044 0.0523136 0.17947 0.077604
0 0.274474 0.689865 0.0310617 0.144305 0.0681339
0 0.527548 0.704349 0.0512833 0.162519 0.0605927
0 0.492714 0.718447 0.0365549 0.150703 0.0583251
0 0.280536 0.663191 0.0282097 0.0911489 0.0569602
0 0.0794366 0.742238 0.0644683 0.226898 0.0557248
0 0.677369 0.635303 0.0232856 0.0682088 0.0540721
0 0.248199 0.682498 0.0470961 0.124073 0.0526472
0 0.532055 0.728084 0.044784 0.112834 0.0502402
