0 0.243917 0.754977 0.196597 0.383741 0.893982
0 0.829155 0.76366 0.158507 0.411252 0.848417
0 0.0799458 0.730262 0.159892 0.429994 0.819862
0 0.431904 0.760955 0.148958 0.381414 0.798533
0 0.612623 0.774164 0.161052 0.36974 0.773693
0 0.973312 0.594005 0.0526991 0.266239 0.628315
0 0.87871 0.463455 0.0678021 0.213265 0.486144
0 0.935048 0.519204 0.0567295 0.22411 0.459929
0 0.330229 0.966838 0.0663638 0.0655063 0.443411
0 0.124926 0.635839 0.0795807 0.312593 0.34357
0 0.902298 0.493914 0.0435343 0.232448 0.310119
0 0.957734 0.570963 0.0430059 0.204313 0.274706
0 0.200354 0.546944 0.0551754 0.277577 0.261044
0 0.809181 0.680101 0.125262 0.425527 0.252371
0 0.782134 0.684998 0.072156 0.409891 0.249092
0 0.182702 0.591295 0.0753871 0.294445 0.22501
0 0.76278 0.62659 0.0767663 0.376361 0.193601
0 0.317752 0.567524 0.116414 0.238061 0.190365
0 0.315954 0.61914 0.11889 0.333711 0.158238
0 0.722263 0.489603 0.0817866 0.270031 0.154323
0 0.753914 0.511404 0.0920037 0.284179 0.143414
0 0.0906081 0.684793 0.114641 0.353419 0.137258
0 0.169343 0.590553 0.0469092 0.287861 0.135808
0 0.94972 0.523133 0.087645 0.21712 0.124054
0 0.234403 0.497701 0.0334022 0.198266 0.119316
0 0.441105 0.719448 0.0371243 0.294908 0.111193
0 0.599925 0.28552 0.0192156 0.0637892 0.0927981
0 0.626687 0.707358 0.112468 0.340995 0.0911082
0 0.732632 0.530451 0.0474195 0.257547 0.0865399
0 0.243622 0.531469 0.150281 0.302224 0.086418
0 0.297344 0.649275 0.0634281 0.268793 0.0858212
0 0.750427 0.568458 0.0453464 0.280049 0.0792759
0 0.33312 0.568318 0.0783877 0.232553 0.0772164
0 0.153195 0.629328 0.138121 0.32999 0.0752624
0 0.708894 0.465877 0.0537918 0.210686 0.072517
0 0.0734331 0.691076 0.0745113 0.34269 0.0711915
0 0.750842 0.636731 0.0543699 0.358571 0.0691689
0 0.465576 0.523784 0.0403896 0.172014 0.0666115
0 0.397647 0.437588 0.0481366 0.181764 0.0643615
0 0.35135 0.497318 0.060076 0.214096 0.0642677
0 0.629121 0.637675 0.116309 0.484983 0.0621351
0 0.344374 0.528941 0.0586921 0.228619 0.0620975
0 0.645752 0.684514 0.0852387 0.280405 0.0537782
0 0.626905 0.53748 0.0875969 0.147558 0.0537057
0 0.361896 0.468132 0.0478323 0.25941 0.0508729
