0 0.328398 0.72405 0.0639435 0.165313 0.846151
0 0.171927 0.322784 0.0943121 0.350281 0.840404
0 0.0797228 0.331459 0.115909 0.330242 0.797291
0 0.386574 0.328311 0.10412 0.343257 0.792568
0 0.545632 0.824143 0.068832 0.167785 0.752809
0 0.240004 0.355104 0.0717915 0.273664 0.743406
0 0.297576 0.347971 0.0615993 0.293959 0.715342
0 0.85803 0.809409 0.0582098 0.173547 0.644402
0 0.771038 0.235485 0.0159395 0.080066 0.581348
0 0.330957 0.335098 0.0554291 0.326801 0.534515
0 0.874821 0.693716 0.0452278 0.119327 0.532349
0 0.424914 0.296806 0.0600976 0.326251 0.520019
0 0.604383 0.272693 0.0308622 0.112214 0.492197
0 0.751502 0.258617 0.0197806 0.0906013 0.466654
0 0.479643 0.267068 0.0439789 0.256892 0.430517
0 0.961914 0.925696 0.0631903 0.144936 0.386667
0 0.186193 0.707044 0.0183405 0.0821045 0.369331
0 0.91898 0.927904 0.0428627 0.14171 0.353842
0 0.452162 0.294818 0.0378896 0.278022 0.343652
0 0.720754 0.699223 0.0187561 0.102796 0.309871
0 0.813352 0.262585 0.0265248 0.100261 0.302399
0 0.920666 0.723771 0.0171688 0.0905209 0.300579
0 0.167651 0.699922 0.0131136 0.0723059 0.247915
0 0.962186 0.957424 0.0634143 0.0826684 0.242418
0 0.0628344 0.16822 0.0427567 0.100576 0.22994
0 0.821363 0.264354 0.0267238 0.100498 0.20894
0 0.00691979 0.702063 0.0138396 0.101831 0.17269
0 0.966419 0.71337 0.0185791 0.0958534 0.17151
0 0.0197387 0.712032 0.0188103 0.0792771 0.147949
0 0.951269 0.714943 0.0168416 0.0926628 0.137604
0 0.0991634 0.702578 0.0145158 0.0747812 0.132991
0 0.586711 0.733008 0.0223782 0.0793467 0.121782
0 0.709435 0.233715 0.0122564 0.0524591 0.119383
0 0.208606 0.704772 0.0120223 0.0581803 0.104264
0 0.0818213 0.286972 0.0802673 0.324541 0.103288
0 0.976195 0.864319 0.0238844 0.118011 0.102827
0 0.946042 0.925804 0.0968918 0.146761 0.0946157
0 0.609829 0.72776 0.0186506 0.0829505 0.0871979
0 0.977605 0.708615 0.0157717 0.0992643 0.0866127
0 0.0741033 0.203176 0.0659186 0.170163 0.0821312
0 0.678027 0.236512 0.011944 0.0498129 0.0810393
0 0.969596 0.710796 0.0234276 0.101315 0.0804014
0 0.990898 0.895251 0.0176655 0.202824 0.0755037
0 0.955472 0.890822 0.0456204 0.0758743 0.0737204
0 0.175184 0.706348 0.0151772 0.0776449 0.0730128
0 0.853999 0.23468 0.0134281 0.0659164 0.0726895
0 0.693849 0.236506 0.00808796 0.0438169 0.0714515
0 0.422 0.269066 0.0525367 0.258107 0.0631974
0 0.980176 0.851473 0.0156288 0.0909054 0.0588492
0 0.266643 0.703805 0.010374 0.04121 0.0571386
0 0.0372748 0.71397 0.0183518 0.0727364 0.05583
0 0.463066 0.696649 0.027084 0.103039 0.0534092
0 0.31389 0.347087 0.0950284 0.301525 0.0534049
0 0.289914 0.697175 0.0108735 0.043264 0.0506074
0 0.0541552 0.218946 0.0647631 0.199784 0.050329
