0 0.421369 0.646433 0.139816 0.311836 0.934929
0 0.131058 0.565401 0.048862 0.0812414 0.80949
0 0.249923 0.559308 0.0355841 0.070332 0.692575
0 0.305656 0.565635 0.0442018 0.0631547 0.66719
0 0.517512 0.550333 0.0197217 0.0380422 0.629943
0 0.217166 0.552173 0.0234176 0.042198 0.493223
0 0.345077 0.556516 0.0292582 0.0565121 0.464992
0 0.291085 0.557683 0.0247143 0.0601637 0.463354
0 0.609906 0.549114 0.0177842 0.0377505 0.457901
0 0.190264 0.552171 0.019023 0.0390795 0.448847
0 0.103214 0.556225 0.0223818 0.0513319 0.399513
0 0.578012 0.546335 0.0125811 0.0293064 0.294615
0 0.649089 0.554289 0.0171216 0.0450029 0.257822
0 0.632799 0.555551 0.0177581 0.0443429 0.254562
0 0.628578 0.554306 0.0160697 0.0441961 0.180275
0 0.206558 0.552348 0.0121263 0.0405109 0.137389
0 0.200493 0.552238 0.015486 0.0391992 0.127698
0 0.72804 0.544125 0.0146409 0.0246757 0.103393
0 0.982273 0.505145 0.0309849 0.0165106 0.0719927
