0 0.946544 0.488622 0.105986 0.340436 0.938949
0 0.130103 0.518893 0.0827765 0.206424 0.895414
0 0.504134 0.512788 0.0952637 0.403278 0.893582
0 0.655601 0.496504 0.0752659 0.298219 0.86107
0 0.780198 0.512392 0.0657343 0.321152 0.857417
0 0.549311 0.461892 0.0694422 0.317802 0.843057
0 0.424438 0.492639 0.0594116 0.256411 0.835847
0 0.285342 0.487612 0.0819861 0.169494 0.826222
0 0.229903 0.50086 0.0888616 0.191006 0.713248
0 0.353934 0.468655 0.0777036 0.156818 0.689243
0 0.317055 0.477862 0.0732761 0.174389 0.649101
0 0.719887 0.444502 0.0454012 0.134982 0.440827
0 0.691189 0.448289 0.0263502 0.133272 0.354685
0 0.763536 0.465564 0.0401558 0.282115 0.35284
0 0.763985 0.377348 0.0393326 0.105304 0.33268
0 0.723534 0.422764 0.038442 0.0915683 0.207019
0 0.691448 0.421468 0.025776 0.0779318 0.120974
0 0.215051 0.499372 0.0592241 0.187462 0.119255
0 0.763394 0.399711 0.0409006 0.150708 0.114808
0 0.338959 0.470657 0.0477874 0.160146 0.0679841
