0 0.731344 0.70073 0.159599 0.590734 0.882695
0 0.389955 0.759294 0.149905 0.481412 0.839148
0 0.605399 0.759032 0.135884 0.481187 0.762389
0 0.166695 0.757176 0.0993533 0.484531 0.743478
0 0.90685 0.660379 0.069987 0.490199 0.697136
0 0.537348 0.78024 0.0703197 0.439521 0.65748
0 0.474546 0.748442 0.0712402 0.416456 0.542405
0 0.0994826 0.775031 0.0898682 0.449255 0.505906
0 0.806071 0.672514 0.0548038 0.397331 0.446583
0 0.27007 0.564681 0.0368819 0.166763 0.179724
0 0.0237578 0.763268 0.0373605 0.269038 0.149924
0 0.940944 0.66353 0.021866 0.256808 0.134289
0 0.991966 0.67606 0.0154064 0.130506 0.115004
0 0.00744193 0.568087 0.0148839 0.130744 0.094509
0 0.241889 0.566259 0.0343166 0.154989 0.0884072
0 0.0493547 0.786272 0.0610078 0.326435 0.0851249
0 0.0617874 0.73603 0.080586 0.433604 0.0809035
0 0.638453 0.552718 0.0331757 0.138037 0.0670152
0 0.210442 0.560268 0.032753 0.16937 0.0561942
