0 0.860636 0.544939 0.110981 0.332014 0.901498
0 0.15513 0.466183 0.0704919 0.169805 0.845951
0 0.305784 0.422958 0.0497747 0.140355 0.803611
0 0.4694 0.437022 0.0478977 0.116292 0.758141
0 0.642331 0.406951 0.0377488 0.0508644 0.739703
0 0.384281 0.400777 0.0232757 0.067095 0.708253
0 0.267774 0.433051 0.0346694 0.087423 0.687519
0 0.512943 0.427605 0.0220657 0.115633 0.664315
0 0.728293 0.405997 0.0331671 0.0771529 0.646811
0 0.440326 0.40997 0.0335187 0.0792044 0.593204
0 0.368298 0.402819 0.0161906 0.0648925 0.530444
0 0.497454 0.408343 0.0203715 0.0862051 0.520069
0 0.225816 0.492796 0.0624591 0.237761 0.484121
0 0.22599 0.447494 0.0619423 0.146787 0.411196
0 0.171965 0.403331 0.0225908 0.0548099 0.26093
0 0.626769 0.395358 0.01794 0.0550581 0.24104
0 0.522773 0.426191 0.0172551 0.113891 0.171354
0 0.485347 0.392643 0.0144365 0.0382139 0.113601
0 0.581582 0.411493 0.0315117 0.0455933 0.111326
0 0.45705 0.392464 0.0122826 0.0334386 0.0906587
0 0.741041 0.427543 0.0168503 0.0378635 0.0904075
0 0.524702 0.40986 0.0152905 0.0806794 0.0844314
0 0.577568 0.408856 0.0281423 0.0468158 0.076531
0 0.627146 0.402784 0.021698 0.0579459 0.0752062
0 0.523893 0.40783 0.0106292 0.0761309 0.0507123
0 0.227265 0.391139 0.0243235 0.0452973 0.0505698
