0 0.928626 0.749739 0.142225 0.490185 0.877251
0 0.175036 0.792236 0.150384 0.405051 0.832493
0 0.615771 0.742815 0.152473 0.509612 0.816728
0 0.448645 0.766789 0.116004 0.465829 0.810881
0 0.381627 0.70382 0.06945 0.314117 0.792293
0 0.715849 0.75452 0.140289 0.487247 0.697192
0 0.804833 0.666337 0.0681774 0.266061 0.559261
0 0.526546 0.743285 0.0864176 0.499782 0.556842
0 0.861708 0.659437 0.0608173 0.304319 0.555202
0 0.0333031 0.657695 0.0629491 0.247616 0.532086
0 0.0330156 0.700951 0.0599879 0.165063 0.443443
0 0.100011 0.807402 0.0827567 0.376619 0.260427
0 0.759662 0.537287 0.0354931 0.145483 0.154327
0 0.461409 0.510859 0.0454817 0.107158 0.140882
0 0.0978249 0.712257 0.0746787 0.185458 0.135774
0 0.783019 0.529558 0.0299951 0.148402 0.108066
0 0.0983071 0.667003 0.0739267 0.0940866 0.084666
0 0.909001 0.51092 0.0405119 0.122905 0.0765998
