0 0.521827 0.724308 0.16271 0.330651 0.86755
0 0.304481 0.703712 0.138874 0.312629 0.853627
0 0.673983 0.512343 0.110226 0.525171 0.818815
0 0.343411 0.433377 0.0904013 0.33275 0.77114
0 0.170648 0.653745 0.136824 0.283248 0.75574
0 0.490736 0.43764 0.082466 0.346072 0.746493
0 0.213047 0.465834 0.106602 0.396796 0.698222
0 0.898657 0.506252 0.0911118 0.201032 0.696987
0 0.259838 0.470698 0.0703722 0.44054 0.670235
0 0.758982 0.342302 0.0811277 0.288679 0.651957
0 0.828809 0.467128 0.0811972 0.450867 0.634477
0 0.424848 0.485337 0.0947662 0.461365 0.622523
0 0.741375 0.489655 0.0942413 0.171431 0.498221
0 0.435787 0.22666 0.0696891 0.0924538 0.20509
0 0.307048 0.356425 0.0551554 0.215265 0.16955
0 0.628904 0.513764 0.20131 0.520814 0.161963
0 0.894735 0.302505 0.0721771 0.229832 0.129966
0 0.89001 0.342744 0.0815547 0.310813 0.0676396
