0 0.434514 0.648361 0.0712095 0.284134 0.687506
0 0.544636 0.639004 0.0883284 0.376282 0.674445
0 0.693032 0.638091 0.0799084 0.262752 0.605863
0 0.153154 0.651913 0.121313 0.332766 0.589477
0 0.813685 0.653342 0.0449892 0.216142 0.4608
0 0.318111 0.670057 0.0557767 0.248478 0.442656
0 0.939134 0.660744 0.0425087 0.203856 0.419445
0 0.847409 0.650337 0.0400335 0.206662 0.358216
0 0.594688 0.652048 0.0534308 0.296676 0.35757
0 0.0876555 0.623515 0.0490406 0.275098 0.350104
0 0.74463 0.603757 0.0256611 0.150532 0.310035
0 0.266546 0.630255 0.0324568 0.225485 0.287011
0 0.789974 0.613246 0.0302038 0.199474 0.283778
0 0.34802 0.608909 0.0449294 0.210996 0.272924
0 0.0305838 0.597574 0.0411612 0.229273 0.238439
0 0.986998 0.61817 0.025371 0.140971 0.224638
0 0.968342 0.655261 0.0323307 0.179909 0.187719
0 0.90006 0.624673 0.0362747 0.18574 0.14006
0 0.389138 0.568832 0.0248041 0.145565 0.12026
0 0.711614 0.639197 0.0375478 0.200592 0.114846
0 0.658361 0.618712 0.0312921 0.193735 0.098158
0 0.126024 0.652813 0.0658799 0.32888 0.0806263
0 0.503235 0.591891 0.022879 0.155635 0.0789082
0 0.955656 0.639803 0.0273438 0.205554 0.0730077
0 0.00441928 0.576574 0.00883857 0.110357 0.0716385
0 0.171406 0.595764 0.0439658 0.190244 0.0623917
0 0.913261 0.60762 0.0282734 0.168038 0.0599092
0 0.179938 0.594653 0.0627347 0.193191 0.0583015
0 0.62373 0.600591 0.0240997 0.149628 0.0562266
0 0.291328 0.571255 0.0309607 0.206781 0.0528935
0 0.164099 0.59394 0.03011 0.196457 0.0512811
