0 0.271892 0.606029 0.13375 0.680516 0.768239
0 0.869712 0.620433 0.213223 0.689121 0.690458
0 0.765837 0.464551 0.18629 0.668849 0.624321
0 0.693296 0.526613 0.220281 0.428066 0.536179
0 0.41134 0.63774 0.193755 0.682372 0.52512
0 0.600838 0.286775 0.168229 0.282151 0.470454
0 0.0289534 0.412526 0.0574014 0.237661 0.414111
0 0.354269 0.686712 0.134915 0.565511 0.332171
0 0.558566 0.541884 0.094766 0.375769 0.310398
0 0.171805 0.560074 0.0805538 0.172624 0.300442
0 0.106592 0.541641 0.0846713 0.225287 0.276205
0 0.532414 0.327931 0.166649 0.269438 0.240938
0 0.170037 0.402939 0.0746375 0.223232 0.205795
0 0.491183 0.566967 0.0779806 0.408679 0.154324
0 0.0229341 0.565431 0.0457003 0.205294 0.143289
0 0.966308 0.531257 0.0664446 0.185268 0.133937
0 0.234449 0.557086 0.0631165 0.162951 0.12862
0 0.0824709 0.385529 0.0572988 0.188321 0.0857188
0 0.0309556 0.5532 0.0617976 0.230497 0.0808638
0 0.1279 0.423315 0.0501897 0.218585 0.0795943
0 0.576319 0.606399 0.257435 0.525202 0.0676003
0 0.576534 0.768648 0.247093 0.171311 0.0643365
