0 0.197544 0.713769 0.134435 0.394024 0.85353
0 0.601713 0.651187 0.11966 0.447407 0.850009
0 0.364376 0.678391 0.100258 0.341989 0.820419
0 0.718065 0.706015 0.221086 0.536841 0.805612
0 0.471719 0.780027 0.171969 0.433445 0.805397
0 0.114125 0.634835 0.123991 0.397056 0.78948
0 0.863296 0.687454 0.121862 0.427527 0.762535
0 0.0485257 0.631929 0.0965167 0.284453 0.705838
0 0.657859 0.623913 0.0956428 0.381897 0.667809
0 0.779424 0.594211 0.0848202 0.31376 0.518913
0 0.919315 0.666615 0.097994 0.369521 0.491698
0 0.157299 0.604104 0.064388 0.252402 0.487088
0 0.519938 0.613993 0.076793 0.296098 0.436828
0 0.949853 0.636449 0.0755455 0.322362 0.384757
0 0.32467 0.576337 0.0644423 0.22242 0.37692
0 0.260469 0.629287 0.076439 0.320567 0.352144
0 0.0142945 0.829189 0.0285327 0.110443 0.232274
0 0.974301 0.599615 0.050811 0.268444 0.181126
0 0.440229 0.629906 0.0966533 0.35736 0.166807
0 0.014656 0.743762 0.029187 0.284555 0.147316
0 0.0136944 0.672317 0.0273858 0.114951 0.103417
0 0.27424 0.572276 0.0535389 0.246988 0.0636763
