0 0.727539 0.577354 0.0441216 0.150091 0.77844
0 0.97199 0.643791 0.0554518 0.389778 0.773488
0 0.111223 0.559218 0.0352134 0.144478 0.7064
0 0.552831 0.561287 0.0265339 0.100678 0.686722
0 0.860605 0.567202 0.0412819 0.109128 0.657351
0 0.0793989 0.566145 0.0351526 0.147191 0.642118
0 0.607713 0.561114 0.0288157 0.104719 0.637116
0 0.664584 0.567755 0.0411794 0.114309 0.607988
0 0.368456 0.553064 0.0388875 0.0962423 0.504163
0 0.197013 0.550141 0.0366254 0.131133 0.488341
0 0.455317 0.552066 0.0414044 0.116841 0.462854
0 0.139711 0.555139 0.0322411 0.140438 0.436271
0 0.0406749 0.558029 0.0439647 0.120963 0.367878
0 0.155207 0.55327 0.0239022 0.136719 0.362316
0 0.434233 0.558313 0.0245527 0.0976168 0.288677
0 0.245573 0.576043 0.0463901 0.0628034 0.220454
0 0.310788 0.511948 0.0266246 0.0762033 0.168535
0 0.281364 0.518521 0.0233457 0.065842 0.143291
0 0.354937 0.448701 0.0249627 0.04753 0.141234
0 0.2425 0.517929 0.0238709 0.0750172 0.136525
0 0.255052 0.520236 0.0223377 0.0714857 0.10817
0 0.291756 0.567272 0.033636 0.0626013 0.0844225
0 0.27078 0.570784 0.0280167 0.065683 0.082462
0 0.217667 0.54618 0.0211936 0.0797142 0.0734453
0 0.313895 0.562749 0.0275141 0.0604207 0.0733811
0 0.891647 0.517473 0.0157878 0.0527786 0.064864
