0 0.308064 0.261467 0.140167 0.344328 0.877806
0 0.929819 0.238295 0.114339 0.193061 0.848147
0 0.614545 0.256283 0.117956 0.266026 0.838694
0 0.121043 0.880422 0.0815519 0.21874 0.807559
0 0.382524 0.872498 0.103815 0.236383 0.802455
0 0.745395 0.901664 0.0942148 0.173433 0.80243
0 0.796474 0.24164 0.116449 0.229768 0.776922
0 0.541473 0.851383 0.111554 0.217475 0.763295
0 0.20487 0.238803 0.0572616 0.239807 0.755296
0 0.941348 0.884115 0.0712208 0.213339 0.749581
0 0.45325 0.24148 0.059259 0.20864 0.574303
0 0.305967 0.907072 0.0893682 0.163581 0.572495
0 0.741163 0.237395 0.0595144 0.156027 0.436165
0 0.492572 0.240139 0.044707 0.146813 0.423064
0 0.631025 0.825995 0.0754808 0.181406 0.417218
0 0.854327 0.237181 0.0451538 0.128771 0.370143
0 0.158686 0.234927 0.045484 0.181126 0.321304
0 0.529005 0.236095 0.0274023 0.110953 0.296193
0 0.244616 0.825142 0.0453698 0.171235 0.260255
0 0.408323 0.23261 0.042054 0.129064 0.251412
0 0.111726 0.228388 0.0380153 0.14745 0.240662
0 0.689181 0.79351 0.0323898 0.1088 0.171213
0 0.559922 0.232264 0.0342787 0.0968338 0.171154
0 0.234714 0.229577 0.034993 0.1186 0.16243
0 0.0635879 0.800898 0.0496631 0.144273 0.154978
0 0.234406 0.824711 0.0678622 0.174084 0.143392
0 0.811309 0.796598 0.0328606 0.12645 0.141766
0 0.258373 0.243289 0.0335226 0.113684 0.132994
0 0.910508 0.79201 0.0392982 0.119742 0.122139
0 0.97062 0.823538 0.033482 0.159222 0.0771914
0 0.134389 0.772303 0.0281177 0.101225 0.0696898
0 0.840215 0.790202 0.0289818 0.122479 0.0657685
0 0.863827 0.776302 0.0230583 0.105717 0.0635171
0 0.0919231 0.222778 0.0218986 0.12504 0.0561229
0 0.221198 0.819179 0.0398197 0.122108 0.0542567
0 0.737119 0.770661 0.0189842 0.0945285 0.0501706
