0 0.591697 0.681387 0.253244 0.616824 0.937193
0 0.803273 0.692782 0.21245 0.598717 0.914818
0 0.380185 0.806787 0.203526 0.381934 0.907915
0 0.319249 0.694822 0.160945 0.278103 0.647828
0 0.119283 0.501127 0.0764802 0.1604 0.442707
0 0.43906 0.512068 0.0491456 0.205345 0.412353
0 0.939731 0.579243 0.073856 0.0885431 0.404344
0 0.912659 0.448172 0.129394 0.270602 0.357298
0 0.985268 0.525954 0.0287168 0.209909 0.302602
0 0.331853 0.503327 0.0541242 0.188895 0.29682
0 0.040641 0.558658 0.081282 0.149758 0.266804
0 0.681073 0.494628 0.0528616 0.177743 0.237894
0 0.482737 0.553589 0.0573944 0.0689104 0.229089
0 0.927698 0.493329 0.0981407 0.176435 0.227909
0 0.178979 0.561095 0.0743295 0.167168 0.214726
0 0.274694 0.454306 0.0366808 0.141846 0.210267
0 0.259922 0.517869 0.0424496 0.065956 0.195775
0 0.0205542 0.452601 0.0409248 0.101523 0.169698
0 0.41909 0.368549 0.033339 0.0712542 0.169282
0 0.283496 0.39131 0.0293444 0.0928331 0.164219
0 0.228386 0.505812 0.0529944 0.15995 0.158865
0 0.2229 0.387231 0.0318435 0.0685094 0.123441
0 0.488833 0.415566 0.0478594 0.150137 0.111753
0 0.251991 0.38299 0.024536 0.0453248 0.097329
0 0.245663 0.534189 0.069009 0.0974194 0.0958203
0 0.283172 0.37859 0.0281211 0.0667877 0.0954963
0 0.984517 0.570215 0.0306226 0.330716 0.087538
0 0.486275 0.377865 0.0409695 0.077335 0.0839515
0 0.244331 0.507644 0.0690304 0.157467 0.0833893
0 0.392178 0.539734 0.0460065 0.0798888 0.0829327
0 0.442461 0.383399 0.0242038 0.0695238 0.0819091
0 0.518555 0.377072 0.0270264 0.057515 0.0793902
0 0.198409 0.455852 0.0264094 0.108621 0.0681663
0 0.161575 0.440102 0.0296465 0.113385 0.0661509
0 0.200503 0.386695 0.0219447 0.045781 0.0645704
0 0.0224919 0.474107 0.0449542 0.143585 0.0564979
0 0.0397368 0.519435 0.0793649 0.233976 0.0533076
0 0.284998 0.423005 0.0335507 0.159098 0.0525498
0 0.391578 0.592758 0.057854 0.186443 0.0516015
0 0.227586 0.480826 0.0524847 0.116124 0.0508227
