0 0.252387 0.641866 0.0555954 0.107633 0.815091
0 0.138222 0.615479 0.0485237 0.247696 0.751001
0 0.0276904 0.735538 0.0551539 0.334954 0.748973
0 0.343238 0.629363 0.0406861 0.129653 0.747827
0 0.874783 0.591719 0.0447209 0.15273 0.726869
0 0.97305 0.60811 0.0350872 0.169129 0.710051
0 0.946611 0.600071 0.0282524 0.151379 0.696714
0 0.646959 0.588802 0.0560248 0.15492 0.695229
0 0.722668 0.604109 0.0382086 0.184033 0.693602
0 0.69685 0.613153 0.0363435 0.170823 0.671469
0 0.0909191 0.622867 0.0386607 0.23482 0.645354
0 0.915112 0.602069 0.0276855 0.151392 0.574477
0 0.579478 0.595985 0.0320428 0.147846 0.560276
0 0.0164778 0.532429 0.0328245 0.0664592 0.508481
0 0.99276 0.601177 0.0138306 0.151003 0.366165
0 0.049073 0.662554 0.0496857 0.263669 0.320061
0 0.848908 0.566461 0.0209977 0.0691854 0.28095
0 0.676257 0.597018 0.0236076 0.144554 0.260826
0 0.896521 0.598104 0.0201878 0.136206 0.22144
0 0.753309 0.604395 0.0333584 0.154258 0.209516
0 0.0577469 0.543804 0.0307477 0.0665631 0.1513
0 0.0399858 0.663648 0.0406218 0.269076 0.123472
0 0.931668 0.594291 0.0204781 0.132011 0.101587
0 0.100171 0.601543 0.0340152 0.203852 0.0969351
0 0.0163985 0.552415 0.0327971 0.108417 0.0727974
0 0.0545045 0.506892 0.0296829 0.0341178 0.0726031
0 0.0394775 0.58764 0.0365519 0.115959 0.057082
0 0.0641872 0.631378 0.0371437 0.222151 0.0532883
0 0.0600285 0.568272 0.0277414 0.10163 0.0517996
