0 0.134926 0.723619 0.0689784 0.309017 0.888835
0 0.396202 0.708339 0.0575189 0.29353 0.863868
0 0.921169 0.705565 0.0420616 0.298096 0.852795
0 0.650342 0.716951 0.0587068 0.277324 0.836023
0 0.82934 0.718878 0.0300991 0.278397 0.822321
0 0.0583337 0.730347 0.04304 0.264871 0.77795
0 0.509112 0.721268 0.0324917 0.26251 0.694805
0 0.700354 0.713722 0.0405106 0.2871 0.677781
0 0.180931 0.65323 0.0363393 0.158908 0.661158
0 0.486925 0.710421 0.0384899 0.256549 0.610996
0 0.796404 0.740235 0.0403424 0.214446 0.436794
0 0.62445 0.670204 0.0226965 0.162698 0.342134
0 0.328148 0.702756 0.0375089 0.186068 0.264931
0 0.196751 0.797918 0.0711146 0.138657 0.244695
0 0.0794052 0.687148 0.0259326 0.156161 0.187338
0 0.174979 0.653485 0.0244309 0.154676 0.169239
0 0.693552 0.712819 0.0260703 0.282527 0.163796
0 0.0318997 0.685312 0.0330785 0.119708 0.144512
0 0.0330294 0.744552 0.0347886 0.242652 0.109088
0 0.0762658 0.684235 0.0226808 0.14079 0.0979327
0 0.711394 0.706586 0.0306227 0.28063 0.0944287
0 0.709502 0.627981 0.024082 0.122427 0.0845593
0 0.709597 0.670269 0.0253916 0.206825 0.0832964
0 0.188061 0.649468 0.0230157 0.151991 0.0789841
0 0.0365354 0.766154 0.0302437 0.195795 0.0640602
0 0.325211 0.650343 0.0304152 0.0826332 0.056084
0 0.488896 0.659688 0.0231256 0.153424 0.0544483
