0 0.489014 0.48246 0.0856111 0.373789 0.897661
0 0.159613 0.510677 0.0846242 0.385133 0.867201
0 0.320032 0.483611 0.0972499 0.376131 0.852337
0 0.252696 0.47957 0.0619714 0.36296 0.848924
0 0.408428 0.499457 0.08241 0.371773 0.812393
0 0.799863 0.458619 0.0290598 0.116194 0.782911
0 0.855583 0.45242 0.0373016 0.132408 0.777065
0 0.570893 0.460708 0.0271143 0.112029 0.681623
0 0.652964 0.457413 0.0238163 0.127923 0.674779
0 0.196358 0.37078 0.0577195 0.16428 0.661566
0 0.937121 0.427879 0.0267506 0.0546114 0.612357
0 0.914705 0.429333 0.0215423 0.0647979 0.608995
0 0.763755 0.457877 0.0383527 0.128881 0.519457
0 0.637915 0.466396 0.0214875 0.113284 0.485934
0 0.196138 0.472217 0.0570533 0.370564 0.370911
0 0.746982 0.460763 0.0225683 0.117503 0.0807858
