0 0.312448 0.504068 0.160793 0.439255 0.881305
0 0.542072 0.640508 0.128297 0.436908 0.879915
0 0.76112 0.693509 0.237545 0.522269 0.875158
0 0.637233 0.671304 0.135199 0.45726 0.855759
0 0.433226 0.581482 0.121423 0.407719 0.834966
0 0.224141 0.117071 0.0505652 0.230927 0.830363
0 0.370965 0.552469 0.103694 0.394032 0.783033
0 0.488366 0.606604 0.130099 0.402935 0.781418
0 0.938847 0.0383503 0.0606228 0.0693082 0.218701
0 0.410313 0.0686466 0.0274563 0.134084 0.18961
0 0.677381 0.0880601 0.0441679 0.173103 0.169909
0 0.441388 0.0739344 0.0476149 0.143729 0.165812
0 0.543769 0.0721794 0.0383272 0.13946 0.155631
0 0.630424 0.0798531 0.0329469 0.154486 0.141467
0 0.599369 0.0879606 0.0420597 0.17157 0.13725
0 0.994642 0.0632831 0.0100639 0.0324626 0.111163
0 0.839372 0.0832335 0.0651077 0.161418 0.0993639
0 0.467844 0.0680901 0.0378 0.132114 0.087888
0 0.510184 0.0670404 0.0461411 0.128136 0.0764264
0 0.59914 0.121141 0.0377415 0.10578 0.0755729
0 0.294521 0.0484751 0.0266182 0.0939827 0.0646355
