0 0.570551 0.717809 0.254153 0.551821 0.943964
0 0.321183 0.59854 0.195396 0.406306 0.907653
0 0.773331 0.635397 0.16056 0.392351 0.872055
0 0.885877 0.596572 0.0831459 0.337082 0.842932
0 0.134168 0.469075 0.124697 0.255025 0.809055
0 0.417756 0.500325 0.117341 0.284551 0.766755
0 0.243469 0.524769 0.123991 0.32772 0.753161
0 0.699883 0.530814 0.0687382 0.281776 0.641571
0 0.106739 0.43681 0.0511824 0.206954 0.463418
0 0.937614 0.531934 0.0504814 0.256491 0.453777
0 0.458295 0.445559 0.0546614 0.205422 0.425205
0 0.538577 0.479685 0.103769 0.18401 0.194353
0 0.526827 0.406696 0.101847 0.127959 0.182399
0 0.570344 0.481902 0.167447 0.18608 0.173045
0 0.302951 0.426726 0.0730347 0.159535 0.155801
0 0.972653 0.501221 0.0418022 0.15034 0.127611
0 0.302644 0.460552 0.0668347 0.227974 0.126767
0 0.966569 0.595465 0.0507839 0.199582 0.126522
0 0.349574 0.36716 0.0480538 0.0783315 0.109897
0 0.97268 0.947364 0.0539724 0.102202 0.0817719
0 0.305899 0.502572 0.0772346 0.314283 0.0671261
0 0.219123 0.527671 0.0747812 0.321616 0.0609728
0 0.531589 0.453961 0.110984 0.217614 0.0572626
0 0.0306862 0.375659 0.0443661 0.135204 0.0531839
0 0.992378 0.596917 0.014571 0.125685 0.0507507
