0 0.389939 0.644985 0.17763 0.556421
0 0.251087 0.583275 0.111567 0.367963
0 0.979968 0.604735 0.0392302 0.296326
0 0.77491 0.617161 0.108022 0.37895
0 0.169763 0.587845 0.0844603 0.241166
0 0.54965 0.597706 0.0904898 0.272354
0 0.881808 0.587065 0.0429943 0.194991
0 0.315568 0.584161 0.0356628 0.153839
0 0.730425 0.577147 0.0434381 0.260383
0 0.683284 0.577836 0.0277462 0.124195
0 0.50005 0.576784 0.0282671 0.119064
0 0.0067356 0.568938 0.0134712 0.0874883
0 0.13022 0.581811 0.0558264 0.171076
