0 0.908832 0.652606 0.119356 0.533703 0.804913
0 0.677189 0.684778 0.111375 0.578514 0.75959
0 0.378094 0.6797 0.102235 0.544136 0.677631
0 0.57815 0.70467 0.13308 0.519855 0.672358
0 0.787621 0.690973 0.146479 0.603358 0.661469
0 0.472978 0.669744 0.104515 0.575885 0.626592
0 0.291645 0.666904 0.112796 0.545065 0.59758
0 0.253287 0.4061 0.0719574 0.17473 0.590583
0 0.702511 0.382742 0.104616 0.258694 0.583969
0 0.17886 0.674391 0.131283 0.511417 0.547517
0 0.18326 0.40551 0.0912219 0.193476 0.540746
0 0.097996 0.391499 0.100876 0.232921 0.53019
0 0.0860201 0.667198 0.11189 0.513832 0.519776
0 0.346824 0.412318 0.065045 0.180808 0.469949
0 0.798457 0.407269 0.117018 0.214259 0.461959
