0 0.691997 0.664101 0.165627 0.553962 0.905765
0 0.517078 0.637802 0.168014 0.461989 0.845813
0 0.248424 0.518298 0.0447308 0.278102 0.617895
0 0.277603 0.526678 0.0595364 0.289812 0.612726
0 0.195051 0.498033 0.0312771 0.158738 0.576721
0 0.364748 0.584015 0.0708847 0.337924 0.559228
0 0.407586 0.596952 0.0755056 0.360464 0.552308
0 0.332465 0.547076 0.058933 0.323411 0.542009
0 0.646288 0.628989 0.0689204 0.451589 0.519127
0 0.381471 0.586627 0.0548466 0.343072 0.429188
0 0.436765 0.611591 0.0493982 0.367534 0.419758
0 0.478778 0.615281 0.0769207 0.437807 0.408118
