0 0.058698 0.64024 0.114585 0.437538
0 0.93364 0.604103 0.0951091 0.424665
0 0.163577 0.636527 0.078181 0.433122
0 0.285426 0.612309 0.0865652 0.438764
0 0.229216 0.638669 0.0763788 0.439452
0 0.863566 0.592153 0.071777 0.434068
0 0.810649 0.600228 0.0781349 0.419769
0 0.516257 0.612784 0.0761124 0.416334
0 0.438632 0.61666 0.0853423 0.423828
0 0.364651 0.628446 0.0777616 0.432715
0 0.643287 0.603456 0.0773252 0.408726
0 0.747303 0.614391 0.08183 0.398396
0 0.575522 0.586927 0.0713882 0.413283
0 0.693515 0.590113 0.0584023 0.387074
