0 0.476386 0.527354 0.396694 0.863529 0.896457
0 0.871328 0.359862 0.0559154 0.101868 0.755149
0 0.176077 0.360561 0.0258857 0.0605324 0.730344
0 0.224044 0.359617 0.0315148 0.0690087 0.72761
0 0.15018 0.362114 0.0307951 0.0586163 0.721375
0 0.73967 0.355678 0.0486472 0.0948765 0.710838
0 0.124474 0.361783 0.0260334 0.0589427 0.691104
0 0.034259 0.417015 0.067235 0.268078 0.690448
0 0.789648 0.355889 0.0629896 0.0948055 0.639924
0 0.0707656 0.360819 0.0304229 0.0490652 0.592721
0 0.279192 0.367117 0.0321847 0.0936916 0.449504
0 0.811879 0.355307 0.0258298 0.0901134 0.411738
