0 0.106958 0.344151 0.0984789 0.377784
0 0.753941 0.311955 0.128112 0.364758
0 0.847686 0.295002 0.0923876 0.353023
0 0.95252 0.288705 0.0595775 0.402133
0 0.272188 0.345017 0.0655325 0.252412
0 0.0346958 0.368003 0.0504915 0.209559
0 0.184875 0.347508 0.0515616 0.301006
0 0.700937 0.309374 0.0586498 0.370424
0 0.656408 0.314987 0.0666361 0.311881
0 0.434736 0.549754 0.145797 0.820074
0 0.228055 0.342299 0.0679115 0.328321
0 0.545137 0.315658 0.0608168 0.287726
0 0.87785 0.281547 0.0365704 0.304186
0 0.00885366 0.383207 0.0176506 0.211541
0 0.43642 0.323626 0.141867 0.372102
0 0.447489 0.277072 0.0478748 0.23542
0 0.361135 0.342534 0.0501915 0.231796
0 0.516725 0.320119 0.0458181 0.238089
