0 0.1017 0.789819 0.11798 0.420362 0.911335
0 0.311282 0.766572 0.103663 0.401232 0.892528
0 0.214901 0.776775 0.0975583 0.422008 0.884667
0 0.433014 0.748182 0.0954547 0.383097 0.847129
0 0.506884 0.734577 0.0875644 0.369861 0.789562
0 0.585808 0.725155 0.0992903 0.36723 0.766088
0 0.656575 0.719137 0.0975312 0.352877 0.760839
0 0.725838 0.697895 0.0964153 0.36591 0.744514
0 0.961497 0.671842 0.0763885 0.306883 0.738407
0 0.910617 0.673603 0.101789 0.331022 0.736531
0 0.803141 0.700513 0.103292 0.328121 0.702714
0 0.847042 0.67632 0.106515 0.356372 0.660505
