0 0.706984 0.512409 0.253796 0.960701 0.9266
0 0.155305 0.478197 0.188144 0.877921 0.900152
0 0.269692 0.401854 0.14938 0.751144 0.886272
0 0.896157 0.160486 0.0637354 0.206441 0.881933
0 0.329075 0.168776 0.0703572 0.150987 0.780257
0 0.603844 0.180426 0.0737244 0.227737 0.692624
0 0.492614 0.18285 0.204391 0.34518 0.67364
0 0.221049 0.133313 0.042159 0.110474 0.660043
0 0.386276 0.160089 0.0430832 0.162528 0.593391
0 0.35373 0.154591 0.0416264 0.165009 0.576252
0 0.844351 0.149455 0.0313827 0.135124 0.573685
0 0.427975 0.143466 0.0371277 0.121549 0.546184
0 0.491825 0.477255 0.20682 0.930458 0.467726
0 0.870358 0.130649 0.0188229 0.119659 0.445992
0 0.592156 0.168822 0.0566818 0.228778 0.426131
