0 0.11321 0.668969 0.125695 0.387436 0.919405
0 0.192983 0.706743 0.118283 0.482428 0.872831
0 0.72517 0.644885 0.102276 0.45763 0.790123
0 0.585231 0.610209 0.0687477 0.316842 0.778739
0 0.812442 0.686172 0.109982 0.337039 0.776778
0 0.635637 0.659783 0.138339 0.388967 0.76918
0 0.848272 0.532416 0.058019 0.246002 0.713812
0 0.933673 0.528877 0.038919 0.184232 0.69207
0 0.304185 0.520493 0.0314434 0.163114 0.640323
0 0.38321 0.523415 0.0351333 0.154628 0.637179
0 0.330076 0.522249 0.0309199 0.16616 0.561277
0 0.464081 0.521338 0.0411074 0.178357 0.555999
0 0.182653 0.508147 0.0443397 0.15097 0.53124
0 0.259501 0.525075 0.0435473 0.189125 0.494322
0 0.814925 0.477349 0.0376438 0.133003 0.479111
0 0.780036 0.480381 0.0412009 0.172315 0.43684
0 0.0731431 0.507582 0.0323805 0.150721 0.422253
0 0.4311 0.523083 0.0395977 0.162509 0.403215
