0 0.691341 0.686278 0.0930748 0.382627 0.892957
0 0.911175 0.685214 0.0787537 0.412188 0.889205
0 0.786651 0.67601 0.0678931 0.392857 0.850773
0 0.856538 0.731462 0.0810222 0.338335 0.78103
0 0.511122 0.744607 0.0811912 0.289592 0.770268
0 0.619914 0.677668 0.0605987 0.372117 0.754474
0 0.302703 0.700597 0.0807068 0.343433 0.688329
0 0.388458 0.673233 0.0865147 0.45674 0.662554
0 0.21742 0.727748 0.0847789 0.293805 0.655663
0 0.130922 0.736009 0.07147 0.283829 0.650509
0 0.0996638 0.686175 0.0555799 0.355267 0.632749
0 0.18295 0.619033 0.0701656 0.281065 0.559699
0 0.49186 0.620363 0.0631571 0.22226 0.485015
