0 0.932363 0.651185 0.134349 0.669916
0 0.410774 0.611892 0.138473 0.626956
0 0.858741 0.565328 0.125358 0.614963
0 0.33204 0.533315 0.105051 0.492985
0 0.513318 0.672486 0.118675 0.332194
0 0.729613 0.503277 0.0654688 0.34084
0 0.554814 0.509604 0.0833235 0.325342
0 0.100759 0.418294 0.0605009 0.233787
0 0.602509 0.464847 0.0685265 0.324377
0 0.783034 0.492293 0.0649658 0.350228
0 0.193341 0.389101 0.0455374 0.141007
0 0.0364857 0.468487 0.0643793 0.20183
0 0.244583 0.473736 0.0524813 0.216488
