0 0.0775165 0.491594 0.06004 0.27549
0 0.919934 0.573691 0.109578 0.477492
0 0.434934 0.413772 0.0740008 0.118885
0 0.314875 0.425812 0.0646683 0.0916456
0 0.809388 0.540995 0.0906624 0.383241
0 0.730415 0.547135 0.0854336 0.415914
0 0.243848 0.416707 0.0606744 0.0844931
0 0.586554 0.536857 0.0650276 0.353356
0 0.195124 0.413622 0.0467151 0.08213
0 0.357057 0.427288 0.0443766 0.0858916
0 0.385236 0.434838 0.0370921 0.0753045
0 0.97815 0.548964 0.0429237 0.234181
0 0.503553 0.417671 0.0652164 0.123469
