0 0.57888 0.738449 0.128785 0.516418 0.901245
0 0.962748 0.748209 0.0735889 0.489875 0.895267
0 0.70569 0.76752 0.151933 0.455756 0.879916
0 0.0787023 0.740389 0.133862 0.415965 0.853819
0 0.859999 0.749706 0.131346 0.486874 0.844827
0 0.442855 0.652556 0.0645149 0.331377 0.837268
0 0.375227 0.696287 0.0776223 0.392057 0.817368
0 0.142908 0.626786 0.0643491 0.291862 0.797003
0 0.0417358 0.646078 0.0464203 0.284194 0.730477
0 0.281744 0.632364 0.0737823 0.338293 0.699223
0 0.512209 0.657389 0.0529518 0.331923 0.693855
0 0.241286 0.622215 0.0515378 0.282901 0.685437
0 0.197157 0.614323 0.0503282 0.239145 0.624491
0 0.644161 0.562094 0.0542794 0.158634 0.53823
0 0.328514 0.600169 0.0521162 0.247163 0.444783
