0 0.125449 0.609635 0.20112 0.76198 0.930696
0 0.402344 0.627664 0.17816 0.728521 0.915066
0 0.936744 0.524499 0.0846852 0.419827 0.874961
0 0.842491 0.464843 0.0522987 0.235266 0.822446
0 0.284951 0.634182 0.160684 0.713071 0.794028
0 0.764355 0.491515 0.0569389 0.270978 0.754976
0 0.53373 0.609723 0.0987735 0.394742 0.566612
0 0.165692 0.556812 0.085378 0.374176 0.559349
0 0.71793 0.505666 0.0530066 0.262874 0.449173
0 0.624815 0.549349 0.0709996 0.382457 0.441808
0 0.673407 0.51004 0.0499804 0.336725 0.441787
