0 0.970844 0.665469 0.0569725 0.276812 0.753626
0 0.38699 0.607982 0.0520078 0.193846 0.737473
0 0.861485 0.615409 0.0440548 0.17866 0.618271
0 0.44213 0.613443 0.038397 0.171488 0.617931
0 0.272506 0.619817 0.0499675 0.195027 0.563429
0 0.613382 0.636399 0.0407801 0.1737 0.545357
0 0.54838 0.616255 0.0341185 0.184649 0.527604
0 0.766504 0.612587 0.0430076 0.171917 0.521269
0 0.90922 0.617298 0.0468809 0.161712 0.495221
0 0.733674 0.626773 0.0519625 0.175634 0.469907
0 0.590011 0.62532 0.0360698 0.183714 0.440115
0 0.304879 0.615865 0.0360506 0.197189 0.425792
0 0.477614 0.61546 0.0419861 0.182619 0.417303
