0 0.332294 0.649688 0.0858333 0.347329
0 0.202863 0.651411 0.066473 0.343205
0 0.260478 0.630733 0.0821693 0.354691
0 0.542488 0.60532 0.0813038 0.336345
0 0.76914 0.588969 0.0650354 0.295301
0 0.943702 0.581956 0.0661886 0.256517
0 0.451388 0.609971 0.069798 0.368833
0 0.394136 0.623126 0.0700139 0.359422
0 0.684325 0.597862 0.0731764 0.298088
0 0.832131 0.575325 0.0616398 0.262464
0 0.604625 0.604447 0.0655034 0.31122
0 0.877195 0.594967 0.0551764 0.251181
0 0.658996 0.596968 0.0528706 0.282837
0 0.484654 0.606703 0.0468847 0.299329
0 0.9198 0.574145 0.0459742 0.257395
