0 0.117642 0.756697 0.0840418 0.320875 0.897677
0 0.346291 0.752752 0.0783718 0.324018 0.876055
0 0.472802 0.7455 0.0971335 0.326284 0.870223
0 0.59665 0.754845 0.106448 0.297985 0.861224
0 0.245906 0.759644 0.064468 0.312554 0.828869
0 0.426113 0.706561 0.0631348 0.257779 0.806468
0 0.804822 0.665302 0.0487922 0.152668 0.795993
0 0.730621 0.679112 0.0461023 0.196181 0.748099
0 0.671777 0.724231 0.0567671 0.232631 0.738737
0 0.545631 0.718005 0.0503457 0.234243 0.631794
0 0.871818 0.649066 0.0420513 0.117616 0.589149
