0 0.382486 0.614228 0.0988879 0.2743 0.855186
0 0.669479 0.606725 0.0815695 0.362685 0.84483
0 0.175269 0.60516 0.0866498 0.223339 0.842563
0 0.970759 0.595371 0.0575882 0.306517 0.842124
0 0.884405 0.624628 0.137673 0.36834 0.841712
0 0.52713 0.612416 0.073918 0.290712 0.837899
0 0.780518 0.615476 0.0726899 0.319671 0.833938
0 0.303651 0.611265 0.079555 0.227018 0.823748
0 0.0521453 0.588987 0.0357424 0.170004 0.693678
0 0.0164173 0.573947 0.0326213 0.184405 0.685371
0 0.714146 0.596057 0.0378213 0.209331 0.663307
0 0.082471 0.586005 0.0339745 0.161803 0.507763
0 0.616836 0.585161 0.0379193 0.147425 0.488076
0 0.106551 0.591974 0.0387003 0.150407 0.48571
0 0.565151 0.569037 0.0270092 0.126169 0.472858
