0 0.488126 0.481616 0.0865921 0.37304 0.900132
0 0.157456 0.510695 0.0816834 0.38586 0.85697
0 0.31834 0.483732 0.0962966 0.379951 0.85559
0 0.252424 0.47972 0.0636719 0.364583 0.850237
0 0.40934 0.499241 0.0840466 0.370129 0.789142
0 0.855843 0.451963 0.0370558 0.131227 0.773603
0 0.799703 0.459199 0.0292315 0.117894 0.759849
0 0.571941 0.460689 0.0233118 0.111365 0.725595
0 0.653117 0.457387 0.0245169 0.128706 0.680136
0 0.93677 0.428384 0.0264038 0.0550416 0.589744
0 0.91454 0.428619 0.0224664 0.0649813 0.588506
0 0.637396 0.46698 0.0212587 0.110516 0.562714
0 0.767735 0.455667 0.031215 0.128267 0.548643
0 0.196181 0.475241 0.057781 0.369572 0.429172
