0 0.341273 0.754574 0.0792985 0.272357 0.880907
0 0.410908 0.741212 0.0736365 0.237773 0.850778
0 0.317351 0.504316 0.0679762 0.204432 0.839341
0 0.558488 0.484207 0.0553765 0.170625 0.829811
0 0.309521 0.240733 0.0468429 0.132649 0.827611
0 0.829357 0.310658 0.0513241 0.130587 0.769149
0 0.710932 0.257912 0.0477207 0.126384 0.720686
0 0.461054 0.686725 0.0477037 0.271113 0.708609
0 0.546779 0.242705 0.0425595 0.117547 0.623573
0 0.898489 0.184516 0.0452091 0.119331 0.606802
0 0.631771 0.170501 0.0497839 0.10114 0.600137
0 0.856086 0.164452 0.0301477 0.136827 0.595804
